   1.4606221300000001e+02   1.3216763837382916e-02
   1.4707029900000001e+02   6.9646761793194650e-02
   1.4716864400000000e+02   2.1026974726746544e-03
   1.4807380599999999e+02   8.6595141100776311e-03
   1.6007787900000000e+02   1.0000000000000000e+00
   1.6058324500000001e+02   4.9559663679244512e-02
   1.6108115400000000e+02   1.0698405514620307e-01
   1.6117748499999999e+02   3.8153320661183157e-04
   1.6142841000000001e+02   1.8411815315494566e-02
   1.6184858600000001e+02   1.1442927402970560e-02
   1.6208389099999999e+02   8.0242542501399589e-03
   1.6226377400000001e+02   5.6511243853125896e-03
   1.6260657399999999e+02   5.1623295351406863e-04
   1.6267097999999999e+02   2.2050300277628022e-03
   1.6306618100000000e+02   2.9703933127242818e-03
   1.6406964199999999e+02   1.7991136345176723e-03
   1.7508785200000000e+02   7.5957038957867378e-03
   1.7607708000000000e+02   2.4557417868603940e-02
   1.7710519700000000e+02   1.0220283763312435e-01
   1.7720489900000001e+02   4.0204923659107900e-03
   1.7810864000000001e+02   1.1646788067827801e-02
   1.8708807999999999e+02   2.2344020858351926e-03
   1.9209181699999999e+02   6.6437722687055492e-03
   1.9310003000000000e+02   1.6001654571431843e-02
   2.1813280300000000e+02   8.9159807442916739e-03
   2.5012704500000001e+02   1.2407375485767272e-02
   2.6715381200000002e+02   5.2859621230993822e-03
