   8.1071804000000000e+01   2.5543666298671438e-02
   8.5102829999999997e+01   3.7204055628917865e-01
   8.6106416999999993e+01   2.9431492518608403e-02
   9.1056371999999996e+01   6.0404340796967146e-02
   9.3072455000000005e+01   3.8689563303943339e-02
   9.5088064000000003e+01   4.9888941830290479e-01
   9.5164810000000003e+01   2.0299117052537043e-02
   9.6091498000000001e+01   4.1451956911708235e-02
   1.0507265099999999e+02   2.0060207941310571e-01
   1.0607704900000000e+02   1.7545779487405686e-02
   1.0708844800000000e+02   1.0363944330136794e-01
   1.0910367900000000e+02   1.1445782142285003e-01
   1.1707273900000000e+02   1.5700790222772262e-02
   1.2110401500000000e+02   8.0564949703417085e-02
   1.2304713000000000e+02   1.4162259604901672e-01
   1.2311994199999999e+02   2.4025435458598483e-02
   1.2715116600000000e+02   1.2461430494397450e-01
   1.3108893300000000e+02   2.1139815759447764e-02
   1.3310393600000000e+02   6.4198159730314819e-01
   1.3319097800000000e+02   2.8741779473714386e-02
   1.3410740300000001e+02   6.9602886201436232e-02
   1.3706241399999999e+02   7.7868289142218758e-02
   1.4704642899999999e+02   1.3388048653400922e-01
   1.4804917399999999e+02   1.3907671103565311e-02
   1.4906201899999999e+02   1.9384467503313582e-01
   1.5006648300000001e+02   2.0579434863114532e-02
   1.5107734199999999e+02   1.9317305180957180e-02
   1.5111427900000001e+02   1.6155091183661662e-02
   1.6106230199999999e+02   7.9228774359956441e-02
   1.6307778900000000e+02   1.3343964493695162e-01
   1.6408273500000001e+02   3.0061511865065102e-02
   1.6509196600000001e+02   2.7930217142614771e-02
   1.7309899400000000e+02   2.7986543689555436e-02
   1.7507787600000000e+02   1.0057931889090076e-01
   1.7709214499999999e+02   1.6391194801553610e-02
   1.8707820300000000e+02   1.8915404754825776e-01
   1.8808354900000000e+02   4.2133087939950208e-02
   1.8909358800000001e+02   3.3900545687478606e-02
   1.9907880700000001e+02   2.0957975839544767e-02
   2.0109416700000000e+02   4.4293586881145597e-01
   2.0209790400000000e+02   7.3068487365703719e-02
   2.0310722200000001e+02   3.4191455476463579e-02
   2.1309524700000000e+02   2.4693089218058004e-02
   2.1410211000000001e+02   1.9681249125682324e-02
   2.1510972799999999e+02   5.4090314475160238e-02
   2.1611860600000000e+02   3.5364317916656125e-02
   2.1712418299999999e+02   3.2164336777979433e-02
   2.2513239899999999e+02   4.4329006926276143e-02
   2.2711027899999999e+02   2.3964929360959848e-02
   2.2811728299999999e+02   2.2285317090029715e-02
   2.2909163500000000e+02   4.2731459086040376e-02
   2.3718697000000000e+02   2.0395335774338722e-02
   2.3911077900000001e+02   1.5682153183112439e-02
   2.4112653700000001e+02   4.7939726556807082e-02
   2.4213352900000001e+02   3.7628849584276647e-02
   2.4314192399999999e+02   1.0000000000000000e+00
   2.4336526300000000e+02   1.5982088143175067e-02
   2.4414568900000000e+02   1.8301373734746029e-01
   2.4426477199999999e+02   2.8222483045388609e-02
   2.4515092700000000e+02   3.5028944948576411e-02
   2.4918868499999999e+02   5.1357327367941052e-01
   2.5019210100000001e+02   8.0979589791612211e-02
   2.5514295300000001e+02   2.6976832539070305e-02
   2.5614976799999999e+02   4.0317463428911321e-02
   2.5712249200000002e+02   4.1280935720273360e-02
   2.5913820399999997e+02   2.6146927537838430e-02
   2.6115315399999997e+02   2.5179176115009000e-01
   2.6215641599999998e+02   4.3933227151647741e-02
   2.6320441699999998e+02   1.4466858815642847e-01
   2.6420688500000000e+02   3.1587565899498120e-02
   2.6915754199999998e+02   6.4541152653632222e-02
   2.7016217599999999e+02   3.0613528694068474e-02
   2.7115766800000000e+02   2.6141050299863237e-02
   2.7318893600000001e+02   5.0742466327871116e-01
   2.7332965400000000e+02   9.3710449268444001e-03
   2.7419163300000002e+02   1.2009108165738128e-01
   2.7520397600000001e+02   1.8525097008999836e-01
   2.7620881000000003e+02   3.4764895234057708e-02
   2.7721827800000000e+02   2.6080492970339628e-02
   2.8317324000000002e+02   4.2206823754565213e-02
   2.8418089400000002e+02   1.2151682217125361e-01
   2.8518407000000002e+02   3.5141559639235397e-02
   2.8720420500000000e+02   2.6993572448511138e-01
   2.8820807200000002e+02   7.5819177067278684e-02
   2.8922028999999998e+02   1.9005861986295455e-01
   2.9022374200000002e+02   3.9729856910198022e-02
   2.9819563799999997e+02   2.1134754948598074e-02
   2.9920083399999999e+02   5.4411503908299533e-02
   3.0122013299999998e+02   4.9823433461886557e-01
   3.0220774100000000e+02   2.2485478665887920e-01
   3.0320836200000002e+02   4.9205483412279011e-02
   3.1221329500000002e+02   2.2103549645173477e-02
   3.1322045800000001e+02   3.9342739774158914e-01
   3.1422395699999998e+02   8.5671449407462186e-02
   3.1523389400000002e+02   4.7070906428213585e-02
   3.1620820600000002e+02   6.1155728809991233e-02
   3.2522154100000000e+02   2.4597779538049494e-02
   3.2622858900000000e+02   2.3223152361273744e-02
   3.2723601500000001e+02   1.2183924627350881e-01
   3.2824040100000002e+02   3.2271019881275287e-02
   3.3022274499999997e+02   2.4662420686100441e-02
   3.4122837900000002e+02   4.5030821124485441e-02
   3.4423733399999998e+02   2.8879431161730848e-02
   3.5325216200000000e+02   3.0296869847978476e-02
   3.5526501100000002e+02   2.5447768072727459e-02
   3.6726747300000000e+02   2.1265693107778153e-02
   3.6827523700000000e+02   3.4076378510234318e-02
   3.6928315300000003e+02   8.5148027079836797e-01
   3.7028665599999999e+02   2.1412415385855707e-01
   3.7128877000000000e+02   5.0751384877588589e-02
   3.8326321000000002e+02   5.9983926927753554e-02
   3.8426940400000001e+02   2.4987865621138212e-02
   3.8527541300000001e+02   2.9632013730160181e-02
   3.8628769899999998e+02   1.6466107514919906e-02
   3.8729418199999998e+02   3.2383118636229319e-01
   3.8829774099999997e+02   9.2992080025960724e-02
   3.8930472300000002e+02   1.4164263695819664e-02
   4.0130378500000000e+02   2.3742841070790929e-02
