   9.4067268999999996e+01   3.5072825914964280e-02
   9.6082659000000007e+01   6.7041016699308752e-03
   9.7054621999999995e+01   2.9649887954216140e-02
   1.0808318100000000e+02   8.6837288038378729e-03
   1.1006267500000000e+02   8.3757833598614318e-03
   1.1009872900000001e+02   3.5841054122934167e-02
   1.3809419800000001e+02   1.0000000000000000e+00
   1.3854056600000001e+02   3.7320643472060919e-02
   1.3894492199999999e+02   7.7365310957380733e-03
   1.3909746100000001e+02   7.7064217448566882e-02
   1.3932280100000000e+02   4.1921367452687130e-03
   1.4009984800000001e+02   1.5100226356333044e-02
   1.5610421500000001e+02   8.9201802212777001e-02
   1.5710841400000001e+02   9.8245686312888412e-03
   3.0416094299999997e+02   4.0056000982219303e-01
   3.0516414099999997e+02   6.7627350826144877e-02
   3.0616513300000003e+02   8.0127625944789987e-03
