   8.9039806999999996e+01   7.3099451013663552e-02
   9.0047416999999996e+01   4.9344067404372936e-02
   9.1055888999999993e+01   1.2568750865142250e-01
   9.2055953000000002e+01   1.7643238644296309e-02
   9.4042722999999995e+01   2.6528532703241511e-02
   1.0305656500000001e+02   1.1104735210136123e-01
   1.0405358300000000e+02   4.9425032867953869e-02
   1.0507206100000001e+02   2.6174741723994077e-01
   1.0607210200000000e+02   3.8996294385746914e-02
   1.0705208399999999e+02   2.6219750817570605e-02
   1.1505667900000000e+02   1.0000000000000000e+00
   1.1546658499999999e+02   7.2869631632116417e-03
   1.1550678700000000e+02   5.8954892564980895e-03
   1.1605750300000000e+02   1.5771793485641292e-01
   1.1615147000000000e+02   7.2294595109849372e-03
   1.1620977900000000e+02   4.8132014060700227e-03
   1.1705989300000000e+02   6.1441935188818297e-01
   1.1806558099999999e+02   1.0757034342078765e-01
   1.1906901100000000e+02   1.1750611546032005e-02
   1.2004747200000000e+02   1.2034153284905636e-02
   1.2008289000000001e+02   1.0366207487014074e-02
   1.2805261600000000e+02   1.3162919535123673e-02
   1.3006776600000001e+02   1.6020005300840587e-01
   1.3107427200000001e+02   1.5106113752986791e-01
   1.3208370099999999e+02   3.3022319913479214e-01
   1.3217524499999999e+02   9.2888706550782602e-03
   1.3305950000000001e+02   1.7434406196284427e-01
   1.3406278300000000e+02   3.0611803486417458e-02
   1.4005178900000001e+02   1.7251582935203961e-02
   1.4105961800000000e+02   2.5735191474684074e-02
   1.4206766600000000e+02   1.1598268777417035e-01
   1.4307491600000000e+02   1.3170228228251860e-01
   1.4404968199999999e+02   4.3480193381722876e-02
   1.4505453600000001e+02   2.3244097442469604e-02
   1.4606240900000000e+02   1.6275452470142829e-01
   1.4706648500000000e+02   2.3175737649643528e-02
   1.4807557199999999e+02   2.5970442980255144e-02
   1.5806252300000000e+02   3.4586462025128557e-02
   1.5907010399999999e+02   1.8592096263074304e-01
   1.6007813600000000e+02   3.8804108425677764e-01
   1.6108117500000000e+02   4.3628217077887180e-02
