   8.9039781000000005e+01   1.9859679573588331e-02
   9.0044985999999994e+01   1.8407302938277924e-02
   9.1054753000000005e+01   6.5578169536379002e-02
   1.0305570899999999e+02   3.9766722086350736e-02
   1.0405415900000000e+02   5.6964436866333665e-02
   1.0505864200000001e+02   6.1647490307364251e-02
   1.1505558499999999e+02   2.0898933432431754e-01
   1.1605687800000000e+02   8.3235831426637166e-02
   1.1706460800000001e+02   1.6823020547044301e-01
   1.1806708700000000e+02   5.0646336214217165e-02
   1.2705531900000000e+02   3.1105342434532925e-02
   1.2805681899999999e+02   2.5859415201218601e-02
   1.2906654300000000e+02   2.2680826338372102e-02
   1.3006654100000000e+02   6.8572083745845558e-01
   1.3015374900000000e+02   2.0907848703897908e-02
   1.3107413099999999e+02   8.8472933752857130e-01
   1.3124073899999999e+02   1.5624781802317470e-02
   1.3207743400000001e+02   1.5781174791292529e-01
   1.3305428800000001e+02   7.3653463980427492e-02
   1.4206636000000000e+02   1.0290096464341691e-01
   1.4307391600000000e+02   5.6919149635178712e-01
   1.4316612799999999e+02   2.3734775384686810e-02
   1.4407990200000000e+02   1.6484251544502565e-01
   1.4507765900000001e+02   5.0047464728210062e-02
   1.4606136300000000e+02   1.8485012658123610e-02
   1.4609514799999999e+02   1.5859789735420984e-02
   1.4707367099999999e+02   8.5345962050804830e-02
   1.4807668500000000e+02   3.4887165306494737e-02
   1.5806060800000000e+02   7.6617469383102918e-02
   1.5906863799999999e+02   1.0000000000000000e+00
   1.6007286999999999e+02   1.3630677008268588e-01
   1.6205679799999999e+02   3.5785678582800136e-02
   1.6209210400000001e+02   3.5925982148978325e-02
   1.7207783699999999e+02   2.3978664420197651e-02
   1.7308331400000000e+02   3.5067821186679948e-02
   1.7409242900000001e+02   6.6353734039400869e-01
   1.7509550899999999e+02   1.2024464905244282e-01
   1.7610548700000001e+02   1.2599737966905687e-02
   1.9008789700000000e+02   5.2216087304853012e-02
