   8.0051676000000000e+01   4.3994920254866149e-02
   8.1035222000000005e+01   3.2510103408015294e-02
   8.1067380000000000e+01   5.1600036085902551e-02
   8.2030342000000005e+01   6.7980995939988048e-02
   8.2066660999999996e+01   1.0181346094176501e-01
   8.3050450999999995e+01   5.4912533505384269e-02
   8.4082240999999996e+01   4.1691203226322943e-02
   9.1055873000000005e+01   8.8830906245091060e-02
   9.2052775999999994e+01   3.0334020094626473e-02
   9.3065098000000006e+01   1.1342118619599659e-01
   9.4067134999999993e+01   3.7416048832093596e-01
   9.5073986000000005e+01   1.1421284098185426e-01
   9.6046475999999998e+01   9.3984383870690816e-02
   9.6082552000000007e+01   8.2232172750131852e-02
   9.7054743999999999e+01   4.2527069114929983e-01
   9.7130426999999997e+01   1.3606529441238028e-02
   9.8062331999999998e+01   3.8972618621713179e-01
   9.8144637000000003e+01   1.2499007364899322e-02
   9.9065436000000005e+01   2.6443256553195679e-02
   1.0204878300000000e+02   1.9669393307384986e-02
   1.0305648100000001e+02   1.0000000000000000e+00
   1.0405989800000000e+02   9.6230755068031471e-02
   1.0606690600000000e+02   2.4470107073372979e-02
   1.0707488600000001e+02   5.6980551932727032e-02
   1.0808294800000000e+02   1.6805100194064090e-01
   1.0908856500000000e+02   3.5968344193652545e-02
   1.1006235300000000e+02   1.0857550398098095e-01
   1.1009867400000000e+02   4.2810515678035205e-01
   1.1110194700000000e+02   3.5117389271158518e-02
   1.2008296600000000e+02   6.9111264436906711e-02
   1.2106773900000000e+02   3.2551521910254561e-01
   1.2206904400000001e+02   4.4402911236690712e-02
   1.2307080999999999e+02   1.8877549001158764e-02
   1.3809361500000000e+02   9.2757661292192839e-01
   1.3909663599999999e+02   8.6252942773124633e-02
   1.5610453799999999e+02   1.8481245613163269e-01
   1.5710817200000000e+02   1.8204876676064276e-02
