   9.0861744999999999e+01   1.0244714494795969e-03
   9.0900450000000006e+01   2.8289018345114110e-04
   9.1056773000000007e+01   1.0000000000000000e+00
   9.1435284999999993e+01   4.6563918117592751e-02
   9.1755842999999999e+01   3.8496529734991562e-02
   9.2060395999999997e+01   9.6105667897696728e-02
   9.2386501999999993e+01   2.7436361615044536e-02
   9.2707577000000001e+01   2.2987184314039767e-02
   9.3062815999999998e+01   6.9933159321009380e-03
   9.3330950999999999e+01   8.7678543701525148e-03
   9.3646530999999996e+01   4.0429937934874120e-03
   9.3929157000000004e+01   5.7244998173774388e-04
   9.3993708999999996e+01   1.1521186905706401e-03
   9.4261229999999998e+01   2.4326500698288759e-03
   9.4289698000000001e+01   1.8824755086997418e-03
   1.0305766500000000e+02   3.2515618810496686e-03
   1.0507331900000000e+02   7.1449479952757661e-02
   1.0515240600000000e+02   2.4131206109674281e-03
   1.0607719000000000e+02   6.2199675634016932e-03
   1.0705317400000000e+02   2.2844937388491688e-03
   1.3310528600000001e+02   2.6490452001551486e-02
   1.3410770099999999e+02   3.7091677193087130e-03
