   8.1071485999999993e+01   1.0214171651004812e-01
   8.2074946999999995e+01   8.7488286892435738e-03
   8.3050928999999996e+01   1.3201217769332394e-02
   9.1056067999999996e+01   1.6561497004377417e-02
   9.3072091999999998e+01   2.7613503804241192e-02
   9.5088087999999999e+01   3.9693200211683731e-02
   9.7067363999999998e+01   4.2743601441845763e-01
   9.7454870999999997e+01   5.1444609906212777e-03
   9.8070822000000007e+01   3.4198398050914784e-02
   9.9083230999999998e+01   1.4680437023088425e-01
   1.0008691000000000e+02   1.1508130230106864e-02
   1.0507257799999999e+02   3.3976354534109354e-02
   1.0705172300000000e+02   2.8940705034181660e-03
   1.0708815900000000e+02   2.4421381105882541e-02
   1.0906725500000000e+02   1.7372767322152438e-01
   1.0910270900000000e+02   2.5588212090472920e-02
   1.1007091400000000e+02   1.7664312621938884e-02
   1.1108224000000000e+02   6.6428453671122855e-03
   1.1707350500000000e+02   7.3482366142190144e-03
   1.1908836200000000e+02   3.0316614096987361e-02
   1.2009166900000000e+02   4.0791070265209792e-03
   1.2106798999999999e+02   1.6012914276785993e-02
   1.2110425100000000e+02   3.1168775298648439e-02
   1.2308340400000000e+02   4.3289098349115721e-02
   1.2409034500000000e+02   1.2811962375065482e-02
   1.2907249800000000e+02   8.0937376840699987e-03
   1.3108851200000001e+02   2.4551772552614821e-02
   1.3310401400000001e+02   3.4010307502754467e-02
   1.3410706600000000e+02   4.7571995710963683e-03
   1.3508326299999999e+02   6.6316985860498650e-03
   1.3511958899999999e+02   2.6907764700024556e-02
   1.3709839199999999e+02   1.0629979077613892e-02
   1.4308799500000001e+02   2.1324932414209883e-02
   1.4510351700000001e+02   5.9756189584266685e-02
   1.4610777500000000e+02   1.1302773800188777e-02
   1.4711917399999999e+02   8.0419503700926862e-02
   1.4812293099999999e+02   9.3962001246606659e-03
   1.4909884000000000e+02   1.4101983482657376e-02
   1.4913432499999999e+02   2.4662439185079394e-02
   1.5508847100000000e+02   6.7648773894122263e-03
   1.5710347400000001e+02   3.5052331190163342e-02
   1.5810813200000001e+02   7.2439978922715243e-03
   1.5911904600000000e+02   4.2328964571841876e-02
   1.6012253999999999e+02   6.3208325677494587e-03
   1.6113459399999999e+02   4.0321124795462002e-02
   1.6213916699999999e+02   7.5213897945296771e-03
   1.6315035200000000e+02   4.5107125359521875e-02
   1.6415550600000000e+02   4.9015909952816522e-03
   1.6910413900000000e+02   9.3201397735629913e-03
   1.7111956900000001e+02   4.6627989411457460e-02
   1.7212290500000000e+02   8.9541280563876311e-03
   1.7313480700000000e+02   3.2936585535026597e-02
   1.7413905900000000e+02   6.3720148679786261e-03
   1.7515067999999999e+02   1.1187398377939294e-01
   1.7615466499999999e+02   1.8292170393483038e-02
   1.7713071800000000e+02   1.6866876623208321e-02
   1.8311966100000001e+02   1.9542339672285188e-02
   1.8513518500000001e+02   2.0472196101540305e-02
   1.8715078600000001e+02   2.8050350071250615e-02
   1.8815539799999999e+02   5.0904303975761317e-03
   1.8916629100000000e+02   4.2799570079213749e-02
   1.9017035600000000e+02   5.0426465712333406e-03
   1.9713560600000000e+02   3.6760142870035692e-02
   1.9814058499999999e+02   7.2349187137418607e-03
   1.9915084300000001e+02   7.7006381098299022e-03
   2.0116661099999999e+02   1.9279753062773193e-02
   2.1115179699999999e+02   2.4823573802935036e-02
   2.1215528699999999e+02   4.3583487137039169e-03
   2.1316761099999999e+02   2.0649182723407836e-02
   2.1417079200000001e+02   4.0007606289436341e-03
   2.1514768400000000e+02   8.5080049844301134e-03
   2.2516783599999999e+02   1.8344870189346284e-02
   2.2617380499999999e+02   4.2549045933571754e-03
   2.2718334899999999e+02   1.3870711949410822e-02
   2.2919799800000001e+02   1.2080247701088681e-02
   2.3716829700000000e+02   5.2425839908071762e-03
   2.4321425099999999e+02   8.7820564233256331e-03
   2.5319947199999999e+02   1.7118916256079139e-01
   2.5420315600000001e+02   3.4406614649364821e-02
   2.5518037500000000e+02   1.7494739487877022e-02
   2.6919577399999997e+02   6.1984213219447573e-03
   2.7121050100000002e+02   1.4542087922806302e-01
   2.7221366100000000e+02   2.8642717212049945e-02
   2.7320624800000002e+02   6.6207835833607554e-03
   2.8720809400000002e+02   4.2006715692146169e-03
   2.8922170399999999e+02   3.8056495209432627e-02
   2.9022436900000002e+02   8.9176133285093599e-03
   3.5127601499999997e+02   4.9884140086036855e-03
   3.8528366599999998e+02   9.9377751743909594e-03
   3.8628814799999998e+02   2.4044784755085449e-02
   3.8729524900000001e+02   1.0000000000000000e+00
   3.8829863999999998e+02   2.7133207232169887e-01
   3.8868934600000000e+02   2.4368888512830481e-02
   3.8930195800000001e+02   5.2822194994334999e-02
   3.8948294099999998e+02   3.7039194438626185e-03
   3.9006632999999999e+02   8.9600120492237239e-03
   3.9030433599999998e+02   5.5284620522375646e-03
   3.9071873099999999e+02   8.4104045899186120e-03
