   8.0050815000000000e+01   1.8831297722266591e-02
   8.1067848999999995e+01   1.7498899307779467e-02
   8.2066373999999996e+01   6.4776129693195561e-01
   8.2456198999999998e+01   1.6139156832822275e-02
   8.2733463999999998e+01   2.4940710001504333e-02
   8.3071682999999993e+01   8.2066932205141011e-02
   8.4045377000000002e+01   3.5268901528542019e-03
   8.4077680999999998e+01   3.7833795996970363e-03
   9.1055711000000002e+01   1.9931230490903806e-01
   9.2059006999999994e+01   1.8307506519361985e-02
   9.3035568999999995e+01   4.8804592393483927e-02
   9.3071681999999996e+01   6.4153409785114218e-02
   9.4067234999999997e+01   7.0483598314329862e-02
   9.5073065000000000e+01   1.0513476260340875e-02
   9.6083015000000003e+01   5.9036790017386612e-02
   9.7067429000000004e+01   1.9797036619279937e-02
   1.0503594800000000e+02   2.9558511976653151e-01
   1.0603938200000000e+02   2.9330871981486248e-02
   1.0707498800000000e+02   3.1263521785891153e-02
   1.0808313200000001e+02   1.8124576604983267e-01
   1.0908610100000000e+02   2.3702259218769464e-02
   1.1409367500000000e+02   6.2829786764058851e-03
   1.1705866700000000e+02   6.4795906215908234e-03
   1.1804360500000000e+02   2.7323615794862331e-02
   1.1905160500000000e+02   1.7886572984613511e-01
   1.2005512800000000e+02   2.2455908700479695e-02
   1.2106712300000000e+02   9.4420927882813317e-03
   1.2209887500000001e+02   1.4164996828615078e-01
   1.2218277600000000e+02   6.1428251291633261e-03
   1.2310169000000000e+02   1.5753795402210408e-02
   1.2506257900000000e+02   1.7678914624753801e-02
   1.3208331000000001e+02   2.0611362850383886e-02
   1.3306834200000000e+02   1.7232865929041562e-02
   1.3506997799999999e+02   1.2359982853568357e-02
   1.5009364600000001e+02   2.2395316973686508e-01
   1.5108993500000000e+02   3.9927848536059497e-02
   1.5207812600000000e+02   6.2085011168576034e-03
   1.5408829399999999e+02   4.1265218289840380e-02
   1.8212085900000000e+02   1.0000000000000000e+00
   1.8265530300000000e+02   4.3124409371988012e-02
   1.8312424700000000e+02   1.4547642124614962e-01
   1.8357093699999999e+02   1.7765168516506957e-02
   1.8398490500000000e+02   3.8496989850634426e-03
   1.8412599100000000e+02   7.2219350297590985e-03
   1.8445839300000000e+02   4.1492089524941380e-03
   3.0416463599999997e+02   1.2221800267319907e-02
