   1.0507298100000000e+02   1.4040294531557439e-02
   1.0607671400000000e+02   1.2437193043939698e-03
   1.3306804399999999e+02   3.1485686623654571e-02
   1.3407129200000000e+02   3.2813980678400279e-03
   1.3504737100000000e+02   3.7260686074519149e-02
   1.3605307999999999e+02   6.0367645312426081e-03
   1.3706077500000001e+02   1.3666003619736149e-03
   1.4906265800000000e+02   1.7957420934379242e-02
   1.5006594999999999e+02   1.9567495767880937e-03
   1.6232557299999999e+02   3.4920829125619461e-04
   1.6239562000000001e+02   3.0391216688101989e-04
   1.6241250500000001e+02   1.9268050713269893e-04
   1.6307828200000000e+02   1.0000000000000000e+00
   1.6358624599999999e+02   3.7311353098656748e-02
   1.6408178100000001e+02   1.0380026073207882e-01
   1.6443392900000001e+02   2.8207690246195068e-02
   1.6485698600000001e+02   1.8631881169143990e-02
   1.6508480700000001e+02   8.4207941046953016e-03
   1.6527069599999999e+02   1.4540622758949550e-02
   1.6569113700000000e+02   1.5967381185176831e-02
   1.6609077800000000e+02   1.4603678765295164e-02
   1.6652743599999999e+02   8.8112635773770556e-03
   1.6695712200000000e+02   2.8054924153454691e-03
   1.6737330000000000e+02   6.3409667731543617e-03
   1.6772857900000000e+02   8.9650789142443497e-04
   1.6778720899999999e+02   3.9017209934342910e-03
   1.7808985400000000e+02   1.4419184180178809e-02
   1.7908979800000000e+02   2.2199479294428216e-03
   1.8010533200000000e+02   2.5947992328536268e-01
   1.8064513400000001e+02   1.2517338313516403e-02
   1.8110862100000000e+02   3.9553905438504379e-02
   1.8153597800000000e+02   5.4787006399983742e-03
   1.8200041899999999e+02   3.2982638384514602e-03
   1.8211019400000001e+02   3.0346023134028514e-03
   1.8241170399999999e+02   2.9966624454104683e-03
   1.9210580300000001e+02   3.5571962865292728e-03
   2.0612199300000000e+02   6.7693089256318315e-03
   2.2013810400000000e+02   6.9735287234291343e-02
   2.2114143500000000e+02   1.0960179753186560e-02
   2.2214526300000000e+02   1.4481328077698091e-03
   2.3415383199999999e+02   2.8407646498926860e-02
   2.3515374299999999e+02   8.4054707675155979e-03
   2.3615333400000000e+02   1.7000600099517894e-03
   2.4816857400000001e+02   3.1776720446272835e-03
   2.6416498899999999e+02   1.1220725396558163e-03
   3.4017031800000001e+02   1.6022402788692513e-03
   3.4218100600000002e+02   2.8552189902222216e-03
