   8.6063417999999999e+01   2.3402996585745956e-03
   9.1057327999999998e+01   1.7320694191745159e-02
   1.0305818499999999e+02   1.9331811014405575e-03
   1.0507440900000000e+02   2.5208002371635012e-03
   1.1505823200000000e+02   6.1247719909521547e-03
   1.1605718700000000e+02   1.5848088064670158e-03
   1.1706133199999999e+02   2.6708536992190179e-02
   1.1806556700000000e+02   3.3153194292558806e-03
   1.1905345699999999e+02   2.8877692859664055e-02
   1.2005706700000000e+02   3.1107938645917096e-03
   1.2613227400000000e+02   1.5670702884228100e-03
   1.3006905200000000e+02   2.1316800679689906e-03
   1.3107682800000001e+02   6.3068633259115974e-03
   1.3208512500000001e+02   3.3182233619114077e-01
   1.3253508900000000e+02   1.0172059165588688e-02
   1.3292803300000000e+02   7.7058925440526898e-03
   1.3308838200000000e+02   3.0455756046495922e-02
   1.3328510800000001e+02   2.9232279929559757e-03
   1.3367147600000001e+02   1.3449519980498186e-03
   1.3409384100000000e+02   2.4621494748830347e-03
   1.3504864200000000e+02   4.2939577709121260e-03
   1.4107322099999999e+02   2.2388204567887816e-03
   1.4206921800000001e+02   3.3496379365817513e-03
   1.4505658199999999e+02   2.1518722711709850e-03
   1.4704829500000000e+02   9.1378623690392430e-02
   1.4721442099999999e+02   2.2956638783991081e-03
   1.4805178000000001e+02   1.0687190551390773e-02
   1.4906373300000001e+02   3.9366642625541723e-02
   1.4915344500000000e+02   8.0363561303077428e-04
   1.5006737400000000e+02   3.2823680779459491e-03
   1.5907313400000001e+02   2.1077229466703001e-03
   1.5967619800000000e+02   6.1065633543118305e-04
   1.5973007999999999e+02   9.7717054862258863e-04
   1.5985547500000001e+02   2.3005352243833967e-03
   1.6007980100000000e+02   1.0000000000000000e+00
   1.6058484799999999e+02   4.6625041726312745e-02
   1.6108315300000001e+02   1.2627774196821759e-01
   1.6141879200000000e+02   3.0281326513318177e-02
   1.6184327700000000e+02   2.2198722807494787e-02
   1.6208620099999999e+02   9.0803637551717872e-03
   1.6225365400000001e+02   1.7005049773396789e-02
   1.6266809100000000e+02   7.7511553002354867e-03
   1.6308842000000001e+02   1.0727846790845451e-02
   1.6351311600000000e+02   4.5476012162771169e-03
   1.6395278500000001e+02   2.0166530908122611e-03
   1.6433627200000001e+02   1.9587745727393199e-03
   1.7406031700000000e+02   1.9223762970597379e-03
   1.7506776600000001e+02   2.9981329966556690e-02
   1.7607216299999999e+02   5.1477287642641735e-03
   1.7706012000000001e+02   1.4952520883845919e-02
   1.7806280799999999e+02   2.1502150354571889e-03
   1.9009146799999999e+02   1.4267155482380123e-01
   1.9109474100000000e+02   2.3020623112042990e-02
   1.9210241800000000e+02   4.4123585142032302e-03
   2.0608790200000001e+02   7.7803777301939494e-03
   2.0709407600000000e+02   3.8982039876226710e-03
   2.0810296700000001e+02   2.5661881062503982e-02
   2.0910697700000000e+02   3.7680291668961514e-03
   2.1111844400000001e+02   2.0084974801377964e-03
   2.1710491900000000e+02   1.3760627337691229e-03
   2.3111995200000001e+02   1.0014845578495517e-02
   2.3212341000000001e+02   1.6755522027422269e-03
   2.8219322299999999e+02   2.2611909718866425e-03
   3.8415759600000001e+02   3.9004973640464542e-03
   3.9414111800000001e+02   1.6881558880676396e-03
