   8.0060244999999995e+01   7.3873352325568116e-03
   8.9040491000000003e+01   7.0663088582226929e-03
   9.1056927999999999e+01   1.3592398954194463e-02
   9.3037464999999997e+01   6.4685031414348200e-03
   1.0305764800000000e+02   1.2049414409775538e-01
   1.0406301999999999e+02   2.0662431981720592e-02
   1.0503704100000000e+02   1.2181148287235287e-01
   1.0507335200000000e+02   3.4748884470068464e-01
   1.0547026700000001e+02   2.7877300002892152e-03
   1.0604064200000001e+02   7.2814078046011472e-03
   1.0607671800000000e+02   2.7424954921154533e-02
   1.0705244200000000e+02   9.3219233587699141e-03
   1.1505774900000000e+02   3.9289017120427573e-02
   1.1804545600000000e+02   9.6314560582996690e-03
   1.2103273400000000e+02   1.0414700724789099e-02
   1.2203962900000001e+02   8.7069702240923762e-03
   1.3105200199999999e+02   5.7737416144308306e-03
   1.3306914699999999e+02   1.0690103857866046e-01
   1.3407249400000001e+02   1.1068855530671436e-02
   1.3504827299999999e+02   1.0000000000000000e+00
   1.3554963699999999e+02   2.9567377056042975e-02
   1.3589154400000001e+02   2.7890835723918435e-02
   1.3605171000000001e+02   8.0163606288284603e-02
   1.3624203800000001e+02   1.9268106054218130e-02
   1.3632555300000001e+02   7.4410293147963652e-03
   1.3668417299999999e+02   4.1512183078376633e-03
   1.3705364200000000e+02   1.1793699701417732e-02
   1.4305341300000001e+02   8.4126561052657450e-03
   1.4604017500000000e+02   6.0139326579004646e-03
   1.4704692100000000e+02   8.5084629627612540e-03
   1.4805506199999999e+02   5.7172716897063132e-03
   1.6106445800000000e+02   1.2055420168367121e-02
   1.6308019100000001e+02   4.1826112753379933e-02
   1.6408469199999999e+02   5.4673315804618866e-03
   1.9107781600000001e+02   8.8487402105926118e-03
