   1.3306855200000001e+02   2.5148304366159176e-02
   1.3504750999999999e+02   7.3870917363221600e-01
   1.3605096399999999e+02   6.9292740232868383e-02
   1.6207042000000001e+02   4.4503312635698532e-02
   1.6307840600000000e+02   8.9340159995282398e-01
   1.6408174700000001e+02   9.7771671688411679e-02
   1.9107417400000000e+02   1.0000000000000000e+00
   1.9164384999999999e+02   2.7782771179767057e-02
   1.9207746299999999e+02   1.3130832964867009e-01
   1.9307911200000001e+02   2.1889760424558178e-02
   2.0709314699999999e+02   1.0225918683484586e-01
   2.0810090199999999e+02   9.9675745447233244e-01
   2.0867671999999999e+02   2.0325857493920695e-02
   2.0910434400000000e+02   1.3877984501052912e-01
   2.0920544400000000e+02   9.5280803130129172e-03
   2.1010866500000000e+02   2.7506637272666438e-02
