   1.0305762900000001e+02   1.0272169812430867e-02
   1.0406369400000000e+02   2.5840490486220610e-03
   1.0503699700000000e+02   9.4170986172071730e-03
   1.0507331499999999e+02   1.1796105535584005e-01
   1.0521593400000000e+02   1.4230134249017439e-03
   1.0607658600000001e+02   9.1360072022604773e-03
   1.1505770200000001e+02   4.7380611666294030e-03
   1.2103219700000000e+02   1.8462779250311831e-03
   1.2204004200000000e+02   3.4534722132333905e-03
   1.2304844600000000e+02   3.2381857334494364e-03
   1.3306854300000001e+02   1.2518053139929630e-01
   1.3407211300000000e+02   1.2097092987338494e-02
   1.3504781299999999e+02   1.0000000000000000e+00
   1.3550769700000001e+02   3.8268479111753073e-02
   1.3589623100000000e+02   2.4431631036572449e-02
   1.3605127400000001e+02   8.0930755847561833e-02
   1.3625936300000001e+02   2.3222842969687699e-02
   1.3665343700000000e+02   2.0100392277923561e-02
   1.3705417299999999e+02   1.6498190304270313e-02
   1.3740643299999999e+02   1.3863103808012284e-02
   1.3780712399999999e+02   8.5079412919794768e-03
   1.3816059799999999e+02   3.8161690306476662e-03
   1.3857382200000001e+02   2.8663238980019298e-03
   1.3859284000000000e+02   1.9309006245440208e-03
   1.3892161899999999e+02   1.0611622167047139e-03
   1.3896652700000001e+02   1.1977260625779574e-03
   1.4305285000000001e+02   5.7857651399708171e-03
   1.4506807000000001e+02   3.6822825348309051e-03
   1.5104076300000000e+02   2.0012493307406272e-03
   1.6106314100000000e+02   1.3838184508925419e-02
   1.6206918800000000e+02   5.9882774918512153e-03
   1.6307894999999999e+02   4.3989003150667194e-01
   1.6358243800000000e+02   9.7753570204572732e-03
   1.6408245800000000e+02   4.3501515846738129e-02
   1.6417862700000001e+02   3.7227958935421619e-04
   1.6443325200000001e+02   4.8378351445011883e-03
   1.6486001400000001e+02   2.3675739789014143e-03
   1.6490008000000000e+02   1.2942078910828175e-03
   1.6508669699999999e+02   4.0259444647101740e-03
   1.6525605200000001e+02   2.2055911472429455e-03
   1.6608528000000001e+02   1.1480415448271396e-03
   1.7306313100000000e+02   4.2291675332717521e-03
   1.7504406599999999e+02   3.4087043212091971e-03
   1.9107501300000001e+02   1.7042327277026309e-01
   1.9157569699999999e+02   1.3393461262384975e-03
   1.9161837700000001e+02   2.5522638249864675e-03
   1.9207886300000001e+02   2.5849798523510860e-02
   1.9307984800000000e+02   3.6158381480784164e-03
   2.0810284799999999e+02   3.5262592096708713e-02
   2.0910613900000001e+02   6.1008041224906448e-03
