   8.0051112000000003e+01   2.1439512162550568e-02
   8.1070188000000002e+01   2.2419932029374198e-02
   8.2066615999999996e+01   7.4523215874907145e-01
   8.2410016999999996e+01   2.9560954659954345e-02
   8.2725160000000002e+01   1.5791349232410837e-02
   8.3072011000000003e+01   9.0628606715812104e-02
   8.4045871000000005e+01   3.6804422564212609e-03
   8.4077173999999999e+01   3.3690589213068779e-03
   9.0048969000000000e+01   4.2900144534708338e-03
   9.1055993000000001e+01   2.7224964366862781e-01
   9.2059259999999995e+01   2.4875856508251307e-02
   9.3035704999999993e+01   6.4213548293775999e-02
   9.3071847000000005e+01   8.1152989574874254e-02
   9.4067447999999999e+01   9.1308722543171711e-02
   9.5073407000000003e+01   1.6737108264604283e-02
   9.6083206000000004e+01   7.2939538193277212e-02
   9.7067683000000002e+01   2.4001043670329573e-02
   1.0503623300000000e+02   4.0176970392262140e-01
   1.0603982100000000e+02   4.1507832364427864e-02
   1.0707533900000000e+02   3.9930557808907932e-02
   1.0808345900000000e+02   2.1044955569659740e-01
   1.0908609600000000e+02   2.8730343042289622e-02
   1.1409361400000000e+02   7.7878934917847455e-03
   1.1705984599999999e+02   9.2477347513661816e-03
   1.1804409500000000e+02   3.7915592087985873e-02
   1.1905188000000000e+02   2.3391387382120829e-01
   1.2005535900000000e+02   3.4470883298267564e-02
   1.2106771800000000e+02   1.1998243143715715e-02
   1.2209921100000000e+02   1.8470841187618373e-01
   1.2310210800000000e+02   2.2443455430276375e-02
   1.2506280300000000e+02   2.1043787431788318e-02
   1.3208361500000001e+02   2.3713081886032140e-02
   1.3306846100000001e+02   2.2541888198245399e-02
   1.3507020399999999e+02   1.5925757739454201e-02
   1.3607847300000000e+02   5.7994151523057102e-03
   1.5009401800000001e+02   2.5903017594319561e-01
   1.5109150099999999e+02   4.5456571013480745e-02
   1.5208247200000000e+02   7.8539245033935855e-03
   1.5408869100000001e+02   5.4662698145242224e-02
   1.5509316899999999e+02   5.1676400427855731e-03
   1.6410927300000000e+02   5.4315131051368790e-03
   1.8212114199999999e+02   1.0000000000000000e+00
   1.8265554700000001e+02   3.2075191159994076e-02
   1.8312445600000001e+02   1.4697573286850099e-01
   1.8355756400000001e+02   2.7570938056532969e-02
   1.8404260500000001e+02   1.7758724151163963e-02
   1.8412626399999999e+02   1.4071614382978759e-02
   1.8443803100000000e+02   9.2349230536046926e-03
   1.8448900699999999e+02   5.8965003887303247e-03
   3.0416513200000003e+02   1.2439402039164922e-02
