   8.2066350999999997e+01   2.6299566000773742e-02
   8.3070001000000005e+01   2.2352467123007975e-03
   8.4081940000000003e+01   1.0000000000000000e+00
   8.4446228000000005e+01   3.1947620502828816e-02
   8.4755179999999996e+01   4.0520589151011907e-02
   8.5085187000000005e+01   6.6780616990577427e-02
   8.5357910000000004e+01   1.2183159676979506e-02
   8.5657490999999993e+01   7.2917508902321524e-03
   8.5979843000000002e+01   2.4479679296236958e-03
   8.6253207000000003e+01   6.6459613558415270e-03
   9.1055618999999993e+01   9.0223983272682672e-03
   9.3058396999999999e+01   3.0425927372298455e-03
   9.4066951000000003e+01   1.8227522562745982e-01
   9.5070239000000001e+01   1.3135136229468054e-02
   1.0606762600000000e+02   4.4247214337844003e-03
   1.1211387000000001e+02   5.9274518917925229e-03
   1.1705917500000000e+02   3.4483088511648064e-03
   1.2008301400000001e+02   1.3026111577537733e-02
   1.3208324400000001e+02   2.3752870774270851e-02
   1.4609879200000000e+02   5.5047468083052010e-03
   1.5009365099999999e+02   8.8593553854058635e-02
   1.5109671299999999e+02   1.0621655391235720e-02
   1.5809946900000000e+02   2.1844489082974085e-03
   1.7413049100000001e+02   7.1653841337902448e-03
   1.7714224100000001e+02   7.8227707049400418e-03
   2.3316957900000000e+02   5.4275303936933495e-03
