   8.1058761000000004e+01   2.1434908987463812e-03
   8.2066457000000000e+01   8.0390225112779906e-02
   8.3071755999999993e+01   9.6925299756140688e-03
   9.1055724999999995e+01   2.4032515142926661e-02
   9.3035728000000006e+01   5.6729329115410218e-03
   9.3071574999999996e+01   1.0049778458738466e-02
   9.4067666000000003e+01   7.4820325910660212e-03
   9.6082997000000006e+01   6.6657717640275296e-03
   1.0503599199999999e+02   2.6404064923224294e-02
   1.0507053800000000e+02   2.4406604828364846e-03
   1.0705188000000000e+02   3.9913227942411627e-03
   1.0808306100000000e+02   2.7723591824216211e-02
   1.0908547000000000e+02   3.4431694170508928e-03
   1.1804391200000001e+02   5.0558436172148617e-03
   1.1905152200000001e+02   2.9103928627020229e-02
   1.2005501200000000e+02   2.4204945816149481e-03
   1.2106745600000001e+02   2.2568433298776965e-03
   1.2209887500000001e+02   2.1050189039572242e-02
   1.2310192900000000e+02   2.6001144196372435e-03
   1.3208328599999999e+02   3.6293831175310412e-03
   1.3306740099999999e+02   4.7714115432539806e-03
   1.5009305599999999e+02   6.5298716222358416e-02
   1.5018132700000001e+02   3.3488909962694213e-03
   1.5108834300000001e+02   1.3045959735627633e-02
   1.5408758499999999e+02   5.7739630902490062e-03
   1.6810263300000000e+02   2.4305079849877473e-03
   1.8193096299999999e+02   4.1727795836586884e-04
   1.8197300100000001e+02   4.2646070873067905e-04
   1.8211973100000000e+02   1.0000000000000000e+00
   1.8265805200000000e+02   4.5940530530141639e-02
   1.8312310800000000e+02   1.4462725895754625e-01
   1.8355160900000001e+02   3.2972707257790702e-02
   1.8412455600000001e+02   1.3915730198386529e-02
   1.8444656100000000e+02   1.9979834611400772e-02
   1.8489786200000000e+02   8.2752964367205136e-03
   1.8533008799999999e+02   5.4624183068736395e-03
   1.8579959299999999e+02   8.9812579204466385e-03
   1.8620778500000000e+02   2.8904758581111347e-03
   1.8626078999999999e+02   2.6466964685902743e-03
   1.8665757600000001e+02   3.4792270150330599e-04
   1.8669935899999999e+02   2.6704982807609093e-04
   2.7213149600000003e+02   7.2146156028023174e-03
   3.0415997099999998e+02   1.9536093286872003e-01
   3.0516329600000000e+02   3.7963772690964202e-02
   3.0542448200000001e+02   5.3076064341687811e-03
   3.0616712899999999e+02   6.2089297785824877e-03
