   8.0051202000000004e+01   2.2932735211212467e-02
   8.1070329999999998e+01   2.4996655965757088e-02
   8.2066507999999999e+01   8.7510918397082049e-01
   8.2435716999999997e+01   2.4122608666431768e-02
   8.2731117999999995e+01   2.9674021910764854e-02
   8.3072182999999995e+01   1.2679415593313237e-01
   8.3283338000000001e+01   2.9311275757219852e-03
   8.3317487999999997e+01   8.5896821046862158e-03
   8.3625671999999994e+01   2.2239866760625873e-03
   8.3654641999999996e+01   2.6530018008847824e-03
   8.4045759000000004e+01   5.8565627308199246e-03
   8.4078072000000006e+01   5.7229063278915297e-03
   8.5067053000000001e+01   3.4985938743817614e-03
   9.0047844999999995e+01   5.8940642576570225e-03
   9.1055909000000000e+01   4.5407376776416242e-01
   9.1418299000000005e+01   7.0242582899424505e-03
   9.1739044000000007e+01   4.5293312584008668e-03
   9.1778768999999997e+01   6.1409926398621932e-03
   9.2059324000000004e+01   3.9591734199846011e-02
   9.3035605000000004e+01   1.0142817116235368e-01
   9.3071603999999994e+01   1.1638646106565399e-01
   9.4067358999999996e+01   1.6860029329627166e-01
   9.5073113000000006e+01   2.5867389669707291e-02
   9.6047381000000001e+01   3.9157825366375656e-03
   9.6083053000000007e+01   1.1444325092327970e-01
   9.6154730000000001e+01   3.6511144605828080e-03
   9.7067335000000000e+01   3.8932512397395244e-02
   9.8068222000000006e+01   3.7665848960576286e-03
   1.0007813800000000e+02   6.2174002074932462e-03
   1.0503604799999999e+02   6.5025775571258926e-01
   1.0545345600000000e+02   8.5797660220021145e-03
   1.0581415900000000e+02   9.6156426548695672e-03
   1.0603953600000000e+02   5.2967706899476698e-02
   1.0646730800000000e+02   3.7167207454097016e-03
   1.0676614700000000e+02   3.6103335551814588e-03
   1.0679502599999999e+02   3.8878476164376412e-03
   1.0683599599999999e+02   2.6974529877722532e-03
   1.0707534500000000e+02   5.4280288409087940e-02
   1.0750840599999999e+02   1.4623275130825144e-03
   1.0808316700000000e+02   2.5843520524214070e-01
   1.0846286800000000e+02   3.1548620561406256e-03
   1.0853950000000000e+02   8.2330935416095733e-04
   1.0885122699999999e+02   3.7993778269323620e-03
   1.0908594800000000e+02   4.1271636599720732e-02
   1.1006677700000000e+02   3.2607080348171060e-03
   1.1409367899999999e+02   1.2465907163084471e-02
   1.1705968700000000e+02   1.9204815846481097e-02
   1.1804384200000000e+02   6.2496925178457244e-02
   1.1905164600000001e+02   3.6188660844458365e-01
   1.1949695400000000e+02   2.1321970859596237e-03
   1.1952096500000000e+02   1.1493475772879720e-03
   1.1983789100000000e+02   2.5565850461313601e-03
   1.2005511300000001e+02   4.2156742558300382e-02
   1.2018182400000001e+02   2.4429801380678332e-03
   1.2106700200000000e+02   2.0086130048676088e-02
   1.2206296700000000e+02   2.0942830064335956e-02
   1.2209901300000000e+02   2.8227156168030382e-01
   1.2310207100000000e+02   3.5265139040050117e-02
   1.2408172399999999e+02   3.1729583447519870e-03
   1.2506264100000000e+02   3.3239700374531833e-02
   1.2807318100000001e+02   4.0985730793824792e-03
   1.3006878699999999e+02   3.7247239948322436e-03
   1.3208335299999999e+02   3.9851149786634302e-02
   1.3306837100000001e+02   2.6956912402615198e-02
   1.3406631300000001e+02   6.5103282438763394e-03
   1.3507029199999999e+02   3.4046336295658307e-02
   1.3607663199999999e+02   6.0451575121690223e-03
   1.4807753299999999e+02   3.5134283104307769e-03
   1.5009341900000001e+02   3.4016005689751921e-01
   1.5060769900000000e+02   2.7508261297942032e-03
   1.5109145400000000e+02   5.8148997657544790e-02
   1.5207521900000000e+02   1.1503257076302705e-02
   1.5408819800000001e+02   9.4450615954795175e-02
   1.5509187800000001e+02   8.6290356783985181e-03
   1.6410913900000000e+02   6.7202646648135828e-03
   1.8010543699999999e+02   2.5714948452935571e-03
   1.8212010599999999e+02   1.0000000000000000e+00
   1.8265318400000001e+02   4.0308760064727452e-02
   1.8312338900000000e+02   1.4169311658118988e-01
   1.8353975700000001e+02   1.6980237012097249e-02
   1.8412546900000001e+02   7.2959057797961600e-03
   1.8444789000000000e+02   1.7790641963225412e-02
   1.8494060600000000e+02   3.9516743856764409e-03
   1.8534090100000000e+02   1.4055925759177334e-03
   1.8578349399999999e+02   4.0330276396664446e-03
   3.0416305399999999e+02   6.3201303944981661e-03
