   8.0050168999999997e+01   1.1090567463828344e-03
   9.8061830999999998e+01   3.7995477918653965e-03
   1.4408304200000001e+02   1.7495221975204610e-03
   1.4606096900000000e+02   2.4680267071568829e-03
   1.4709385599999999e+02   2.3515160384361021e-03
   1.4910580500000000e+02   7.9484304638877666e-04
   1.6110852700000001e+02   6.4145600396868100e-03
   1.6312395699999999e+02   5.8019997498730920e-03
   1.7310910699999999e+02   1.5132707793884450e-03
   1.7508917000000000e+02   3.6524761749228956e-03
   1.7609639500000000e+02   7.9452302544274524e-03
   1.7619356199999999e+02   6.3231247524717679e-04
   1.7622476700000001e+02   5.0565946039542739e-04
   1.7631729300000001e+02   4.5483048328552567e-04
   1.7637188200000000e+02   8.3114974654283406e-04
   1.7641130899999999e+02   4.6203895640292990e-04
   1.7645210000000000e+02   1.0124705703421560e-03
   1.7710378399999999e+02   1.0000000000000000e+00
   1.7763393400000001e+02   4.1477406239866454e-02
   1.7810686600000000e+02   1.1764022385781041e-01
   1.7852253300000001e+02   3.0038833178134099e-02
   1.7910941199999999e+02   1.0959196655452738e-02
   1.7939546600000000e+02   2.1195097047389221e-02
   1.7983422300000001e+02   9.7285646621123757e-03
   1.8028215200000000e+02   1.3595529511416430e-02
   1.8070045800000000e+02   1.2027429812710988e-02
   1.8115552800000000e+02   5.8046213592245150e-03
   1.8160343900000001e+02   2.6130438063233586e-03
   1.8204367300000001e+02   3.9943923823176457e-03
   1.8246140299999999e+02   5.7481736608244369e-04
   1.8254652100000001e+02   2.2226586787609242e-04
   1.9111965100000000e+02   1.3068986719379269e-02
   1.9212261500000000e+02   2.4375317345209152e-03
   1.9313444100000001e+02   3.1831123952436465e-03
   1.9609884900000000e+02   8.0878496158158231e-03
   3.5320014099999997e+02   2.5015401390489156e-03
