   8.9040346000000000e+01   1.4351383987430584e-02
   9.1056313000000003e+01   5.8112631384685765e-01
   9.2059915000000004e+01   4.9488560411952973e-02
   9.3071753000000001e+01   1.3261698665921254e-02
   1.0204917100000000e+02   9.0310894787314546e-03
   1.0305727200000000e+02   1.5484840437833225e-01
   1.0406054300000000e+02   1.7495869301779928e-02
   1.1505718500000000e+02   1.0000000000000000e+00
   1.1549070399999999e+02   3.4820075412827875e-02
   1.1583980200000001e+02   1.5334487229577101e-02
   1.1606204000000000e+02   1.2235013044913096e-01
   1.1615415800000000e+02   2.0551730378336416e-03
   1.1620079500000000e+02   1.0714887388113855e-03
   1.1707307700000000e+02   9.3946856233842979e-01
   1.1753137800000000e+02   2.1797149409273742e-02
   1.1788572800000000e+02   1.4052635217496107e-02
   1.1807628699999999e+02   8.2525850330489939e-02
   1.2008430600000000e+02   3.5497489752911275e-02
   1.2106929000000000e+02   2.3660535549311350e-02
   1.2604985300000000e+02   1.3828917757757511e-02
   1.2705781500000001e+02   2.5512109108440661e-01
   1.2806136400000000e+02   3.0751610692194759e-02
   1.4408366000000001e+02   2.2344339972277874e-02
   1.4506901300000001e+02   3.6730589902671029e-02
