   8.6096266000000000e+01   8.4650196073876305e-03
   1.1412807400000000e+02   6.6163436785305089e-03
   1.1706765700000000e+02   1.2096639490104234e-02
   1.3006609100000000e+02   6.9450118076498004e-03
   1.3107353200000000e+02   2.3712331344693048e-02
   1.3305348400000000e+02   8.2621321761709842e-03
   1.4206536000000000e+02   1.1392604752137617e-02
   1.4307297000000000e+02   3.6752883286409334e-02
   1.4408053500000000e+02   2.2682214133235599e-02
   1.4707955799999999e+02   1.1515766985683728e-02
   1.4807586800000001e+02   2.3239058815862183e-02
   1.5906752100000000e+02   1.3047207851381742e-01
   1.6007241800000000e+02   2.6487522949051160e-02
   1.6205383900000001e+02   6.8183163326813049e-03
   1.6209199300000000e+02   8.3350438483681469e-03
   1.7409141000000000e+02   1.0000000000000000e+00
   1.7463390300000000e+02   3.4950184460855280e-02
   1.7509459200000001e+02   1.3605794865640045e-01
   1.7550179900000001e+02   1.3213517004834589e-02
   1.7590819099999999e+02   9.7603299294697903e-04
   1.7610418999999999e+02   2.0434487861333610e-02
   1.9008663799999999e+02   4.9656947952476917e-02
   1.9109088000000000e+02   6.9428807410762327e-03
   2.3316571800000000e+02   9.9245032578136327e-03
   2.4916124300000001e+02   1.5177360989323430e-02
