   9.8061820999999995e+01   6.9421038525852271e-03
   1.4606090699999999e+02   3.1434847435081168e-03
   1.6110892100000001e+02   3.7964780289807508e-03
   1.6312490099999999e+02   3.3239829629887483e-03
   1.7508903100000001e+02   4.3349246582634251e-03
   1.7609612500000000e+02   8.9054999248828950e-03
   1.7667608700000000e+02   1.3138421599634765e-03
   1.7683724400000000e+02   2.8387419607380920e-03
   1.7710404900000000e+02   1.0000000000000000e+00
   1.7763241300000001e+02   4.1433196123042464e-02
   1.7810726099999999e+02   1.4464867630135655e-01
   1.7852384300000000e+02   3.2696288925364594e-02
   1.7896398300000001e+02   7.7143895828482249e-03
   1.7910994500000001e+02   6.2304926669131799e-03
   1.7939943500000001e+02   1.0798778953876374e-02
   1.7982321700000000e+02   1.4383866196822854e-02
   1.8029781900000000e+02   7.3323208894705743e-03
   1.8067388900000000e+02   1.0824206987919640e-02
   1.8080822699999999e+02   2.7898468900149072e-03
   1.8114647500000001e+02   4.8476968734332427e-03
   1.8161003099999999e+02   1.3729707815777232e-03
   1.8205879899999999e+02   6.9332358286201920e-04
   1.9112105700000001e+02   4.5149488928253280e-03
   1.9609967200000000e+02   2.3980884187689558e-03
   3.5320215000000002e+02   3.9313241517857115e-03
