   1.3208258599999999e+02   2.5583016895554642e-03
   1.4606159500000001e+02   1.2472917383139949e-02
   1.4706940599999999e+02   7.6184311296665363e-02
   1.4715861899999999e+02   1.7341855075389155e-03
   1.4807344200000000e+02   9.2552854502953412e-03
   1.5906655699999999e+02   2.5657349989244259e-03
   1.5999763700000000e+02   2.0807786153046411e-03
   1.6007706700000000e+02   1.0000000000000000e+00
   1.6058261500000000e+02   4.6656337725033872e-02
   1.6108037800000000e+02   1.2467281046686751e-01
   1.6141674100000000e+02   1.9253325640974976e-02
   1.6183951099999999e+02   1.0600636241142786e-02
   1.6208301200000000e+02   9.4902738123561012e-03
   1.6225250800000001e+02   1.7933532703328408e-02
   1.6267533800000001e+02   1.4194458128046119e-02
   1.6306854100000001e+02   1.0686627915672663e-02
   1.6347421499999999e+02   2.6641458593748726e-03
   1.6390679600000001e+02   5.6558068770980999e-04
   1.6407215199999999e+02   1.7937258824182094e-03
   1.7508729800000000e+02   8.5129645342688180e-03
   1.7608654799999999e+02   3.7165979775233567e-02
   1.7710390100000001e+02   2.0606315659852428e-01
   1.7757907599999999e+02   1.1165102251082385e-03
   1.7810700399999999e+02   2.4555190084920814e-02
   1.7910892600000000e+02   3.4092336712371091e-03
   1.8910488699999999e+02   3.0048629920293329e-03
   1.9108104900000001e+02   2.3632047256839260e-03
   1.9209040600000000e+02   8.0774046973382078e-03
   1.9309941000000001e+02   2.6075349896528321e-02
   1.9410390300000000e+02   3.3719525853602968e-03
   2.1813154499999999e+02   5.1118592573746666e-03
   2.3711728400000001e+02   3.0124027231094356e-03
   2.5012599700000001e+02   2.3296930506156582e-02
   2.5112870000000001e+02   4.5179022453522739e-03
   2.6715304400000002e+02   1.2904119127422205e-02
   2.6815371699999997e+02   2.9263448944337562e-03
   3.0513510800000000e+02   2.1042794182446773e-03
   3.2215975900000001e+02   2.9945009936775185e-03
   3.5320305800000000e+02   5.1514920159134517e-03
