   9.8061216999999999e+01   5.1452744806913279e-03
   1.4408100999999999e+02   4.2303427751566132e-03
   1.4606013999999999e+02   4.1261200147304725e-03
   1.6110661099999999e+02   7.6586616989482402e-03
   1.6312362999999999e+02   5.9917197196203316e-03
   1.7508666800000000e+02   3.8635290254755688e-03
   1.7609560999999999e+02   7.5689699735518538e-03
   1.7710270399999999e+02   1.0000000000000000e+00
   1.7762765300000001e+02   3.8277955244251580e-02
   1.7810579000000001e+02   1.2036157641851046e-01
   1.7851886500000001e+02   2.0006053777568613e-02
   1.7896797599999999e+02   5.9745558538209639e-03
   1.7910895900000000e+02   7.6182347389871499e-03
   1.7939807700000000e+02   9.8962439425350594e-03
   1.7981684700000000e+02   4.6071712178484920e-03
   1.8025669500000001e+02   4.5780544852802871e-03
   1.8066682900000001e+02   3.3546705988169016e-03
   1.8072462999999999e+02   2.5163403053675851e-03
   1.9111870700000000e+02   1.1346758670768935e-02
   1.9609658700000000e+02   6.5407399280306309e-03
