   9.1056815000000000e+01   1.0000000000000000e+00
   9.1398028999999994e+01   4.1930316319884538e-02
   9.1523765999999995e+01   7.1619067420526771e-03
   9.1749904999999998e+01   3.5087449699988976e-02
   9.2060475999999994e+01   7.4796653271918701e-02
   9.2369825000000006e+01   1.0728261947029760e-02
   9.2693545000000000e+01   2.9644522702353313e-03
   9.3001694000000001e+01   3.3050907023491230e-03
   1.1908910299999999e+02   4.1472936967672878e-03
   1.5013094599999999e+02   1.0215116379657855e-02
