   8.9040372000000005e+01   1.8221118669057457e-02
   9.1056083000000001e+01   6.2565519784725854e-01
   9.1399175000000000e+01   5.0368709980945685e-03
   9.1492512000000005e+01   4.8545889050461484e-04
   9.1768499000000006e+01   5.3810052094318767e-03
   9.2059755999999993e+01   5.7228939496388270e-02
   9.3070795000000004e+01   9.4579385147815533e-03
   1.0104121400000000e+02   8.0445767482637959e-03
   1.0204929300000001e+02   1.0838947783786549e-02
   1.0305685699999999e+02   1.3060776745729816e-01
   1.0313493099999999e+02   4.2532772194487922e-03
   1.0406048800000001e+02   1.4964080836758693e-02
   1.0507138600000000e+02   3.5872822341446353e-03
   1.1505683100000000e+02   1.0000000000000000e+00
   1.1549295700000000e+02   3.7559948701948336e-02
   1.1557748700000000e+02   3.9076755882876367e-03
   1.1583939400000000e+02   3.5908610297851251e-02
   1.1606179700000000e+02   1.4209033593917100e-01
   1.1652227600000001e+02   1.8931200864826903e-02
   1.1688710700000000e+02   7.8788707533038512e-03
   1.1707243800000001e+02   4.7078815398135426e-01
   1.1755474000000000e+02   4.9242671216502710e-03
   1.1760092800000000e+02   1.0125495741712196e-03
   1.1788290200000000e+02   2.1827532271603929e-03
   1.1807545399999999e+02   5.2006472880251099e-02
   1.1907614900000000e+02   5.0771422211125282e-03
   1.2008357900000000e+02   2.3056696578514804e-02
   1.2106844700000001e+02   8.3151048088335351e-03
   1.2604948600000000e+02   1.8681361636989465e-02
   1.2705726500000000e+02   2.1554756308937253e-01
   1.2806106299999999e+02   2.6561170263781093e-02
   1.4307579200000001e+02   8.3272859544563857e-03
   1.4408156500000001e+02   1.7870165544752757e-02
   1.4506751100000000e+02   1.4317010056364319e-02
