   8.2065788999999995e+01   7.8818324526506219e-03
   8.3073312000000001e+01   4.0740918434007765e-03
   1.0503583600000000e+02   2.4287625003201387e-03
   1.2304644900000000e+02   1.9184395592272078e-03
   1.5009333400000000e+02   6.1531006565331194e-03
   1.8010490200000001e+02   2.7724545254973112e-03
   1.8111277100000001e+02   1.9772209575172326e-03
   1.8211991300000000e+02   8.9796229905743985e-02
   1.8312284399999999e+02   1.0311208993207250e-02
   1.9811604000000000e+02   2.1969418397514021e-03
   2.7213217700000001e+02   1.0371132452385610e-02
   2.7313355899999999e+02   2.3982924096357778e-03
   3.0214367499999997e+02   3.4921126795763821e-03
   3.0315048200000001e+02   1.1630166593596706e-02
   3.0402359600000000e+02   3.1030632275223086e-04
   3.0415857999999997e+02   1.0000000000000000e+00
   3.0485280200000000e+02   3.9480516163734415e-02
   3.0516203600000000e+02   1.6511075472466258e-01
   3.0616379499999999e+02   1.9455151863080826e-02
   3.0654635100000002e+02   2.0321798537358021e-02
   3.0716442699999999e+02   1.8469857019178276e-02
   3.0769271900000001e+02   1.3152087005991336e-02
   3.0826650400000000e+02   1.0544735356707257e-02
   3.0883995700000003e+02   3.7485546871880993e-03
   3.0931354800000003e+02   2.6772377230677776e-04
   3.0938654900000000e+02   1.5985299348238895e-03
   3.0999650900000000e+02   5.7126397293777303e-03
   3.1052339300000000e+02   3.1201237925618337e-03
