   9.8061762999999999e+01   3.1459280759489261e-03
   1.4606020400000000e+02   2.3293125008033095e-03
   1.4709343600000000e+02   1.7601765937716727e-03
   1.6110762700000001e+02   5.9891675837006626e-03
   1.6312367800000001e+02   9.2455906347160052e-03
   1.7217049900000001e+02   1.6239297459199674e-03
   1.7310829899999999e+02   1.7161858932242208e-03
   1.7508789400000001e+02   3.6261545458645401e-03
   1.7609557200000000e+02   4.6330172278982668e-03
   1.7647903099999999e+02   5.5172980449596240e-04
   1.7710318599999999e+02   1.0000000000000000e+00
   1.7763279700000001e+02   4.1977400276878428e-02
   1.7810629000000000e+02   1.1790608960089001e-01
   1.7851965600000000e+02   2.9865973861051689e-02
   1.7910921800000000e+02   6.2082266183710044e-03
   1.7939774000000000e+02   1.8236659960569581e-02
   1.7983156199999999e+02   1.8092088126222979e-02
   1.8028097000000000e+02   1.5015591984351951e-02
   1.8070242500000001e+02   5.0758673176902018e-03
   1.8115462800000000e+02   8.8370325428362619e-03
   1.8157524900000001e+02   2.7731577454888990e-03
   1.8200306699999999e+02   2.0725891677303310e-03
   1.8248627300000001e+02   1.2039502044722033e-03
   1.8253713800000000e+02   3.5504030312887231e-04
   1.9111906500000001e+02   1.1993476814150356e-02
   1.9212185900000000e+02   2.1781936839380166e-03
   1.9313426300000000e+02   3.6837775447683889e-03
   1.9609821099999999e+02   9.2289110095871620e-03
   1.9710202400000000e+02   1.3188557088893219e-03
   3.5320018299999998e+02   4.0019651015752011e-03
