   9.7067092000000002e+01   9.2172148742836104e-03
   9.9083387000000002e+01   4.0328215269518110e-03
   1.2409133500000000e+02   4.1664362346558390e-03
   1.4711845800000000e+02   8.1409001661645140e-03
   1.6113298700000001e+02   1.5637973180318706e-03
   1.7112111800000000e+02   4.0471958089463196e-03
   1.8916611300000000e+02   3.8541424495222827e-03
   2.5319888300000000e+02   3.8319721670979509e-02
   2.5420186100000001e+02   9.4848592582412409e-03
   2.6919407000000001e+02   4.0482833586907548e-03
   2.7019950899999998e+02   4.5490125132993872e-03
   2.7120971800000001e+02   1.0982847067309312e-01
   2.7221323899999999e+02   2.1345478983163566e-02
   2.7321611400000000e+02   2.1804217986812913e-03
   2.8720722200000000e+02   3.8510170255214491e-03
   2.8921962900000000e+02   2.3531760020255193e-03
   3.8527903500000002e+02   7.7281718260064297e-03
   3.8628611000000001e+02   2.0429403601753052e-02
   3.8729424799999998e+02   1.0000000000000000e+00
   3.8829768400000000e+02   2.4833279525792398e-01
   3.8930095299999999e+02   5.0658286098122382e-02
   3.9004254200000003e+02   1.6068296091974802e-02
   3.9030258099999998e+02   4.7220991102381420e-03
   3.9058616200000000e+02   5.0721375960242274e-03
   3.9067976900000002e+02   9.1192017185552227e-03
   3.9129500300000001e+02   1.1670370741025480e-02
   4.0129391399999997e+02   6.7225221725629785e-03
   4.0228613999999999e+02   4.0473872463316291e-03
   4.0329098800000003e+02   8.3448898301137324e-03
   6.5750403300000005e+02   3.1740540498161494e-03
   7.7357757900000001e+02   1.3309479371019120e-01
   7.7458051999999998e+02   7.9822802433943491e-02
   7.7558504300000004e+02   3.0198582657737536e-02
   7.7658204999999998e+02   1.2861338041712227e-02
