   8.1071555000000004e+01   3.6978586445940953e-01
   8.2074920000000006e+01   2.7678497742546458e-02
   8.3050686999999996e+01   3.8348999099377501e-02
   8.3086152999999996e+01   7.5952593353736681e-03
   9.1056094000000002e+01   7.6038606674650538e-02
   9.3072017000000002e+01   1.0541888479857410e-01
   9.4075708000000006e+01   9.0482910734766987e-03
   9.5088042999999999e+01   1.0385622573956345e-01
   9.6091690000000000e+01   1.1293137774793453e-02
   9.7067390000000003e+01   1.0000000000000000e+00
   9.7454093999999998e+01   1.6888467362330455e-02
   9.7788899000000001e+01   3.5247241446249793e-02
   9.8070899999999995e+01   7.7092179261733257e-02
   9.8417739999999995e+01   7.1647727855387346e-03
   9.8472352999999998e+01   9.4879174651340287e-03
   9.9083314999999999e+01   1.6657605450435103e-01
   1.0008655200000000e+02   1.3491015852647188e-02
   1.0507264200000000e+02   1.2756210038603302e-01
   1.0607611199999999e+02   1.1972278803158768e-02
   1.0705142200000000e+02   6.9008356749887664e-03
   1.0708833300000001e+02   7.4664231050388011e-02
   1.0809168300000000e+02   6.2522103483470329e-03
   1.0906731400000000e+02   4.1528856154924376e-01
   1.1007098200000000e+02   3.8502991151558752e-02
   1.1108260199999999e+02   1.4896875368170767e-02
   1.1707247500000000e+02   2.3627764619898260e-02
   1.1908823700000001e+02   1.0526619867136534e-01
   1.2009256499999999e+02   1.1520891141179820e-02
   1.2106788400000001e+02   2.8093842682027893e-02
   1.2110400500000000e+02   5.6710230435864026e-02
   1.2308340900000000e+02   1.0408868238324644e-01
   1.2408743600000000e+02   9.4509272944467530e-03
   1.2907295600000000e+02   2.1287076026111330e-02
   1.3108858799999999e+02   4.6124067018194978e-02
   1.3310400799999999e+02   8.8456353922308495e-02
   1.3410773000000000e+02   9.3784932436981709e-03
   1.3508341100000001e+02   7.5923266526077976e-03
   1.3511958500000000e+02   3.2242772327569461e-02
   1.3709835500000000e+02   8.4675049066244897e-03
   1.4107280100000000e+02   8.4156616886697372e-03
   1.4208014100000000e+02   7.4116091301744385e-03
   1.4308806600000000e+02   3.3558694349372406e-02
   1.4409365700000001e+02   6.3036420175042055e-03
   1.4510365500000000e+02   8.1720272182958381e-02
   1.4610717500000001e+02   1.0859706172940051e-02
   1.4711917299999999e+02   9.7203436426776035e-02
   1.4812217899999999e+02   1.1821080459401867e-02
   1.4909867299999999e+02   1.7370504374893340e-02
   1.4913446900000000e+02   2.3970301494117292e-02
   1.5508818700000000e+02   1.6966217961575481e-02
   1.5710354599999999e+02   4.2358076015850614e-02
   1.5911915500000001e+02   6.2395400756662896e-02
   1.6012267600000001e+02   1.0315037650915383e-02
   1.6113462300000000e+02   5.3664577933305771e-02
   1.6213744100000000e+02   6.7055292710895102e-03
   1.6315008800000001e+02   4.8226060697220831e-02
   1.6415296599999999e+02   5.2383987907713763e-03
   1.6910409999999999e+02   1.7977101991256055e-02
   1.7111945900000001e+02   4.5027610610129415e-02
   1.7212338700000001e+02   9.0439257265983973e-03
   1.7313505499999999e+02   4.2089304489553565e-02
   1.7515078299999999e+02   1.2995127620628144e-01
   1.7615434999999999e+02   2.0179514356824340e-02
   1.7713057100000000e+02   2.0404867856663712e-02
   1.8311981299999999e+02   2.3384544276975981e-02
   1.8513560500000000e+02   2.4608485672630867e-02
   1.8715101200000001e+02   2.8689602529873182e-02
   1.8916682399999999e+02   2.8664635345831496e-02
   1.9713593200000000e+02   3.7068736231376916e-02
   1.9814084900000000e+02   8.2560738841040565e-03
   1.9915125499999999e+02   1.1015134252695522e-02
   2.0116600800000001e+02   1.9065809117406990e-02
   2.1115246200000001e+02   2.5608743076326566e-02
   2.1316765799999999e+02   2.2969590364300616e-02
   2.1514954200000000e+02   9.1335232791355109e-03
   2.2516873699999999e+02   1.3360329397823684e-02
   2.2718441400000000e+02   1.1958632702470077e-02
   2.5319975199999999e+02   7.6863480104515117e-02
   2.5420275100000001e+02   1.7055858824776379e-02
   2.5518002200000001e+02   8.4973109422831570e-03
   2.7121053000000001e+02   6.2528958401396481e-02
   2.7221241900000001e+02   1.5040223160565649e-02
   2.8922111100000001e+02   1.6968390172942362e-02
   3.8729617999999999e+02   2.8640988117028826e-01
   3.8829965600000003e+02   7.6087709682721744e-02
   3.8930409100000003e+02   1.8930591177753763e-02
