   9.1056360999999995e+01   5.3633499503118867e-02
   1.0305715800000000e+02   1.6755990851970437e-02
   1.1505707099999999e+02   7.4575044426895679e-02
   1.1606102700000000e+02   8.5513026039812541e-03
   1.1707298000000000e+02   1.0000000000000000e+00
   1.1749891599999999e+02   3.6542101155285674e-02
   1.1760150299999999e+02   3.5850717587045697e-03
   1.1786493100000000e+02   2.5896373196987611e-02
   1.1807660799999999e+02   8.3594038908628029e-02
   1.1820812500000000e+02   2.3288546798183193e-03
   1.1850209800000000e+02   3.8129766864655420e-03
   1.1852973400000000e+02   1.6118649863453623e-02
   1.1894454600000000e+02   6.4488766823949982e-03
   1.1908176000000000e+02   5.8282097455511347e-03
   1.1925595300000001e+02   1.2765231398263082e-03
   1.1929534200000001e+02   9.8259863079116442e-04
   1.2008424599999999e+02   2.8283638014749094e-02
   1.2106833300000000e+02   4.0401737010751490e-02
   1.2705764400000000e+02   6.2877219950165805e-02
   1.2806181100000001e+02   7.3103402675871254e-03
   1.4408371299999999e+02   2.2554407811048741e-02
   1.4506831299999999e+02   3.1272884691870073e-01
   1.4607175200000000e+02   3.1365465981244220e-02
   1.6209508500000001e+02   3.6019752813279758e-02
   1.6307993900000000e+02   5.6482021354121364e-02
   1.6408331100000001e+02   7.5562241901916682e-03
   1.8010657800000001e+02   2.4393019031962226e-02
