   8.9041152999999994e+01   5.6658116382662771e-02
   9.0048891999999995e+01   6.5368437374500266e-02
   9.1057102999999998e+01   3.2292758635447077e-01
   9.2059819000000005e+01   3.2234381701320029e-02
   9.3036732000000001e+01   5.1128021312007964e-03
   9.3061364999999995e+01   5.6576049286288926e-03
   1.0305801700000001e+02   6.3284353530761644e-02
   1.0405584700000000e+02   2.4504168786694931e-02
   1.0507353200000000e+02   5.0405772599360930e-02
   1.0607186900000001e+02   1.0715886271450883e-02
   1.1505808700000000e+02   1.0782973299587024e-01
   1.1605486000000001e+02   4.5584917025153021e-02
   1.1706114900000000e+02   6.8630044145261204e-01
   1.1750993800000001e+02   2.2161808297521561e-02
   1.1786341200000000e+02   6.2045880079059637e-03
   1.1806609700000000e+02   8.3714085665738389e-02
   1.1855627900000000e+02   4.1211876088699789e-03
   1.1889674300000000e+02   6.7875197854730385e-04
   1.1893158600000000e+02   8.3132721512578359e-04
   1.1905364899999999e+02   9.4353876775167572e-02
   1.1921480500000000e+02   1.0441556549828604e-03
   1.2005625999999999e+02   9.8320955081284273e-03
   1.2103297600000001e+02   5.1519712221117561e-03
   1.2613244000000000e+02   5.2832099635293254e-03
   1.3006935400000000e+02   9.9090123078864986e-02
   1.3107690199999999e+02   2.0374333615673662e-01
   1.3208495099999999e+02   1.0000000000000000e+00
   1.3254567399999999e+02   4.3151298178096875e-02
   1.3293688900000001e+02   1.3057428663028640e-02
   1.3308824500000000e+02   9.3753573452298289e-02
   1.3328145000000001e+02   1.0551202781381341e-02
   1.3365893399999999e+02   1.7820074275341005e-02
   1.3409216100000000e+02   2.4299258028714518e-02
   1.3504846800000001e+02   5.9184010390373196e-03
   1.4005416800000000e+02   6.4543141401972055e-03
   1.4106779000000000e+02   1.2328056995883194e-02
   1.4206929800000000e+02   1.0591857557062033e-02
   1.4307586499999999e+02   4.8543671749026272e-03
   1.4505638600000000e+02   1.7249995184068979e-02
   1.4606353899999999e+02   1.7530056161801567e-02
   1.4704867800000000e+02   5.6372887196073265e-02
   1.4805228700000001e+02   8.2638686161072734e-03
   1.4902766900000000e+02   1.1106265850833349e-02
   1.4906398500000000e+02   2.1871989410224429e-02
   1.5907142200000001e+02   1.3260494387066821e-02
   1.6007990799999999e+02   2.9621754554855034e-01
   1.6108307199999999e+02   3.7828027991215304e-02
   1.6205967899999999e+02   8.4201525000874473e-03
   1.7405942099999999e+02   5.7029349516784213e-02
   1.7506706100000000e+02   5.4996850267756185e-02
   1.7607276999999999e+02   1.1564889109126316e-02
   1.9009103999999999e+02   6.0303391539761756e-03
   1.9206989200000001e+02   4.4907614108961611e-03
   2.0608672899999999e+02   3.8017473171497321e-03
   2.0709472700000001e+02   1.0105872051650658e-02
