   9.5088646999999995e+01   6.7269662935524289e-03
   1.0507275000000000e+02   7.9862152208838334e-03
   1.2715055200000000e+02   9.4374405886030049e-03
   1.3310373300000001e+02   7.9385471327946627e-02
   1.3410696700000000e+02   8.1642212243363856e-03
   2.3718803000000000e+02   1.8396918472198934e-02
   2.4314173400000001e+02   3.7187971793367504e-02
   2.4414616500000000e+02   9.8375842419126426e-03
   2.4918793600000001e+02   1.7350899375052357e-02
   2.6115278100000000e+02   3.0811786425437082e-02
   2.7318898500000000e+02   7.1150766114308544e-03
   2.7520201100000003e+02   1.0262281907590372e-02
   2.8921958100000001e+02   8.3475013463830162e-03
   3.0121980800000000e+02   4.5222698572606614e-02
   3.0219657599999999e+02   3.3261214207887406e-02
   3.0320006999999998e+02   1.2547585854198053e-02
   3.1321857499999999e+02   1.8346350218612112e-02
   3.1620915100000002e+02   1.1291226623511992e-02
   3.2723478299999999e+02   1.5214238930134936e-02
   3.3022206999999997e+02   1.5849057834100670e-02
   3.4121670399999999e+02   7.3279844187799127e-03
   3.4423788700000000e+02   7.8642898264203853e-03
   3.5526619299999999e+02   1.5360382124845464e-02
   3.6827492599999999e+02   2.6346086067873552e-02
   3.6928264700000000e+02   9.8073377617634849e-01
   3.7003010000000000e+02   2.7362860015336520e-02
   3.7028604600000000e+02   2.5540031256918050e-01
   3.7066563700000000e+02   1.5552465953124013e-02
   3.7071954899999997e+02   5.2298783039931131e-03
   3.7128890699999999e+02   5.7818549967130796e-02
   3.7327650000000000e+02   1.3803820761394817e-02
   3.8326434000000000e+02   1.8583166419982599e-02
   3.8427246700000001e+02   1.0209072815591665e-02
   3.8527835599999997e+02   2.6614608150828938e-02
   3.8628556400000002e+02   8.5055685908610859e-02
   3.8729349800000000e+02   1.0000000000000000e+00
   3.8811241600000000e+02   1.0193267395407934e-02
   3.8829707600000000e+02   2.4826363903232951e-01
   3.8860987200000000e+02   1.1333024490453995e-03
   3.8869335799999999e+02   4.2465162385308041e-03
   3.8876685900000001e+02   2.6809095871713133e-03
   3.8930068999999997e+02   4.2236894119207308e-02
   4.0127591400000000e+02   7.9675791192755252e-02
   4.0227902699999999e+02   2.9217640602950734e-02
   4.0328679399999999e+02   1.6011868310170853e-02
