   8.9039237000000000e+01   2.6037566092296630e-02
   9.1054918000000001e+01   6.9590639174791233e-02
   1.0305507799999999e+02   5.6246142960383869e-02
   1.0405478100000001e+02   7.4935550848557034e-02
   1.0505840800000000e+02   6.8581624502298349e-02
   1.1505549100000000e+02   2.3221433243586290e-01
   1.1605694900000000e+02   9.7529026196546423e-02
   1.1706366500000000e+02   1.7976437698737482e-01
   1.1806732900000000e+02   5.6194014608827156e-02
   1.2705576100000000e+02   3.4871818353684809e-02
   1.2805425199999999e+02   2.4486697148465748e-02
   1.2906430499999999e+02   1.9524684263260018e-02
   1.3006645300000000e+02   8.4782809654795499e-01
   1.3107395600000001e+02   9.8759509350828634e-01
   1.3120491000000001e+02   1.6306390259768145e-02
   1.3207718000000000e+02   1.6933398651571216e-01
   1.3305425800000000e+02   8.0494350693647521e-02
   1.4206615500000001e+02   1.1021500874866853e-01
   1.4307371800000001e+02   5.9848775047825298e-01
   1.4316103200000001e+02   1.9974993513329757e-02
   1.4407993300000001e+02   1.7652615893515736e-01
   1.4508429500000000e+02   4.2704790882309072e-02
   1.4606182000000001e+02   2.1760518336290863e-02
   1.4609551099999999e+02   1.9393212847415523e-02
   1.4707219100000000e+02   8.8736530411667694e-02
   1.4807681700000001e+02   3.8160557323528049e-02
   1.5806045000000000e+02   9.4685723312079376e-02
   1.5906848500000001e+02   1.0000000000000000e+00
   1.6007236100000000e+02   1.5382884882695910e-01
   1.6205684600000001e+02   8.1760211867286256e-02
   1.7207551699999999e+02   2.7221581981218674e-02
   1.7308326500000001e+02   2.6407362393573719e-02
   1.7409241599999999e+02   6.1356286837743756e-01
   1.7509542500000001e+02   1.2492538697292109e-01
   1.9008770699999999e+02   4.7660124894269164e-02
