   8.0050827999999996e+01   2.1083531098467165e-01
   8.0402224000000004e+01   4.1537589907696196e-03
   8.1053927000000002e+01   1.6810201503291412e-02
   9.1055654000000004e+01   5.0942320697657112e-03
   9.2051578000000006e+01   4.2182932342865907e-03
   9.3059768000000005e+01   2.7766376697855566e-03
   9.4066969999999998e+01   7.2704207592230513e-03
   9.8062286000000000e+01   2.5693703686063318e-01
   9.8417298000000002e+01   2.1783304940835809e-03
   9.8450270000000003e+01   7.4178563280991013e-03
   9.8771638999999993e+01   3.8401347775394823e-03
   9.8804317999999995e+01   3.9250479154404223e-03
   9.9065652999999998e+01   2.1830632022858325e-02
   1.0606745500000000e+02   1.1307994948435707e-02
   1.1705977400000000e+02   7.2245700960924799e-03
   1.1806746500000000e+02   6.4915795984457417e-02
   1.1815052100000000e+02   2.6104447090501935e-03
   1.1907174300000000e+02   1.2667636887244123e-02
   1.2008312300000000e+02   3.0228356514150019e-02
   1.2108353300000000e+02   4.0245156745078673e-03
   1.3006767500000001e+02   6.4921596474729771e-03
   1.3208282000000000e+02   1.0797836410502745e-02
   1.3307929999999999e+02   7.0984950352594679e-03
   1.3406250700000001e+02   8.9215173320524015e-03
   1.3509474000000000e+02   2.8105305676018825e-03
   1.4408253400000001e+02   1.1456605745703351e-02
   1.4508226700000000e+02   2.3306879869741809e-03
   1.4606219300000001e+02   1.0931787689518230e-01
   1.4706575500000000e+02   1.7808162858824566e-02
   1.4807738100000000e+02   8.5298081127220485e-03
   1.4907295400000001e+02   2.8647432447730971e-02
   1.5007812799999999e+02   3.5901910799297290e-03
   1.5909355500000001e+02   9.0209624492870299e-03
   1.6008109200000001e+02   3.2049908688465069e-03
   1.6107298499999999e+02   1.5608763873196714e-02
   1.6207395900000000e+02   4.2037694141313000e-03
   1.6308839900000001e+02   3.2489990821488088e-03
   1.6312477200000001e+02   3.3933933251696449e-03
   1.7310993900000000e+02   4.9002466516472835e-03
   1.7508872199999999e+02   5.7768465790310466e-03
   1.7609528700000001e+02   3.1784011528391367e-03
   1.7696943400000001e+02   8.0947809673294585e-04
   1.7710437999999999e+02   1.0000000000000000e+00
   1.7763217000000000e+02   4.3801317132244992e-02
   1.7810718299999999e+02   1.5423032176209386e-01
   1.7852785100000000e+02   2.8967593186702660e-02
   1.7910929300000001e+02   6.8258952747577385e-03
   1.7939776400000000e+02   1.4393779602956068e-02
   1.7985676799999999e+02   1.5049034118355445e-02
   1.8028869299999999e+02   3.2490328689953477e-03
   1.8071917199999999e+02   1.0196686516608145e-02
   1.8113574700000001e+02   2.7846247026004278e-03
   1.9112016800000001e+02   1.2240264900423294e-02
   1.9313592499999999e+02   2.4725964228610345e-03
   2.9416648199999997e+02   3.1239887241868449e-03
