   8.1071697000000000e+01   1.5814498360575299e-01
   8.2074764000000002e+01   1.7704966415459631e-02
   8.3050871999999998e+01   1.8450272814535512e-02
   9.1056252999999998e+01   2.7276736048268444e-02
   9.3072186000000002e+01   4.6066621798391459e-02
   9.5088159000000005e+01   6.4019554559717501e-02
   9.7067582999999999e+01   5.7159975228628657e-01
   9.8071021000000002e+01   3.6865957592457796e-02
   9.9083500999999998e+01   2.2060976758640913e-01
   9.9157931000000005e+01   1.1885964364872648e-02
   1.0008690500000000e+02   1.7405465740890518e-02
   1.0507260200000000e+02   5.1080122913742601e-02
   1.0708831600000001e+02   3.7583781195379369e-02
   1.0906755099999999e+02   2.4366908215939229e-01
   1.0910310300000000e+02   4.2138363780180058e-02
   1.1007101100000000e+02   2.1771820318650794e-02
   1.1108224900000000e+02   1.0143067854922810e-02
   1.1707314700000001e+02   1.4573970914669117e-02
   1.1908839700000000e+02   4.0316034768073439e-02
   1.2106790500000000e+02   2.5991746291580659e-02
   1.2110440100000000e+02   4.7997452859478214e-02
   1.2308360100000000e+02   4.9659714561734757e-02
   1.2311894800000000e+02   1.0742990756735770e-02
   1.2409119600000000e+02   1.5379392990256110e-02
   1.2907309699999999e+02   1.1030993736209424e-02
   1.3108860799999999e+02   3.3547762666075787e-02
   1.3310414499999999e+02   4.6225330351973744e-02
   1.3512008200000000e+02   4.5983815847977325e-02
   1.4308863900000000e+02   2.9878720049810004e-02
   1.4510402600000000e+02   8.2851104322997152e-02
   1.4610869199999999e+02   1.4596280983579391e-02
   1.4711937599999999e+02   1.1681119055407826e-01
   1.4812380600000000e+02   1.2164755484277192e-02
   1.4909841200000000e+02   1.9495383979188693e-02
   1.4913500700000000e+02   3.1713304525599034e-02
   1.5508841500000000e+02   1.5429812544504547e-02
   1.5710412199999999e+02   4.7996748666100028e-02
   1.5911918100000000e+02   6.2686851778659750e-02
   1.6012057300000001e+02   9.0369558845795894e-03
   1.6113486700000001e+02   5.4683751572933953e-02
   1.6315089200000000e+02   5.9745067493387392e-02
   1.6910492400000001e+02   1.4630600414288656e-02
   1.7111998000000000e+02   6.3661610109654349e-02
   1.7212303700000001e+02   1.2140812457600847e-02
   1.7313525899999999e+02   4.4178092404924714e-02
   1.7515109600000000e+02   1.4686157513047526e-01
   1.7615424400000001e+02   2.1995593452216258e-02
   1.7713026900000000e+02   2.6883672866392393e-02
   1.8312033800000000e+02   2.6023491748912428e-02
   1.8513611800000001e+02   2.7619957951024898e-02
   1.8715106499999999e+02   3.6783157828477103e-02
   1.8916646700000001e+02   5.4974184847606029e-02
   1.9713620700000001e+02   4.8358252557109301e-02
   1.9814094299999999e+02   1.1255268613856229e-02
   1.9915296799999999e+02   1.3855957495981926e-02
   2.0116707700000001e+02   2.6435707537905816e-02
   2.1115251900000001e+02   3.5967399056723560e-02
   2.1316828300000000e+02   2.6549781095800695e-02
   2.1514855100000000e+02   1.5792935612825600e-02
   2.2516986000000000e+02   2.6860091832960890e-02
   2.2718400199999999e+02   2.2716303999488385e-02
   2.2919769500000001e+02   1.5992809876252338e-02
   2.3716917200000000e+02   7.7065760919041125e-03
   2.4321063799999999e+02   1.2324707198185420e-02
   2.5320006500000000e+02   2.2335529302252149e-01
   2.5420360199999999e+02   4.4812658569433769e-02
   2.5518263500000000e+02   1.8478517254486484e-02
   2.6919448699999998e+02   1.1470519466150622e-02
   2.7121120200000001e+02   1.9558875646303270e-01
   2.7221492799999999e+02   4.1190164364063662e-02
   2.7320771700000000e+02   8.3444981358946364e-03
   2.8922200199999997e+02   4.4493379641220791e-02
   2.9022524800000002e+02   1.0226289095748610e-02
   3.8528284900000000e+02   9.8803244655269688e-03
   3.8628847700000000e+02   2.3438069246775363e-02
   3.8729629000000000e+02   1.0000000000000000e+00
   3.8829962499999999e+02   2.5086312579463532e-01
   3.8930319900000001e+02   4.5779938649312221e-02
