   8.1071389999999994e+01   9.0238887293357314e-02
   8.2074824000000007e+01   7.8832545133866953e-03
   8.3050303999999997e+01   1.0172744681501479e-02
   9.1055802000000000e+01   8.0908380191371445e-03
   9.3071839999999995e+01   1.6228468138277014e-02
   9.5087822000000003e+01   2.5864601950531401e-02
   9.7067233999999999e+01   3.4026446668527677e-01
   9.7452195000000003e+01   7.2742783508391601e-03
   9.8070656999999997e+01   2.6284726644564362e-02
   9.9083170999999993e+01   1.3710054459910695e-01
   1.0008642800000000e+02   1.2320126580053265e-02
   1.0507236600000000e+02   1.7476745723527989e-02
   1.0708799800000000e+02   1.5573442451580877e-02
   1.0906714100000001e+02   1.3736015943069335e-01
   1.1007041700000001e+02   1.3590272141618164e-02
   1.1108310000000000e+02   5.5842984205331080e-03
   1.1908818300000000e+02   1.6681116758957601e-02
   1.2106765100000000e+02   1.1431606658499203e-02
   1.2110361100000000e+02   2.2716814254634919e-02
   1.2308322200000001e+02   3.0468476127218758e-02
   1.2408842000000000e+02   4.9062580051869647e-03
   1.3108830699999999e+02   1.4445462096151539e-02
   1.3310370100000000e+02   1.7800088731359801e-02
   1.3508364599999999e+02   3.6116125852187829e-03
   1.3511959999999999e+02   1.6104890103123600e-02
   1.4308799300000001e+02   1.1991653206480359e-02
   1.4510339600000000e+02   3.4361596607557769e-02
   1.4610693499999999e+02   5.6219009577237345e-03
   1.4711898600000001e+02   4.4610225408910763e-02
   1.4812286499999999e+02   4.9143887746174314e-03
   1.4909866700000001e+02   8.1019809674427509e-03
   1.4913370300000000e+02   1.4899516150020459e-02
   1.5508664700000000e+02   4.6107898552580056e-03
   1.5710359900000000e+02   2.1359520045570988e-02
   1.5911863800000000e+02   2.4290986074541485e-02
   1.6012261899999999e+02   4.3652210858470758e-03
   1.6113430500000001e+02   2.4647937401905236e-02
   1.6314987700000000e+02   3.4003826059516698e-02
   1.6415533800000000e+02   6.4229741344252536e-03
   1.6910578200000000e+02   5.6503547171304009e-03
   1.7111960600000000e+02   3.0632639129444684e-02
   1.7212386599999999e+02   4.6926932832151921e-03
   1.7313479100000001e+02   2.2963960847710192e-02
   1.7515037599999999e+02   8.3113125211091973e-02
   1.7615403100000000e+02   1.3355623901963560e-02
   1.7713013599999999e+02   1.2428759577242324e-02
   1.8312025000000000e+02   1.1169548589300428e-02
   1.8513561400000000e+02   1.3094542638945585e-02
   1.8715078700000001e+02   2.0080066064269177e-02
   1.8916648900000001e+02   3.2218973852684941e-02
   1.9017015200000000e+02   5.4137313053272068e-03
   1.9713544200000001e+02   2.2361437443052377e-02
   1.9814011400000001e+02   4.4324192973672853e-03
   1.9915113800000000e+02   5.1329467681382824e-03
   2.0116686799999999e+02   1.3606276551111863e-02
   2.1115116200000000e+02   1.6349710939666123e-02
   2.1316701900000001e+02   1.5130545031286292e-02
   2.1514726500000000e+02   6.5323336730172179e-03
   2.2516766300000000e+02   1.2168129181623142e-02
   2.2718621999999999e+02   8.7764795181490812e-03
   2.2919646299999999e+02   7.3392992361048671e-03
   2.4321652100000000e+02   5.5525965321181273e-03
   2.5319953000000001e+02   1.2255322807550835e-01
   2.5420312100000001e+02   2.2103568624887465e-02
   2.5518136200000001e+02   1.3095344485918117e-02
   2.6919343900000001e+02   5.3957556682623746e-03
   2.7121060100000000e+02   1.3209649912096896e-01
   2.7221426900000000e+02   2.7871659794600923e-02
   2.7320871899999997e+02   5.4457947190230021e-03
   2.8922118899999998e+02   3.0344948046955363e-02
   2.9022544900000003e+02   5.8975481474890174e-03
   3.5127602100000001e+02   5.6563803482693222e-03
   3.8527761400000003e+02   7.7397258958879526e-03
   3.8628723300000001e+02   4.5981963196955918e-03
   3.8729512799999998e+02   1.0000000000000000e+00
   3.8829867700000000e+02   2.6478035639289815e-01
   3.8869296800000001e+02   2.3313181893689371e-02
   3.8930234799999999e+02   5.5549352420870515e-02
   3.9006132400000001e+02   1.0513369227132261e-02
   3.9030181199999998e+02   4.4481625158230833e-03
   4.0130880700000000e+02   5.5491704141147789e-03
