   1.0507256200000000e+02   1.0290412723289143e-02
   1.2715166600000001e+02   7.1517117102577387e-03
   1.3310420700000000e+02   8.9125355810764084e-02
   1.3410751300000001e+02   1.2246613768897293e-02
   2.3718924400000000e+02   1.9848189336833737e-02
   2.4314257200000000e+02   2.0752005240112552e-02
   2.4918908800000000e+02   1.5402661535054804e-02
   2.6115375299999999e+02   1.6156334591342518e-02
   2.7319131800000002e+02   4.5793970321666589e-03
   2.7520459899999997e+02   6.9293008937762772e-03
   2.8922269299999999e+02   5.2157754802518120e-03
   3.0122093400000000e+02   3.6875376209840875e-02
   3.0220006500000000e+02   2.3600859281838363e-02
   3.0320239800000002e+02   6.0183151169602043e-03
   3.1322025800000000e+02   1.5129203706136032e-02
   3.1523380600000002e+02   3.3538284951381008e-03
   3.1621051399999999e+02   7.4926549350193021e-03
   3.2723605199999997e+02   1.4064856768770428e-02
   3.3022386699999998e+02   1.1050307493473575e-02
   3.4424000999999998e+02   6.0959090506232088e-03
   3.5526918000000001e+02   1.4264723506143327e-02
   3.6827763800000002e+02   2.9620535269654351e-02
   3.6928468199999998e+02   1.0000000000000000e+00
   3.7004496999999998e+02   1.4949989152340195e-02
   3.7028827100000001e+02   2.5009949654525626e-01
   3.7129091899999997e+02   4.4660089403240073e-02
   3.7142975300000001e+02   5.9710617835001284e-04
   3.7229531300000002e+02   3.1748982685145077e-03
   3.7327659499999999e+02   1.1830224996116731e-02
   3.8327019000000001e+02   1.2471003629571180e-02
   3.8427562300000000e+02   7.4211718276558387e-03
   3.8527989800000000e+02   2.1391027120805411e-02
   3.8628785199999999e+02   8.3436061984927978e-02
   3.8729569300000003e+02   7.0981375668598978e-01
   3.8801304099999999e+02   1.8189989686410189e-02
   3.8829912899999999e+02   1.8996882205341567e-01
   3.8866728300000000e+02   7.1266943262609291e-03
   3.8930231199999997e+02   3.1953791457644994e-02
   3.9926309300000003e+02   3.7302090673333932e-03
   4.0026512200000002e+02   5.3127683738565558e-03
   4.0127631200000002e+02   3.8218113679285022e-02
   4.0228140400000001e+02   1.6668347119146165e-02
   4.0328985100000000e+02   1.3333979357601916e-02
