   9.1055836999999997e+01   1.0704022112720370e-02
   1.0305642500000000e+02   4.3299840139976861e-03
   1.0507214800000000e+02   2.6146480435356816e-02
   1.0607305100000001e+02   4.0577733578649119e-03
   1.0903100700000000e+02   2.9210879786554234e-03
   1.1505629000000000e+02   1.0484790462324775e-01
   1.1605841300000000e+02   1.4318023971878233e-02
   1.1705992900000000e+02   6.6149306649379985e-02
   1.1806574000000001e+02   1.1877473273765579e-02
   1.2704344800000000e+02   2.6338334471304389e-03
   1.3006713999999999e+02   1.2629042196532863e-02
   1.3106893900000000e+02   1.4891220248015887e-02
   1.3208318100000000e+02   1.6107434735502357e-01
   1.3306881700000000e+02   4.5814304893386566e-02
   1.3406415100000001e+02   1.1455643393312455e-02
   1.4206697100000000e+02   3.6956780041853168e-02
   1.4307326900000001e+02   2.0351794142147783e-02
   1.4405001700000000e+02   5.7784703131803566e-03
   1.4606202800000000e+02   9.3676672699731289e-02
   1.4615264700000000e+02   3.5199210193299049e-03
   1.4706890700000000e+02   4.1645799997627242e-02
   1.4807653199999999e+02   2.0049587208530451e-02
   1.4905342200000001e+02   3.5830600526300565e-03
   1.5806187199999999e+02   1.2063029303773461e-02
   1.5906913900000001e+02   2.9810134019874156e-02
   1.5997199400000000e+02   8.3154290475125168e-04
   1.6007751200000001e+02   1.0000000000000000e+00
   1.6057799399999999e+02   4.4526558617479360e-02
   1.6108080699999999e+02   1.2843836726735175e-01
   1.6141899799999999e+02   2.4808240751351397e-02
   1.6182111599999999e+02   1.7616508607346416e-02
   1.6208272400000001e+02   1.4205992444640041e-02
   1.6225361599999999e+02   1.5653911920710428e-02
   1.6264109099999999e+02   4.8992271505317354e-03
   1.6270620500000001e+02   5.5194358000953073e-03
   1.6274812600000001e+02   2.5063168619716804e-03
   1.6306446500000001e+02   1.2773876348317222e-02
   1.7508558900000000e+02   9.1377186278822024e-03
   1.7607318000000001e+02   2.9603422855991730e-02
   1.7710424499999999e+02   1.3873933736888958e-02
   1.8708869300000001e+02   2.5918168259597089e-03
   2.5012686700000000e+02   2.8563419781271363e-02
   2.5112979500000000e+02   6.5300670044474421e-03
