   9.1056073999999995e+01   6.7935182411620774e-03
   9.8074400999999995e+01   2.7394380123180765e-03
   1.0305686900000001e+02   5.8115501924623659e-03
   1.0507237400000000e+02   3.0989595022303314e-02
   1.0607264800000000e+02   4.5555290015855546e-03
   1.1505666600000001e+02   1.3527168552874683e-01
   1.1605851500000000e+02   1.8330023522504086e-02
   1.1706014999999999e+02   8.6898982255612822e-02
   1.1714523100000000e+02   4.5996867709873750e-03
   1.1806560200000000e+02   1.3232789618556940e-02
   1.3006771599999999e+02   1.9848775308528150e-02
   1.3107451599999999e+02   2.0043684650443941e-02
   1.3208347800000001e+02   1.7290998744900324e-01
   1.3306816400000000e+02   5.1564810823991253e-02
   1.3406494599999999e+02   1.0375944739705718e-02
   1.4206733199999999e+02   4.3936542961021063e-02
   1.4307385600000001e+02   2.6372742525023748e-02
   1.4405142000000001e+02   7.7010085343381246e-03
   1.4505576800000000e+02   3.6300774095402617e-03
   1.4606224399999999e+02   8.4100196773813959e-02
   1.4617060200000000e+02   1.3287870176157961e-03
   1.4706908899999999e+02   3.3419645466489227e-02
   1.4807685799999999e+02   1.6940570193263029e-02
   1.5806195000000000e+02   9.3752160879855689e-03
   1.5906976299999999e+02   3.3701173213702980e-02
   1.5990624099999999e+02   8.1752529670017717e-04
   1.6007779600000001e+02   1.0000000000000000e+00
   1.6057902300000001e+02   4.9169009009883330e-02
   1.6108111600000001e+02   1.0580115724411847e-01
   1.6142143799999999e+02   1.9844106245534184e-02
   1.6183019999999999e+02   1.4482683312366481e-02
   1.6208321100000001e+02   1.0565802039749271e-02
   1.6226820599999999e+02   7.1713691067878012e-03
   1.6259116800000001e+02   4.1921733993111873e-04
   1.6267073800000000e+02   1.5273533992383999e-03
   1.6270118900000000e+02   9.8347284843088283e-04
   1.6306731600000001e+02   8.0626052841321974e-03
   1.6350156699999999e+02   3.0048750808244883e-03
   1.7508871900000000e+02   5.2931765182569323e-03
   1.7607363200000000e+02   2.1058483491181182e-02
   1.7710362900000001e+02   5.2756403179844650e-03
   2.1813427600000000e+02   3.2922515245955137e-03
   2.5012664100000001e+02   1.6173473394337372e-02
   2.5112871500000000e+02   4.0955160065848451e-03
