   8.0025824000000000e+01   1.8813436105896763e-02
   8.1019711999999998e+01   3.0862929137006504e-02
   9.1056725999999998e+01   1.0000000000000000e+00
   9.1363410000000002e+01   1.4099135975998269e-03
   9.1396473000000000e+01   1.5172690166395454e-02
   9.1691361000000001e+01   1.5671984518728706e-03
   9.1768514999999994e+01   8.9846464442096888e-03
   9.2021445999999997e+01   1.9925828618103177e-03
   9.2060208000000003e+01   6.9451329835663975e-02
   9.2373148000000000e+01   9.4862150352404383e-03
   9.3039263000000005e+01   5.5397228758595624e-03
   1.1908944200000001e+02   1.5748176170050848e-01
   1.2009282500000000e+02   1.5359471029693985e-02
   1.5013117500000001e+02   4.8189618981449384e-02
   1.5113390799999999e+02   6.1135006723211024e-03
