   9.1056951999999995e+01   1.0000000000000000e+00
   9.1422506999999996e+01   2.4800446988611672e-02
   9.1756596000000002e+01   1.7845290624804444e-02
   9.2060489000000004e+01   7.0440899217676295e-02
   9.2380826999999996e+01   6.1052610579424771e-03
   9.2678309999999996e+01   1.0132851343815205e-02
   9.3026231999999993e+01   1.0314549538567743e-02
   9.3061097000000004e+01   6.3636872186015707e-03
   9.3329364999999996e+01   2.0641979383752081e-03
   1.0305784700000000e+02   1.9911137366077518e-02
   1.0507353800000000e+02   4.4378237757615902e-02
   1.1505744799999999e+02   8.8017575264488848e-03
