   9.1056100000000001e+01   1.0732316137375540e-02
   9.4041551999999996e+01   1.4796319833619692e-03
   1.0305647100000000e+02   6.3167394602421543e-03
   1.0405261400000001e+02   2.2104063443752408e-03
   1.0507236700000000e+02   3.5703796763123172e-02
   1.0607338500000000e+02   4.8743767704765373e-03
   1.0705228900000000e+02   2.0827655547329439e-03
   1.1505680000000000e+02   1.4633718027237361e-01
   1.1547076100000000e+02   1.1993805947017487e-03
   1.1605886800000000e+02   1.7433213124297058e-02
   1.1706037400000000e+02   9.1784074205011182e-02
   1.1806583000000001e+02   1.5008926640058333e-02
   1.1906848500000000e+02   2.3032265643629225e-03
   1.2004817700000000e+02   1.8823557884878367e-03
   1.2008386500000000e+02   2.0517656659457695e-03
   1.3006807900000001e+02   1.6288445792953611e-02
   1.3107374799999999e+02   1.8871411759280865e-02
   1.3208375799999999e+02   2.0023566224607328e-01
   1.3249403799999999e+02   1.8203805188337235e-03
   1.3306921000000000e+02   6.0250966166559658e-02
   1.3315351300000000e+02   2.1628962943278252e-03
   1.3320316500000001e+02   1.0489186011711621e-03
   1.3324371099999999e+02   1.6915774902281900e-03
   1.3406549899999999e+02   1.1008402185689580e-02
   1.3507091299999999e+02   1.7248733443735145e-03
   1.4206770000000000e+02   4.8859583574136910e-02
   1.4307411700000000e+02   2.6346178647581351e-02
   1.4405084299999999e+02   7.3122227333975408e-03
   1.4505449600000000e+02   3.6761883443862547e-03
   1.4606255100000001e+02   1.1286517349406286e-01
   1.4706928700000000e+02   3.8831852701283913e-02
   1.4807713200000001e+02   2.1462829502518647e-02
   1.4904849500000000e+02   3.5509406015832986e-03
   1.5806246700000000e+02   1.1493593468872696e-02
   1.5906981099999999e+02   3.4855233862160044e-02
   1.5916554099999999e+02   1.5975027829920490e-03
   1.5953865400000001e+02   1.0581668558983443e-03
   1.5984610400000000e+02   4.3906748251233804e-04
   1.6007811799999999e+02   1.0000000000000000e+00
   1.6058114200000000e+02   3.8882485157033249e-02
   1.6108141499999999e+02   1.0752018386200797e-01
   1.6141556000000000e+02   2.4373834139016691e-02
   1.6183723300000000e+02   1.7557166767371950e-02
   1.6208353800000000e+02   1.4445461041275906e-02
   1.6224800700000000e+02   1.6263129052168351e-02
   1.6266228799999999e+02   1.3851380703530855e-02
   1.6306650500000001e+02   9.1200624633040826e-03
   1.6349319199999999e+02   7.8112419973823469e-03
   1.6392378099999999e+02   2.0178182180746241e-03
   1.6406929000000000e+02   1.0830301804319183e-03
   1.6433108700000000e+02   1.1798176586404103e-03
   1.7408241599999999e+02   2.7324430728835267e-03
   1.7508673200000001e+02   6.8398852954369123e-03
   1.7607414700000001e+02   2.6677823970235402e-02
   1.7710342000000000e+02   6.4640101306417804e-03
   1.8708956699999999e+02   2.1627862684299500e-03
   2.2213266400000001e+02   1.7595369699625913e-03
   2.5012734000000000e+02   2.1743022327310440e-02
   2.5113248700000000e+02   4.7172818796331990e-03
