   8.0059884999999994e+01   1.7759474241026071e-02
   8.9041016999999997e+01   9.0525152284793749e-03
   9.1056661000000005e+01   7.5441510174691834e-02
   9.2060056000000003e+01   6.8179244083143645e-03
   9.3036261999999994e+01   2.2541355893350004e-02
   1.0204964600000000e+02   9.9245244101415202e-03
   1.0305746100000000e+02   6.1223092689736447e-01
   1.0342135200000000e+02   1.0359714427051130e-02
   1.0378380500000000e+02   9.9823790923830803e-04
   1.0382324400000000e+02   1.1348622803384950e-03
   1.0406125700000000e+02   5.7103284290557034e-02
   1.0446362800000000e+02   1.7423431871787997e-03
   1.0450746599999999e+02   8.3071993173532371e-04
   1.0479953700000000e+02   4.2700825928266043e-03
   1.0483020900000000e+02   1.6843335713211608e-03
   1.0503685600000000e+02   7.2343472382732282e-02
   1.0507316200000000e+02   1.0000000000000000e+00
   1.0547503100000000e+02   3.5792300379609995e-02
   1.0581635199999999e+02   3.9142479235868499e-02
   1.0604097200000000e+02   2.7028551572859261e-03
   1.0607664200000001e+02   7.5657443183187775e-02
   1.0648831500000000e+02   3.0793784491593396e-02
   1.0682736400000000e+02   1.1995508168499621e-02
   1.0705296199999999e+02   1.4542711566941657e-02
   1.0719001000000000e+02   6.4069147808627890e-03
   1.0750278700000000e+02   6.1355946999960631e-03
   1.1505768700000000e+02   3.4994997071947212e-02
   1.1905323700000000e+02   7.6023386737429765e-03
   1.2103209900000000e+02   5.5038781028746937e-02
   1.2203957900000000e+02   2.5566733878722929e-02
   1.3105297700000000e+02   8.3073523979934494e-03
   1.3306865800000000e+02   1.1753979899303608e-01
   1.3407184000000001e+02   1.1989319840398825e-02
   1.3504792599999999e+02   4.6597597162302751e-01
   1.3605137199999999e+02   3.8190442108772045e-02
   1.3705405900000000e+02   4.8180954294287041e-03
   1.4704725900000000e+02   4.9998709291512962e-02
   1.4805457600000000e+02   2.6171259327262959e-02
   1.4905992900000001e+02   7.8529105253719797e-03
   1.6307865500000000e+02   2.1896483137016837e-02
