   8.9039975999999996e+01   9.0976553355952089e-02
   9.0047391000000005e+01   5.8546465308569912e-02
   9.1055800000000005e+01   1.1869084471313257e-01
   9.2056398999999999e+01   1.7519661903647201e-02
   9.3058577000000000e+01   1.1653225245071614e-02
   9.4043289999999999e+01   2.0453042119260360e-02
   1.0204784600000001e+02   1.0756698775200439e-02
   1.0305670000000001e+02   1.3573215079128417e-01
   1.0405328400000000e+02   7.8710158378572467e-02
   1.0507168299999999e+02   2.5788060119918915e-01
   1.0607145000000000e+02   4.2629791655536979e-02
   1.0705190399999999e+02   2.3555791009934317e-02
   1.1404874500000000e+02   1.1240069916761289e-02
   1.1505661000000001e+02   1.0000000000000000e+00
   1.1546978100000000e+02   3.4395663777643304e-02
   1.1584983800000001e+02   3.2097849275412996e-02
   1.1605741900000000e+02   1.7908983529361486e-01
   1.1656211399999999e+02   7.9242702608021080e-03
   1.1688069100000000e+02   4.3510102503183492e-03
   1.1692714400000000e+02   1.3892931518522872e-03
   1.1705980599999999e+02   6.2430428298765750e-01
   1.1753071000000000e+02   1.0911207404551013e-02
   1.1787255700000000e+02   5.6498467422157767e-03
   1.1806559600000000e+02   1.1367655912558072e-01
   1.1822359500000000e+02   7.1607409550062864e-03
   1.1906898000000000e+02   1.1856782436758298e-02
   1.2004796800000000e+02   1.3456315136986590e-02
   1.2008226999999999e+02   8.1713741591219538e-03
   1.2805268100000001e+02   1.9173202907348894e-02
   1.3006776900000000e+02   2.4757308115329113e-01
   1.3015588700000001e+02   6.5411788626967603e-03
   1.3107437300000001e+02   1.9552500868520137e-01
   1.3116541799999999e+02   6.7840083507442073e-03
   1.3208328000000000e+02   2.8644652069052934e-01
   1.3305702400000001e+02   1.9819638120344352e-01
   1.3406188399999999e+02   2.7752388602296132e-02
   1.4005170300000000e+02   2.6691424737590362e-02
   1.4105912000000001e+02   4.2990810894431665e-02
   1.4206718799999999e+02   1.0555127215390080e-01
   1.4307469699999999e+02   1.4240823572980135e-01
   1.4404908499999999e+02   4.7129665255989224e-02
   1.4505472399999999e+02   2.8063504622664021e-02
   1.4606214600000001e+02   1.3491674062216802e-01
   1.4706619400000000e+02   2.0126050950806957e-02
   1.4804178999999999e+02   7.4957337423229463e-03
   1.4807666699999999e+02   9.8955880083675812e-03
   1.5806186099999999e+02   3.8778250377923623e-02
   1.5906971300000001e+02   2.2714210182455605e-01
   1.6007752800000000e+02   3.0327136648571013e-01
   1.6108106900000001e+02   3.5167279815656802e-02
   1.6205808600000000e+02   6.2404339175163269e-03
