   1.3208410000000001e+02   3.2559892791719221e-03
   1.4704788700000000e+02   8.0669052103632313e-03
   1.4906432599999999e+02   2.7195839904473112e-03
   1.6007950000000000e+02   2.5963963153190478e-01
   1.6058321300000000e+02   3.8728152191600637e-03
   1.6064721000000000e+02   9.5910300797679630e-04
   1.6100128200000000e+02   2.3729692225504672e-03
   1.6108278899999999e+02   2.7403450015367797e-02
   1.7705921699999999e+02   2.4191601837153558e-02
   1.7806369400000000e+02   4.4985785613520088e-03
   1.9009107299999999e+02   3.1679613004451701e-01
   1.9063351100000000e+02   7.4657325194816037e-03
   1.9109434600000000e+02   4.6065560230494483e-02
   1.9158411200000000e+02   5.9067454340163842e-03
   1.9210094200000000e+02   6.6667993018511050e-03
   2.0608562300000000e+02   3.2973285757484060e-03
   2.0709124000000000e+02   1.2801097708791012e-03
   2.0799040600000001e+02   3.9598951846309642e-04
   2.0802814799999999e+02   4.6693443800073086e-04
   2.0810263300000000e+02   1.0000000000000000e+00
   2.0867661600000000e+02   4.0923812696123905e-02
   2.0910614799999999e+02   1.4823033804951005e-01
   2.0963651800000000e+02   3.4836026813527481e-02
   2.1010831300000001e+02   4.2460422429383901e-02
   2.1058933600000000e+02   2.4460799009125275e-02
   2.1109379300000001e+02   1.6854214166839056e-02
   2.1154572800000000e+02   1.5797630911908896e-02
   2.1200171499999999e+02   1.3504758120134765e-02
   2.1248497100000000e+02   1.1498730457103253e-02
   2.1295822600000000e+02   4.5811404142007059e-03
   2.1710422800000001e+02   2.3435623333131084e-03
   2.2211907099999999e+02   1.0377094149642113e-02
   2.3111935900000000e+02   1.6342842657261682e-02
   2.3212256400000001e+02   2.9291292811740675e-03
   2.4912904800000001e+02   3.6521963549912993e-03
   2.7616636399999999e+02   4.0782757816367008e-03
   2.8219335899999999e+02   5.8739683688691403e-03
   3.8415537200000000e+02   1.1881119190417471e-02
   3.8515935700000000e+02   2.5614766423554098e-03
   3.9413805800000000e+02   3.7196787190367981e-03
