   8.2065949000000003e+01   1.2779016913122335e-02
   8.4081305999999998e+01   1.0000000000000000e+00
   8.4443382000000000e+01   3.8431625954513639e-02
   8.4754060999999993e+01   1.5265232707856655e-02
   8.5084531999999996e+01   6.1639881785772239e-02
   8.5351696000000004e+01   6.5230011589065377e-03
   8.5660741000000002e+01   8.0281722171600730e-03
   8.5702865000000003e+01   3.1022593396633122e-03
   8.5943427999999997e+01   2.6489063705294005e-03
   9.4066272999999995e+01   5.2212589108582917e-02
   9.8097510999999997e+01   8.7948068543512760e-03
   1.1211352800000000e+02   1.4540852329190907e-02
   1.2008165400000000e+02   7.5544986370606219e-03
   1.3208201000000000e+02   1.9973614953062845e-02
   1.4609701400000000e+02   1.6345670999204032e-02
   1.5009158800000000e+02   1.9849082908384932e-01
   1.5109475800000001e+02   1.8426059193527793e-02
   1.7412797399999999e+02   1.9560108397607679e-02
   1.7512895100000000e+02   3.5379678789898023e-03
   1.7713914100000000e+02   9.0290402583199800e-02
   1.7814222400000000e+02   1.2177160035679343e-02
   1.8913923100000000e+02   8.8975565564633277e-03
   2.1613929400000001e+02   1.6615105036106612e-02
   2.3316617800000000e+02   3.0457707658672739e-01
   2.3416955500000000e+02   6.1692478706172546e-02
   2.3517317499999999e+02   7.5156345997451747e-03
   3.2321226799999999e+02   9.9797837232680972e-03
