   1.0507217199999999e+02   1.7941891847097862e-02
   1.3306735900000001e+02   4.2394797073382624e-02
   1.3504651799999999e+02   5.1265076423984694e-02
   1.3605395100000001e+02   3.0473004654474344e-02
   1.4906149099999999e+02   5.2710004277694541e-03
   1.6307759999999999e+02   1.0000000000000000e+00
   1.6359178800000001e+02   2.1856978786088492e-02
   1.6370141599999999e+02   1.3448513255813197e-03
   1.6408092700000000e+02   1.0939062645473699e-01
   1.6442866699999999e+02   1.2426867993838284e-02
   1.6486009100000001e+02   3.6842298801859881e-03
   1.6508379099999999e+02   9.2492937818662354e-03
   1.7808919900000001e+02   9.1021947107070376e-03
   1.8010499899999999e+02   1.2421998285141866e-01
   1.8110743500000001e+02   1.8544060169583338e-02
   2.2113243600000001e+02   1.0460171444539583e-02
