   8.1045326000000003e+01   5.9792690873304091e-03
   8.2052837999999994e+01   1.2317653972386659e-02
   1.2308145600000000e+02   7.3882795900509562e-03
   1.4807549399999999e+02   7.2360344521451717e-03
   1.7409136500000000e+02   2.5947124809088051e-01
   1.7509436099999999e+02   3.6779795318450860e-02
   1.7610472899999999e+02   1.0578726258765894e-02
   2.3114934600000001e+02   1.6677679641496971e-02
   2.3316578100000001e+02   1.0000000000000000e+00
   2.3376995199999999e+02   4.4943188207996428e-02
   2.3416911800000000e+02   1.6607339833144993e-01
   2.3477843899999999e+02   4.0699913246321766e-02
   2.3517241200000001e+02   2.4514020129974983e-02
   2.3581085400000001e+02   1.9649138388337279e-02
   2.3586276799999999e+02   5.0955501520030047e-03
   2.4516392300000001e+02   8.5687757409644346e-03
   2.4815211400000001e+02   9.7677505637665338e-03
   2.4916077300000001e+02   5.0912069750613159e-02
   2.5016373600000000e+02   8.8359563725181715e-03
