   9.1055886000000001e+01   8.3343779613075347e-02
   9.2059663999999998e+01   7.2846110782285181e-03
   1.0305661400000000e+02   2.6530142050759296e-02
   1.0406111300000001e+02   3.1260399619822562e-03
   1.1505645900000000e+02   1.1347747506892961e-01
   1.1606090500000001e+02   1.3955058912451279e-02
   1.1692021699999999e+02   9.3316402251290734e-04
   1.1707232800000000e+02   1.0000000000000000e+00
   1.1750241699999999e+02   3.5355154701889761e-02
   1.1786789600000000e+02   3.4658054395730095e-02
   1.1807585100000000e+02   8.7715607549400471e-02
   1.1857122699999999e+02   2.2863554596569916e-02
   1.1892138700000000e+02   9.7046845154796623e-03
   1.1908034800000000e+02   5.7669880148812714e-03
   1.1927738500000000e+02   7.2831696182004196e-03
   1.1962956200000001e+02   3.2425663219885423e-03
   1.1999025300000000e+02   1.5357229942541959e-03
   1.2008344000000000e+02   3.5882377311471099e-02
   1.2106771999999999e+02   3.9474607397063217e-02
   1.2207103100000000e+02   3.7441546055940332e-03
   1.2705695500000000e+02   9.4410511721832166e-02
   1.2806026499999999e+02   1.0436595163912404e-02
   1.3409916999999999e+02   3.5160591807576335e-03
   1.4408307600000001e+02   2.6686174305062916e-02
   1.4506737799999999e+02   2.8891102584608769e-01
   1.4556021899999999e+02   4.5504495857307771e-03
   1.4607087999999999e+02   3.3857268040009554e-02
   1.4707441600000001e+02   4.2562258860371505e-03
   1.6209416300000001e+02   6.8865900855377249e-02
   1.6307986500000001e+02   5.2127758994045627e-02
   1.6408269300000001e+02   5.3922056703284999e-03
   1.8010575900000001e+02   2.0352923246632498e-02
