   9.1057098999999994e+01   3.2996402539806124e-02
   9.2060781000000006e+01   2.8580566232511381e-03
   1.0305731000000000e+02   3.3898405175049272e-03
   1.0507348399999999e+02   4.1060315923688931e-03
   1.1505799399999999e+02   1.0940357876640187e-02
   1.1605638300000000e+02   3.2104301699068748e-03
   1.1706095300000000e+02   4.9588496040139915e-02
   1.1806521600000001e+02   5.5259479751037796e-03
   1.1905309300000000e+02   4.8086201412384975e-02
   1.2005631800000000e+02   4.3763424625442504e-03
   1.3006933100000001e+02   4.2162734836587654e-03
   1.3107665200000000e+02   1.2674411475655194e-02
   1.3208473499999999e+02   4.9623306458006294e-01
   1.3249767499999999e+02   9.4233634598407598e-03
   1.3292814400000000e+02   1.0269749085111631e-02
   1.3308788400000000e+02   4.5115257205764918e-02
   1.3319543100000001e+02   1.7205673540265129e-03
   1.3328884800000000e+02   8.6581148826427035e-03
   1.3366592199999999e+02   6.4142224538323873e-03
   1.3409278599999999e+02   5.0502086296443883e-03
   1.3504868099999999e+02   6.2055213195416677e-03
   1.4107311400000000e+02   3.6389427908133558e-03
   1.4206916799999999e+02   4.9566469820085590e-03
   1.4505600999999999e+02   3.8700067054555989e-03
   1.4704772800000001e+02   1.0211883010205616e-01
   1.4714485600000000e+02   3.1257444765473608e-03
   1.4805131100000000e+02   1.1792937963185000e-02
   1.4906319999999999e+02   5.1389767207912787e-02
   1.5006645399999999e+02   4.4456479356813046e-03
   1.5907251299999999e+02   3.4852680473957437e-03
   1.6007915499999999e+02   1.0000000000000000e+00
   1.6058035699999999e+02   4.3106477481635971e-02
   1.6108249699999999e+02   1.0463754996161259e-01
   1.6141968100000000e+02   2.9917153306456844e-02
   1.6184233200000000e+02   2.3400757175170327e-02
   1.6208543200000000e+02   9.6702691911907650e-03
   1.6225627499999999e+02   1.6924091185837247e-02
   1.6266736900000001e+02   1.0441241861331708e-02
   1.6308722399999999e+02   4.7241113541743882e-03
   1.6349874500000001e+02   3.9372973074134161e-03
   1.7405905400000000e+02   6.0579209019926902e-03
   1.7506692699999999e+02   4.5328977002273785e-02
   1.7607235299999999e+02   9.0374057074922593e-03
   1.7705945900000000e+02   1.1291686766111420e-02
   1.9009069199999999e+02   9.7177770331048241e-02
   1.9109424799999999e+02   1.5193530447784449e-02
   1.9210231600000000e+02   4.2601750463113512e-03
   2.0608655800000000e+02   1.3173495202196810e-02
   2.0709367900000001e+02   9.2486668064810061e-03
   2.0810181100000000e+02   1.3255981307165350e-02
   2.1111860100000001e+02   2.4252129152528999e-03
   2.1710282799999999e+02   2.6314717378142795e-03
   2.3111846499999999e+02   9.2865378298578952e-03
   3.8415495399999998e+02   3.7933732246837239e-03
   3.9414006799999999e+02   3.1088757898903026e-03
