   8.0054764000000006e+01   5.6565612072007635e-03
   8.9039957000000001e+01   1.0567260400212931e-01
   9.0047417999999993e+01   6.9723010194158996e-02
   9.1055822000000006e+01   1.4070871193262874e-01
   9.2055997000000005e+01   2.1023859396501605e-02
   9.3035777999999993e+01   5.4299867489036322e-03
   9.3058868000000004e+01   8.5292545595060977e-03
   9.4043180000000007e+01   2.1477240201150209e-02
   1.0104070400000001e+02   5.3192866160699280e-03
   1.0204841000000000e+02   9.9284480144753162e-03
   1.0305664200000000e+02   1.4114048919389197e-01
   1.0313617300000000e+02   5.4470274690599585e-03
   1.0405335800000000e+02   7.3945474637308606e-02
   1.0507165700000000e+02   2.5692642684822264e-01
   1.0607143499999999e+02   3.8857740450854855e-02
   1.0705177500000001e+02   2.6541058196447618e-02
   1.1404828700000000e+02   1.2728514282221307e-02
   1.1505665300000000e+02   1.0000000000000000e+00
   1.1548109500000000e+02   4.0518185062608188e-02
   1.1584408900000000e+02   3.2107234153631002e-02
   1.1605737000000001e+02   1.8889025085553773e-01
   1.1655239400000001e+02   2.0709316103616097e-02
   1.1687134900000000e+02   9.5081409135878633e-03
   1.1690990200000000e+02   6.3003544405244340e-03
   1.1705984500000000e+02   6.2816696781621173e-01
   1.1753998100000000e+02   2.1904721403912638e-02
   1.1789208600000001e+02   4.9174578731128616e-03
   1.1794012300000000e+02   4.1850428564429700e-04
   1.1806571500000000e+02   1.1410960914978230e-01
   1.1822317400000000e+02   5.6149996653176749e-03
   1.1859325500000000e+02   3.5308501260270988e-03
   1.1892835800000000e+02   1.9059141820296180e-03
   1.1906923200000000e+02   1.2456110098027386e-02
   1.2004741100000000e+02   1.4135341917854306e-02
   1.2008328500000000e+02   7.0297302189351700e-03
   1.2805232300000000e+02   1.8680262682701208e-02
   1.2906075100000001e+02   5.7194853470139331e-03
   1.3006781799999999e+02   2.2257026980172023e-01
   1.3107455600000000e+02   2.0577624901862557e-01
   1.3116494800000001e+02   3.7868482174664409e-03
   1.3208322200000001e+02   2.2617484103686844e-01
   1.3217056900000000e+02   7.6966607224245483e-03
   1.3305693600000001e+02   1.7084748471547451e-01
   1.3406188599999999e+02   2.6419888606619684e-02
   1.4005205900000001e+02   2.6096897567779300e-02
   1.4105956200000000e+02   4.2199987955309159e-02
   1.4206739800000000e+02   9.6489666694486928e-02
   1.4307483700000000e+02   1.3004719535371856e-01
   1.4404949600000000e+02   4.2320951249146102e-02
   1.4505482799999999e+02   2.4754068886982134e-02
   1.4606243900000001e+02   1.3127072250006988e-01
   1.4706659600000000e+02   1.9332972787841806e-02
   1.4804161999999999e+02   7.4327062774333808e-03
   1.4807649900000001e+02   9.8934290143950845e-03
   1.5806253899999999e+02   3.7499216378610721e-02
   1.5906990800000000e+02   2.1682605872090160e-01
   1.6007739900000001e+02   2.2503497381893448e-01
   1.6108060499999999e+02   2.5957406074487439e-02
   1.6205704399999999e+02   7.4422745385240661e-03
