   9.7067543000000001e+01   6.3313471336610971e-03
   9.9083278000000007e+01   2.7959739735577199e-03
   1.2409126800000000e+02   5.8452189636179373e-03
   1.4711945700000001e+02   9.4920598952018993e-03
   1.4909896499999999e+02   2.7543787674275690e-03
   1.7111979400000001e+02   3.6416881854546800e-03
   2.5320009099999999e+02   4.1708421206601724e-02
   2.5420440800000000e+02   8.7985068660340286e-03
   2.6919505400000003e+02   4.1281272416357926e-03
   2.7020396699999998e+02   5.2401291155541726e-03
   2.7121111100000002e+02   1.1634922151308599e-01
   2.7221461599999998e+02   2.2814114482103694e-02
   2.7321468099999998e+02   3.5119405835755766e-03
   3.8528094700000003e+02   6.7767058110413296e-03
   3.8628841899999998e+02   1.9969831550718971e-02
   3.8729570699999999e+02   1.0000000000000000e+00
   3.8829914300000002e+02   2.4725194617023205e-01
   3.8869321400000001e+02   8.7577553319059375e-03
   3.8930238300000002e+02   6.3274886834213909e-02
   3.9002812699999998e+02   5.3195789118628128e-03
   3.9030627800000002e+02   3.2304534310032278e-03
   3.9060968800000001e+02   1.1062731732930124e-02
   3.9129124400000001e+02   7.7608399030329326e-03
   4.0130677800000001e+02   7.3072322639854918e-03
   4.0329330700000003e+02   4.9174279029976483e-03
   7.7357962699999996e+02   1.1424176800365436e-01
   7.7458331399999997e+02   7.1909506486917754e-02
   7.7558453799999995e+02   2.5411210184205103e-02
   7.7659033399999998e+02   8.1282034494222482e-03
