   8.0060179000000005e+01   1.4289937467494322e-02
   8.9040295000000000e+01   1.2180644344355500e-02
   9.1056662000000003e+01   8.0794313161756323e-02
   9.2059610000000006e+01   7.8190794249641399e-03
   9.3036314000000004e+01   1.8009231790112389e-02
   1.0204935700000000e+02   1.5297761211026203e-02
   1.0305745500000000e+02   5.4016404567375131e-01
   1.0406125900000001e+02   6.2253160396400262e-02
   1.0503667900000001e+02   7.6392667980245632e-02
   1.0507314500000000e+02   1.0000000000000000e+00
   1.0547918799999999e+02   5.2482465383160551e-02
   1.0581502000000000e+02   4.9035201797720800e-02
   1.0604029600000000e+02   8.9795834621802656e-03
   1.0607670100000000e+02   9.8781731180491134e-02
   1.0644146600000001e+02   1.4187976641489952e-03
   1.0647042300000000e+02   5.5410213218071054e-03
   1.0681236500000000e+02   1.1448649995838668e-03
   1.0684534100000000e+02   1.4156523052181963e-03
   1.0705208900000000e+02   8.1611976287616298e-03
   1.1505758899999999e+02   3.5134128572243191e-02
   1.1905287900000000e+02   1.2244433138617840e-02
   1.2103203999999999e+02   6.3759540659143521e-02
   1.2203970300000000e+02   2.5607477230443709e-02
   1.3105257599999999e+02   1.0150346267964721e-02
   1.3306886100000000e+02   1.8139899575794902e-01
   1.3407180600000001e+02   2.1322801613518488e-02
   1.3504785799999999e+02   5.1889492490315647e-01
   1.3605149299999999e+02   4.7038083451255805e-02
   1.4704716199999999e+02   6.2690576453114877e-02
   1.4805377700000000e+02   2.8447977934339064e-02
   1.6307907000000000e+02   4.0528942362532919e-02
