   8.0059900999999996e+01   1.6494513084508743e-02
   9.1056800999999993e+01   7.2345944357951428e-02
   9.3036798000000005e+01   1.5902802182513706e-02
   1.0305745200000000e+02   5.4018751819736666e-01
   1.0406140600000001e+02   5.5610037444570909e-02
   1.0503679700000001e+02   6.4541280100369705e-02
   1.0507312899999999e+02   1.0000000000000000e+00
   1.0551594000000000e+02   3.4015572518320228e-02
   1.0579456000000000e+02   1.9915613044265722e-02
   1.0607664900000000e+02   8.5828983554772947e-02
   1.1505770800000001e+02   3.3545195606252909e-02
   1.2103199600000001e+02   4.6429230945477011e-02
   1.2203947200000000e+02   2.5055779539648868e-02
   1.3306879100000000e+02   1.4549026216838035e-01
   1.3407130699999999e+02   2.0305197525725651e-02
   1.3504791700000001e+02   4.7118841616811441e-01
   1.3605094700000001e+02   4.1639866271551446e-02
   1.4704741100000001e+02   4.8816789531891308e-02
   1.4805420200000000e+02   2.3922843311242021e-02
   1.6307939400000001e+02   2.4765387165451395e-02
