   8.9040864999999997e+01   1.7862391310322370e-02
   9.0048648000000000e+01   2.0228418272682350e-02
   9.1056980999999993e+01   2.2677041484306340e-01
   9.1403527999999994e+01   3.9050472553122163e-03
   9.1469886000000002e+01   2.2776763296618536e-03
   9.1743955000000000e+01   3.6292064442028731e-03
   9.2060122000000007e+01   2.1933328747846037e-02
   9.3037437999999995e+01   8.7129312588234802e-03
   1.0305788000000000e+02   2.7597170709948812e-02
   1.0405537800000000e+02   9.5284168100034389e-03
   1.0507369500000000e+02   2.7975799789381500e-02
   1.0607217500000000e+02   4.6005520758385168e-03
   1.1505795800000000e+02   5.9638381995531758e-02
   1.1605536600000001e+02   1.9613284270088314e-02
   1.1706096500000000e+02   3.5008305992664340e-01
   1.1744696900000000e+02   1.0917098560189891e-02
   1.1787324700000001e+02   3.7129711084025081e-03
   1.1806547500000001e+02   3.8800590629448822e-02
   1.1816396800000000e+02   1.1296303432974303e-02
   1.1853852700000000e+02   2.1586320065480097e-03
   1.1858150900000000e+02   1.4903811835669846e-03
   1.1905338500000001e+02   1.0497228608642678e-01
   1.2005695799999999e+02   9.5652425492189688e-03
   1.2103350600000000e+02   2.6224298409770366e-03
   1.2613169200000000e+02   5.4095832470726721e-03
   1.3006899899999999e+02   3.2854889670812869e-02
   1.3107667300000000e+02   8.6631351153126257e-02
   1.3190936500000001e+02   1.1369688367279334e-03
   1.3208484899999999e+02   1.0000000000000000e+00
   1.3254318900000001e+02   4.0841886272735342e-02
   1.3293098100000000e+02   1.7554110699485839e-02
   1.3308821000000000e+02   9.3813747628290076e-02
   1.3328634400000001e+02   2.0188121167609076e-02
   1.3366744299999999e+02   2.1042690779771341e-02
   1.3409285000000000e+02   1.8498940812583211e-02
   1.3438190299999999e+02   1.2690048070567608e-02
   1.3480264700000001e+02   9.7118767527879912e-03
   1.3504859600000000e+02   9.3456663541109878e-03
   1.3514019500000001e+02   2.5455140595337035e-03
   1.3518782300000001e+02   6.0223184354460581e-03
   1.3558291800000001e+02   3.6238704164341254e-03
   1.4005307600000000e+02   2.9916094854816199e-03
   1.4107141500000000e+02   8.3074337069578910e-03
   1.4206988699999999e+02   1.0551523394688374e-02
   1.4307227700000001e+02   3.3469066145935910e-03
   1.4405040700000001e+02   1.9206515993918393e-03
   1.4505604199999999e+02   1.0817783191625508e-02
   1.4606307500000000e+02   7.0900643415984345e-03
   1.4704850600000000e+02   7.6803021278587000e-02
   1.4805233999999999e+02   8.7849737301528077e-03
   1.4906392900000000e+02   4.4601106930379157e-02
   1.5006614200000001e+02   4.1290813220449243e-03
   1.5907189199999999e+02   8.2452800434325204e-03
   1.6007997900000001e+02   5.5808631794786490e-01
   1.6058597200000000e+02   2.3311858181660775e-02
   1.6108335099999999e+02   5.4293788125492508e-02
   1.6133693900000000e+02   3.8113318468648580e-04
   1.6141824700000001e+02   4.5853751551020502e-03
   1.6184511499999999e+02   1.5795140045473614e-03
   1.6190835899999999e+02   6.1623799690294176e-04
   1.6208668499999999e+02   4.4251407476654471e-03
   1.6221995999999999e+02   6.3895488047319236e-04
   1.7405937299999999e+02   2.4708212487313301e-02
   1.7506755799999999e+02   5.4995683523965312e-02
   1.7607203200000001e+02   9.9413513091867953e-03
   1.7706728600000000e+02   3.2366911597232900e-03
   1.9009232200000000e+02   1.1897112778907596e-02
   2.0608897800000000e+02   5.1522657717934777e-03
   2.0709507800000000e+02   9.9078161842260527e-03
   2.0810104300000000e+02   2.5662580743656058e-03
