   8.0059539999999998e+01   3.2551539255896030e-03
   9.1056860000000000e+01   2.1676577690887627e-02
   9.3036253000000002e+01   5.3546296628290612e-03
   1.0305751200000000e+02   1.0836246279591664e-01
   1.0406138100000000e+02   9.9760728880962640e-03
   1.0479330600000000e+02   1.5815591797192800e-03
   1.0483868200000001e+02   1.1226629793333329e-03
   1.0487794200000000e+02   7.1551175003289154e-04
   1.0491054000000000e+02   8.2677144875741655e-04
   1.0503727000000001e+02   6.7467113525994304e-03
   1.0507330300000000e+02   1.0000000000000000e+00
   1.0547829000000000e+02   5.0063821467296175e-02
   1.0582427199999999e+02   4.2615589271539606e-02
   1.0607693200000000e+02   8.8421652629658218e-02
   1.0649907000000000e+02   3.1292951902614261e-02
   1.0683129200000000e+02   2.6521461052428100e-02
   1.0705326400000000e+02   2.6118223905113373e-02
   1.0751629000000000e+02   1.6033334646680861e-02
   1.0785377000000000e+02   5.1821294971011525e-03
   1.0816556400000000e+02   7.5973794735356530e-03
   1.0823868899999999e+02   3.8701928504640574e-03
   1.0853535200000000e+02   3.3521824221171659e-03
   1.1505749800000000e+02   1.0214901887516455e-02
   1.1905297400000001e+02   1.5906479265761903e-02
   1.2008534600000000e+02   3.3535708329628469e-03
   1.2103217400000000e+02   1.0301094330005617e-02
   1.2204008300000000e+02   1.8450980874792869e-02
   1.2304527500000000e+02   2.5027535826958589e-03
   1.3105318399999999e+02   8.3426085329346162e-03
   1.3306869900000001e+02   6.6863341853606517e-01
   1.3352563699999999e+02   2.9759826525829463e-02
   1.3391295600000001e+02   1.8585034098635333e-02
   1.3407212600000000e+02   6.1418740509791660e-02
   1.3427437599999999e+02   1.4696898126949806e-02
   1.3466404199999999e+02   1.4316456124066271e-02
   1.3504789900000000e+02   8.4182840886555133e-01
   1.3549197599999999e+02   3.7247889445144643e-02
   1.3588300799999999e+02   3.1217677749260080e-02
   1.3605156900000000e+02   6.8815179509430099e-02
   1.3624476999999999e+02   2.9428337672385729e-02
   1.3663587999999999e+02   1.8249848330607065e-02
   1.3705614399999999e+02   1.2030219978918564e-02
   1.3742034899999999e+02   1.1515445768292939e-02
   1.3779402800000000e+02   9.4127789343073139e-03
   1.3815011200000001e+02   5.9577206710207300e-03
   1.4506745100000001e+02   3.5344870675712613e-03
   1.4805634400000000e+02   6.4798798875767265e-03
   1.4906339199999999e+02   3.2361312019425395e-02
   1.5006666500000000e+02   3.3725813686984437e-03
   1.6307916200000000e+02   5.9806118156531363e-01
   1.6359065600000000e+02   2.5487414282129837e-02
   1.6408268400000000e+02   6.9628871320966235e-02
   1.6443628600000000e+02   6.7131398040678886e-03
   1.6485796700000000e+02   3.8905966235856675e-03
   1.6508725000000001e+02   6.1800157464851147e-03
   1.6528800200000001e+02   2.0295783408446890e-03
   1.6566006100000001e+02   7.5881946211100277e-04
   1.6609482399999999e+02   1.5400315235268049e-03
   1.7809057100000001e+02   9.3750476615951702e-03
   1.8010647900000001e+02   1.0671853198487390e-02
   2.2013870399999999e+02   4.3245257049912599e-03
   2.3415667999999999e+02   2.9077275040303593e-03
