   9.1055114000000003e+01   7.6477838916776564e-02
   1.0305549200000000e+02   3.9982184419992441e-02
   1.0405542300000000e+02   5.0432396888405770e-02
   1.0505893100000000e+02   6.5780278037086568e-02
   1.1505536499999999e+02   2.0140305343928200e-01
   1.1605721100000000e+02   8.3769466212355106e-02
   1.1706447500000000e+02   1.6002558890003946e-01
   1.1806702400000000e+02   4.3579291785505868e-02
   1.1907712900000000e+02   1.5682730147782157e-02
   1.2705577099999999e+02   3.0135474269375011e-02
   1.2805617899999999e+02   2.7857553818419058e-02
   1.2906591399999999e+02   2.0676145214077086e-02
   1.3006616099999999e+02   7.0132377535076940e-01
   1.3107375200000001e+02   9.1338974528871097e-01
   1.3124368400000000e+02   1.1786658449370666e-02
   1.3207656800000001e+02   1.6153175158308877e-01
   1.3305380099999999e+02   6.3428920941039593e-02
   1.4206559300000001e+02   1.0817973435066203e-01
   1.4307348099999999e+02   6.0734998389410555e-01
   1.4407967700000000e+02   1.7249209332687188e-01
   1.4507891799999999e+02   3.5629942607582156e-02
   1.4606281000000001e+02   3.1147719459940378e-02
   1.4707277500000001e+02   7.8424454424779133e-02
   1.4807584199999999e+02   2.8014887338361105e-02
   1.5806020599999999e+02   7.8553747000733073e-02
   1.5906820400000001e+02   1.0000000000000000e+00
   1.5923452900000001e+02   2.0132187148467515e-02
   1.6007233099999999e+02   1.2539171427582019e-01
   1.6107523100000000e+02   1.6850613321218857e-02
   1.6205547100000001e+02   6.4605813915383684e-02
   1.7207560300000000e+02   2.1980991742457146e-02
   1.7308396800000000e+02   2.6879515741526340e-02
   1.7409209200000001e+02   5.6265281677966617e-01
   1.7419442900000001e+02   1.5657992720769270e-02
   1.7509528900000001e+02   9.8754972747929548e-02
   1.9008733200000000e+02   2.9495320171831835e-02
