   8.0051114999999996e+01   1.5007910687127794e-03
   9.8061722000000003e+01   5.0928383405976297e-03
   1.4606077700000000e+02   3.3705661448146140e-03
   1.4709181300000000e+02   1.7178180653554585e-03
   1.6107221799999999e+02   2.0020249029729818e-03
   1.6110679800000000e+02   2.9692181840179077e-03
   1.6308716000000001e+02   1.3024103785608135e-03
   1.6312406600000000e+02   3.6842945471023754e-03
   1.7508771700000000e+02   3.9030895320873900e-03
   1.7609590100000000e+02   5.2678134152462927e-03
   1.7710324199999999e+02   1.0000000000000000e+00
   1.7763452200000000e+02   4.2685151106826288e-02
   1.7810642400000000e+02   1.4201546573481369e-01
   1.7852155800000000e+02   3.0827217031322459e-02
   1.7896464399999999e+02   2.0594825627035424e-02
   1.7910861700000001e+02   9.8120154947306890e-03
   1.7939483100000001e+02   2.0747299158111021e-02
   1.7983446000000001e+02   1.6307765848138898e-02
   1.8027085400000001e+02   1.3693270572797196e-02
   1.8072605999999999e+02   1.0745822384979172e-02
   1.8112467799999999e+02   8.1702104226163662e-03
   1.8164029400000001e+02   2.0777981533537417e-03
   1.8206306400000000e+02   1.7370013694779534e-03
   1.9111967899999999e+02   6.3115531806810250e-03
   1.9609827500000000e+02   2.9328141250326975e-03
