   9.5088116999999997e+01   5.6184369025595081e-03
   1.0507307400000001e+02   4.7030827519610983e-03
   1.2715282000000001e+02   6.0590582177816521e-03
   1.3310388599999999e+02   6.2960070587804548e-02
   1.3410733600000000e+02   6.5368000743351064e-03
   1.4906116200000000e+02   5.6474345414841533e-03
   2.3718857000000000e+02   1.2355059795555913e-02
   2.4314194300000000e+02   3.1295017595014504e-02
   2.4414636300000001e+02   6.5465760038160119e-03
   2.4918949400000000e+02   1.4983721399731227e-02
   2.6115266300000002e+02   2.4387628882773786e-02
   2.6215547500000002e+02   6.9249667430553658e-03
   2.7318894299999999e+02   7.3449130284525760e-03
   2.7520461699999998e+02   1.0050645707340090e-02
   2.8921986299999998e+02   7.4090194403876406e-03
   3.0121995800000002e+02   3.9250950334158381e-02
   3.0220154100000002e+02   2.3865270380789037e-02
   3.0320959199999999e+02   7.3767340770969237e-03
   3.1322040199999998e+02   1.3354097445047003e-02
   3.1620581099999998e+02   6.1444553592376544e-03
   3.2723628200000002e+02   1.3917323447626776e-02
   3.3022436800000003e+02   1.0570247468105734e-02
   3.4423937400000000e+02   6.1913032693594622e-03
   3.5526745199999999e+02   1.0801789031833113e-02
   3.6827427899999998e+02   2.3583123736954315e-02
   3.6928295900000001e+02   7.5755434730799065e-01
   3.7007734900000003e+02   2.2224790021262320e-02
   3.7028640899999999e+02   2.0237729623820488e-01
   3.7050401799999997e+02   2.9244127713048788e-03
   3.7068604499999998e+02   1.9467212137659985e-02
   3.7128930300000002e+02   4.4933899217499268e-02
   3.7229170499999998e+02   1.8049854439507224e-03
   3.7327876700000002e+02   1.2933345298065927e-02
   3.7428568700000000e+02   8.4762081770402235e-03
   3.8326639399999999e+02   1.6290123665966050e-02
   3.8426966499999997e+02   5.6592062231370028e-03
   3.8527817800000003e+02   2.2040848144857048e-02
   3.8628558700000002e+02   6.6710988375910343e-02
   3.8729436399999997e+02   1.0000000000000000e+00
   3.8808648799999997e+02   2.6708849281254311e-02
   3.8829788400000001e+02   2.6217052767369137e-01
   3.8851484499999998e+02   2.6892787409744131e-03
   3.8868842400000000e+02   2.5007316121772462e-02
   3.8930142999999998e+02   5.9209793727390561e-02
   3.9030172800000003e+02   6.5307532097425439e-03
   3.9925593500000002e+02   8.0026747941320028e-03
   4.0127570100000003e+02   4.5817293006277161e-02
   4.0228057699999999e+02   1.9973939066095840e-02
   4.0328802500000000e+02   1.3760487673928460e-02
