   1.0507290399999999e+02   2.8236597244146431e-02
   1.3306808899999999e+02   5.8047764974086549e-02
   1.3407125800000000e+02   5.8191691421669188e-03
   1.3504726700000001e+02   7.0112341815890628e-02
   1.3605393100000001e+02   2.3717237913514648e-02
   1.3705782400000001e+02   4.3893209938054272e-03
   1.4906254200000001e+02   1.5630613625489065e-02
   1.6307810599999999e+02   1.0000000000000000e+00
   1.6358507599999999e+02   4.6671338130190435e-02
   1.6408153500000000e+02   1.0541042604097210e-01
   1.6442837000000000e+02   1.2571182006628297e-02
   1.6486316099999999e+02   8.1984064317000283e-03
   1.6496899400000001e+02   4.1984232570469756e-04
   1.6508395999999999e+02   7.5420650514221839e-03
   1.6526098600000000e+02   4.5742826461430486e-03
   1.6535905900000000e+02   2.5129592728473431e-04
   1.6572279800000001e+02   1.0543950020111322e-02
   1.6609250800000001e+02   6.8647087430360612e-03
   1.7808961300000001e+02   1.7877516870643977e-02
   1.7908414999999999e+02   4.1344180196281315e-03
   1.8010514900000001e+02   1.9504853056080881e-01
   1.8110831400000001e+02   2.5644968656291244e-02
   2.0612233699999999e+02   4.2993310320401396e-03
   2.2013810000000001e+02   4.4904015911299874e-02
   2.2113945500000000e+02   8.9610281480171691e-03
   2.3415360200000001e+02   2.0082595281107455e-02
   2.3515358499999999e+02   5.3808418116164432e-03
