   8.0050550000000001e+01   1.7328724171647966e-01
   8.1053644000000006e+01   1.2587449599182104e-02
   9.1055316000000005e+01   3.6764571476608798e-03
   9.4067143999999999e+01   4.8583478634862771e-03
   9.8062033000000000e+01   1.8961984747139335e-01
   9.9065589000000003e+01   1.2340433177982167e-02
   1.0606707500000000e+02   6.1250228483821015e-03
   1.1705955100000000e+02   3.7689322292743755e-03
   1.1806719500000000e+02   6.4497552835742572e-02
   1.1907226700000000e+02   1.0983819108235905e-02
   1.2008282300000000e+02   2.5986895640444627e-02
   1.3208308000000000e+02   5.6486921826393059e-03
   1.3307914000000000e+02   4.3820961546871340e-03
   1.4408142799999999e+02   5.0274304118907535e-03
   1.4606195199999999e+02   1.0561836758064440e-01
   1.4616085600000000e+02   3.9740008635809568e-03
   1.4706528499999999e+02   1.3318412040203642e-02
   1.4807651999999999e+02   5.4123730992409070e-03
   1.4907267999999999e+02   1.8485585828441193e-02
   1.5909420100000000e+02   5.1008457166342083e-03
   1.6107238200000000e+02   1.1260260118736013e-02
   1.7508838800000001e+02   5.3746654218193874e-03
   1.7609503200000000e+02   3.7908354207452184e-03
   1.7710427600000000e+02   1.0000000000000000e+00
   1.7763344200000000e+02   4.3644945664454218e-02
   1.7810735199999999e+02   1.5286679298894540e-01
   1.7851929600000000e+02   2.0065965140030458e-02
   1.7895028800000000e+02   7.5141677835052646e-03
   1.7910906700000001e+02   6.6168707239687022e-03
   1.7938221100000001e+02   6.5656390800527655e-03
   1.7984277599999999e+02   1.0179754194460260e-02
   1.8029043500000000e+02   8.3605194494650176e-03
   1.9111980600000001e+02   6.1497855134931339e-03
