   8.0050522999999998e+01   1.5639096251106187e-03
   8.1059194000000005e+01   1.8620453131140263e-03
   8.2066547999999997e+01   7.7567731091857439e-02
   8.3071708000000001e+01   9.1888536229208263e-03
   9.1055903000000001e+01   2.4404246197905370e-02
   9.2059492000000006e+01   1.9776011886944115e-03
   9.3035633000000004e+01   5.6062077855036294e-03
   9.3071595000000002e+01   1.0291023721783393e-02
   9.4067419000000001e+01   7.4747943624449966e-03
   9.6083061000000001e+01   6.7840996945039275e-03
   9.7068417999999994e+01   2.5563820440282349e-03
   1.0503615800000000e+02   2.8767435519409995e-02
   1.0603975100000000e+02   1.7465507065732089e-03
   1.0705154600000000e+02   3.4336579379364188e-03
   1.0808310000000000e+02   2.6009559623265205e-02
   1.0908623200000000e+02   4.0715564027108435e-03
   1.1804403300000000e+02   4.9312892917962202e-03
   1.1905156200000000e+02   3.1532690745719599e-02
   1.2005497500000000e+02   4.1347587834699977e-03
   1.2106764099999999e+02   2.0178400194505839e-03
   1.2209889699999999e+02   2.3359954659496633e-02
   1.2310159000000000e+02   2.7913489575241315e-03
   1.2506263100000000e+02   2.7859496230959154e-03
   1.3208366599999999e+02   3.1297634358931226e-03
   1.3306792899999999e+02   4.2883625580376773e-03
   1.3506874099999999e+02   2.2162532698241154e-03
   1.5009314200000000e+02   6.7757579085677130e-02
   1.5108836299999999e+02   1.3841435734043570e-02
   1.5208097900000001e+02   2.2741253402888311e-03
   1.5408773099999999e+02   6.6601580723565550e-03
   1.6410702800000001e+02   2.1076387247842797e-03
   1.8143912499999999e+02   5.3379527942948291e-04
   1.8163083499999999e+02   1.3256719974692210e-03
   1.8166312900000000e+02   7.6491416578296819e-04
   1.8211975600000000e+02   1.0000000000000000e+00
   1.8265928800000000e+02   4.5186470164959316e-02
   1.8312309500000001e+02   1.4454953719220850e-01
   1.8355677600000001e+02   3.1902472409244542e-02
   1.8412507299999999e+02   7.2325957540182225e-03
   1.8444702899999999e+02   2.0044776416939879e-02
   1.8488754700000001e+02   1.5165170233186417e-02
   1.8534028499999999e+02   9.9029931627478852e-03
   1.8577602500000000e+02   8.6294213076241171e-03
   1.8622375400000001e+02   7.4444948146567850e-03
   1.8667975899999999e+02   2.1694595930723429e-03
   1.8705154200000001e+02   2.6268035369830290e-04
   1.8710724600000000e+02   1.6858026878858686e-03
   1.8758352900000000e+02   1.2359426629080978e-03
   1.9811615399999999e+02   1.2723003764330929e-03
   2.7213218699999999e+02   8.2398108170350110e-03
   2.7313650000000001e+02   1.5192890547969888e-03
   3.0415969999999999e+02   1.9021524497953815e-01
   3.0486145699999997e+02   1.0391362427526149e-03
   3.0493646699999999e+02   1.5677220243634509e-04
   3.0516343599999999e+02   3.0989662364984075e-02
   3.0544119200000000e+02   2.3360714716923973e-03
   3.0595852800000000e+02   3.1510638205483439e-04
   3.0600204200000002e+02   4.0883084258774616e-04
   3.0616462400000000e+02   3.5296337111740020e-03
   3.0717688900000002e+02   1.1860223345879824e-03
