   8.1071715999999995e+01   1.1426779044808520e-01
   8.5102990000000005e+01   5.8151919326443102e-01
   9.1056393000000000e+01   3.5006982029454264e-01
   9.3072227999999996e+01   2.4439690444478410e-01
   9.5088247999999993e+01   9.7126440270033476e-01
   9.6091489999999993e+01   8.1825065275267922e-02
   1.0305708300000001e+02   5.9641866702229124e-02
   1.0507289000000000e+02   8.1208206235943714e-01
   1.0607637900000000e+02   8.4804343905973745e-02
   1.0705158800000000e+02   1.0293458816287457e-01
   1.0708840800000000e+02   2.8010556056567382e-01
   1.0910393200000000e+02   2.0067316945140695e-01
   1.1505658500000000e+02   7.4363275510623647e-02
   1.1707304800000000e+02   8.0974394801095403e-02
   1.1908919299999999e+02   1.0053780589136166e-01
   1.2106806500000000e+02   9.8368895820124327e-02
   1.2110445500000000e+02   2.0554072624375713e-01
   1.2304751000000000e+02   4.3409582667335611e-01
   1.2308291699999999e+02   5.9384866158654417e-02
   1.3108934600000001e+02   1.2489054675714938e-01
   1.3310415300000000e+02   7.0656370972778071e-01
   1.3410754000000000e+02   9.2817254827622486e-02
   1.3504895800000000e+02   4.1207242190127016e-02
   1.3508349600000000e+02   6.4232429437546271e-02
   1.3706261300000000e+02   5.4409889210118056e-01
   1.4308829000000000e+02   8.3101360564184587e-02
   1.4506672900000001e+02   1.0594206770142069e-01
   1.4510207900000000e+02   6.7031372863979130e-02
   1.4704637700000001e+02   3.2946297167941746e-01
   1.4906188900000001e+02   3.0130220315219858e-01
   1.5107884799999999e+02   1.1173443875900940e-01
   1.5508781400000001e+02   8.9660720108143604e-02
   1.5908280900000000e+02   1.4230153562401346e-01
   1.6106204600000001e+02   2.7527146769926475e-01
   1.6307803000000001e+02   2.3506647579648612e-01
   1.6408519400000000e+02   2.1700452454328314e-01
   1.6509162200000000e+02   2.3983513240713117e-01
   1.7306341499999999e+02   1.0867032365829278e-01
   1.7309872899999999e+02   1.2155341426739046e-01
   1.7406952999999999e+02   4.5568867572828763e-02
   1.7507859500000001e+02   2.4843999993376403e-01
   1.7810167799999999e+02   1.0699631775613158e-01
   1.7910761099999999e+02   6.0470924346381967e-02
   1.8308416500000001e+02   1.6455747497745343e-01
   1.8509880799999999e+02   8.0243312880851167e-02
   1.8707868099999999e+02   3.7934941224824237e-01
   1.8808593900000000e+02   5.4573932783866386e-01
   1.8909285499999999e+02   2.8033006683776379e-01
   1.9709922299999999e+02   9.8189341933167723e-02
   1.9907839000000001e+02   1.1911918066109249e-01
   2.0109465499999999e+02   1.0000000000000000e+00
   2.0210068100000001e+02   3.3368049862545152e-01
   2.0310972599999999e+02   2.8167533265489475e-01
   2.1309468699999999e+02   2.2638441194955786e-01
   2.1410243199999999e+02   1.4945767345896771e-01
   2.1511059200000000e+02   2.4554931696536736e-01
   2.1611826500000001e+02   4.9276175286148655e-01
   2.1712527700000001e+02   2.7998858512309677e-01
   2.2513054600000001e+02   7.0150141679920869e-02
   2.2711086499999999e+02   2.5271654159413970e-01
   2.2811815700000000e+02   2.8812722911115807e-01
   2.2912410100000000e+02   1.6981468727482335e-01
   2.3013331600000001e+02   4.8183220077503190e-02
   2.4112645699999999e+02   2.1284627360145686e-01
   2.4213315200000000e+02   1.4091609550627671e-01
   2.4314282900000001e+02   2.5549966597695717e-01
   2.4918940400000000e+02   4.8031767155278959e-01
   2.5019368900000001e+02   9.3154713614188200e-02
   2.5514220200000000e+02   8.0180213877295972e-02
   2.6320515399999999e+02   1.7915456574709454e-01
   2.6915796200000000e+02   1.7756894558205086e-01
   2.7318943600000000e+02   5.2748372623252460e-01
   2.7419299300000000e+02   1.0706236198672861e-01
   2.8317351900000000e+02   1.0294433819901384e-01
   2.8418138499999998e+02   1.5336345107369873e-01
   2.8720472300000000e+02   4.3453877446386313e-01
   2.8820953500000002e+02   8.9571838590254471e-02
   2.9921004299999998e+02   9.7472214827254058e-02
   3.0122038300000003e+02   5.4251031926493931e-01
   3.0222318500000000e+02   1.3004587504250761e-01
   3.1322082899999998e+02   3.2769203063997360e-01
   3.1422337700000003e+02   8.8137961052707034e-02
   3.2723648800000001e+02   1.1362317377912537e-01
   3.6928314699999999e+02   1.4233662301397404e-01
