   8.0059319000000002e+01   3.3192202463661943e-03
   9.1056685999999999e+01   2.0739752345427204e-02
   9.3036494000000005e+01   6.0475497436269883e-03
   1.0305752900000000e+02   1.2848350776573036e-01
   1.0406133800000001e+02   1.2191926758813103e-02
   1.0477097200000000e+02   4.3074986447746229e-04
   1.0484654500000001e+02   6.4747187467110957e-04
   1.0503698799999999e+02   8.0363742751245314e-03
   1.0507322700000000e+02   1.0000000000000000e+00
   1.0547825600000000e+02   3.6034048852669309e-02
   1.0582315800000001e+02   3.3161120963379066e-02
   1.0604605100000001e+02   4.7372342351232428e-04
   1.0607691500000000e+02   7.0822440434194583e-02
   1.0649675200000000e+02   1.7906498944917637e-02
   1.0684326100000000e+02   1.4355846417318876e-02
   1.0705340300000000e+02   2.9380265021699679e-02
   1.0748023200000000e+02   6.9764944102894150e-03
   1.0785410600000000e+02   3.4213004815896900e-03
   1.0790355400000000e+02   9.5193826121797340e-04
   1.0815499199999999e+02   8.4098186223934858e-04
   1.0819072400000000e+02   1.1148176427742845e-03
   1.1505773000000001e+02   1.1876609148487637e-02
   1.1905279000000000e+02   1.3521714944284115e-02
   1.2103216000000000e+02   1.1729823992006033e-02
   1.2204003899999999e+02   1.9905332324787157e-02
   1.3105335700000001e+02   6.9790948072386370e-03
   1.3306856800000000e+02   6.0990551273610960e-01
   1.3355834100000001e+02   1.0816068709157318e-02
   1.3391299900000001e+02   8.5166834422608344e-03
   1.3407199600000001e+02   5.2579108861782339e-02
   1.3427536400000000e+02   1.0719687648844846e-02
   1.3466952499999999e+02   3.1907274149562308e-03
   1.3504776300000000e+02   8.0469237448958086e-01
   1.3548884200000001e+02   2.0729400487409278e-02
   1.3587620100000001e+02   1.6297137858373941e-02
   1.3605121399999999e+02   6.1920312892766616e-02
   1.3625502599999999e+02   1.2535640313645005e-02
   1.3664062200000001e+02   6.6300810974251638e-03
   1.3705531300000001e+02   2.2983815459847620e-02
   1.3736218099999999e+02   2.3846632595750168e-03
   1.3740030300000001e+02   5.1385386707500889e-03
   1.3778948900000000e+02   2.3665411591538253e-03
   1.4506748300000001e+02   2.9456493316124860e-03
   1.4704699199999999e+02   3.3641987962958978e-03
   1.4805528400000000e+02   7.8729132685163936e-03
   1.4906323399999999e+02   2.3048903003611631e-02
   1.5006672599999999e+02   4.0428236749034691e-03
   1.6307898800000001e+02   4.9689578335651258e-01
   1.6349492900000001e+02   2.4351315996159213e-03
   1.6360272300000000e+02   1.2436000776583293e-02
   1.6408242400000000e+02   5.6058643647632793e-02
   1.6439341600000000e+02   1.2265045060089808e-03
   1.6444689199999999e+02   1.9783947744342160e-03
   1.6487263899999999e+02   1.6049843681497180e-03
   1.6508791600000001e+02   5.5673307739456720e-03
   1.7809056600000000e+02   6.5698497732583315e-03
   1.8010761400000001e+02   6.4787345549270261e-03
