   8.0050775999999999e+01   1.0000000000000000e+00
   8.0404420000000002e+01   3.2134566620330818e-02
   8.0706187999999997e+01   2.8786050486706134e-02
   8.0964882000000003e+01   1.0532597254144896e-02
   8.1053878999999995e+01   8.2114566547073678e-02
   9.1055616000000001e+01   7.9628722577106167e-02
   9.2051990000000004e+01   3.4079797677582652e-02
   9.3059053000000006e+01   2.3745960945013498e-02
   9.4066849000000005e+01   2.4137208476127311e-02
   9.8062252000000001e+01   4.2074824604026556e-01
   9.9065451999999993e+01   3.1450833543933097e-02
   1.0305580399999999e+02   1.0277307310340463e-02
   1.0405237400000000e+02   9.8889638670953423e-03
   1.0504970200000000e+02   1.1357738762252144e-02
   1.0606715699999999e+02   4.7637770148683867e-02
   1.0706536199999999e+02   1.3141279490329989e-02
   1.0804629700000000e+02   1.3234681456375314e-02
   1.1605196900000000e+02   1.2286369400206857e-02
   1.1705941600000000e+02   8.4134099561470721e-02
   1.1806728099999999e+02   2.2475682567173827e-01
   1.1907105500000000e+02   3.1622088316756558e-02
   1.2008307200000000e+02   8.9572584864686736e-02
   1.2108288200000000e+02   1.3666156758689768e-02
   1.2209028100000000e+02   6.9281197135402216e-03
   1.2805143899999999e+02   8.2892100802612768e-03
   1.3006756300000001e+02   2.2515685386462880e-02
   1.3106556100000000e+02   1.0122357408306262e-02
   1.3208107500000000e+02   2.4594827941145706e-02
   1.3307886400000001e+02   1.9825294946722988e-02
   1.3406151700000001e+02   1.6332201676388006e-02
   1.4307472100000001e+02   5.9792213749060201e-03
   1.4407494600000001e+02   1.3100093436143998e-02
   1.4507734199999999e+02   7.8931282703725899e-03
   1.4606236000000001e+02   8.3881928633919661e-02
   1.4709229099999999e+02   2.0538579613121163e-02
   1.4907266500000000e+02   1.4807708701533985e-02
   1.4910840899999999e+02   1.1580839982443476e-02
   1.5909309400000001e+02   8.9235654332313011e-03
   1.6107378399999999e+02   1.0326884920025167e-02
   1.7710457500000001e+02   1.0577022063650057e-01
   1.7810702900000001e+02   1.4894817364576953e-02
