   1.3208505700000001e+02   3.1730753929750596e-03
   1.4704797500000001e+02   8.4336452409994409e-03
   1.6007958500000001e+02   2.5752548882841514e-01
   1.6058270800000000e+02   1.8195404255646672e-03
   1.6099981900000000e+02   2.6783902069968039e-03
   1.6108277899999999e+02   3.0470885124746779e-02
   1.7705915899999999e+02   2.4525385143939146e-02
   1.7806212300000001e+02   4.5872403444428495e-03
   1.9009116499999999e+02   3.3015063051963262e-01
   1.9065261500000000e+02   1.2206298758489475e-02
   1.9109437700000001e+02   5.0553835228847134e-02
   1.9155031299999999e+02   1.7986976227866412e-03
   1.9210115999999999e+02   8.7000464502435069e-03
   2.0810249099999999e+02   1.0000000000000000e+00
   2.0867540000000000e+02   3.9833010555433319e-02
   2.0910603800000001e+02   1.5546682437269460e-01
   2.0963487300000000e+02   3.6550635274868917e-02
   2.1010802000000001e+02   4.4377742337978310e-02
   2.1058564799999999e+02   1.6534108197468256e-02
   2.1108642200000000e+02   1.4612197575070582e-02
   2.1155100600000000e+02   7.3187868245217147e-03
   2.1201941800000000e+02   8.6608639480749445e-03
   2.1248882300000000e+02   4.9933955601600948e-03
   2.1294410900000000e+02   3.1771558550204668e-03
   2.2211888800000000e+02   1.1902375617412992e-02
   2.3111941200000001e+02   1.6343010078610973e-02
   2.3212328400000001e+02   2.5635292780704288e-03
   2.7616636599999998e+02   4.8651108469099065e-03
   2.8219209699999999e+02   6.3428823237341872e-03
   3.8415479099999999e+02   1.6911185402869074e-02
   3.8515949100000000e+02   5.4599154294118022e-03
   3.9413988499999999e+02   6.0181087501284423e-03
