   9.1056656000000004e+01   1.0000000000000000e+00
   9.1446905000000001e+01   2.0919919604407092e-02
   9.1752347999999998e+01   2.0315626291477974e-02
   9.2060224000000005e+01   8.5867967438133894e-02
   9.2385717999999997e+01   1.6424757169205147e-03
   9.2406817000000004e+01   3.0073338790539816e-03
   9.3069986000000000e+01   3.8492833994492773e-03
   1.1505757600000000e+02   7.5588480610456277e-03
   1.1908960000000000e+02   8.1108507823177203e-03
   1.5013112500000000e+02   1.5580586531715179e-02
