   8.1046066999999994e+01   9.4924448171150692e-03
   8.2057123000000004e+01   2.9901453816320044e-02
   8.3072846999999996e+01   1.1428539983922766e-02
   1.2308111900000000e+02   1.0761487958468000e-02
   1.5009229800000000e+02   5.8738261393873397e-03
   1.8111153300000001e+02   4.1879184121068969e-03
   1.8211959600000000e+02   8.6114338627845052e-02
   1.8312263400000001e+02   9.7116042461198038e-03
   2.7213223299999999e+02   1.1779390585865660e-02
   3.0214529399999998e+02   3.3081493848028049e-03
   3.0315068000000002e+02   2.6340244330240431e-02
   3.0415917000000002e+02   1.0000000000000000e+00
   3.0484978699999999e+02   4.1505206902188611e-02
   3.0516258800000003e+02   1.7689119046546081e-01
   3.0598134700000003e+02   9.3188116203475370e-03
   3.0616460899999998e+02   2.0289217520511028e-02
   3.0655195900000001e+02   2.3124363620805159e-02
   3.0716568799999999e+02   2.0470143212949404e-02
   3.0770571200000001e+02   1.3169891530990298e-02
   3.0821021900000000e+02   4.7898406614500537e-03
   3.0826531299999999e+02   1.0312190395003733e-02
