   1.4711974599999999e+02   1.0857191035835148e-02
   2.5320008000000001e+02   4.5762969990336674e-02
   2.5420372000000000e+02   9.7169866405678873e-03
   2.7121079900000001e+02   1.3219588002675631e-01
   2.7221419400000002e+02   2.7167033734981846e-02
   3.8528101400000003e+02   1.0022952093076399e-02
   3.8628798100000000e+02   1.6735431723163288e-02
   3.8729573199999999e+02   1.0000000000000000e+00
   3.8807870500000001e+02   2.4006223736784110e-02
   3.8829923200000002e+02   2.6484611574196953e-01
   3.8930236600000001e+02   5.1759876339719041e-02
   4.0329169400000001e+02   8.0445794855042909e-03
   7.7357862699999998e+02   8.8175881062888858e-02
   7.7458206199999995e+02   5.0163462361822120e-02
   7.7558611699999994e+02   1.7638420589337362e-02
