   8.4081263000000007e+01   3.9846789601902861e-02
   8.5084063999999998e+01   2.6310459341447757e-03
   1.5009137500000000e+02   8.8195778886205403e-03
   1.7713836200000000e+02   1.2064862033967240e-02
   1.7814030900000000e+02   2.5663340232190963e-03
   2.3269378599999999e+02   5.5979911209006145e-04
   2.3278865099999999e+02   1.6177051892235243e-03
   2.3284483100000000e+02   1.6481514062382185e-03
   2.3294259000000000e+02   2.0239594019974545e-03
   2.3316514500000000e+02   1.0000000000000000e+00
   2.3377251699999999e+02   4.2807552650591676e-02
   2.3416842900000000e+02   1.4840799980258512e-01
   2.3477690200000001e+02   4.0418152110899629e-02
   2.3517207600000000e+02   1.1655242628816630e-02
   2.3577918600000001e+02   2.6067311349298652e-02
   2.3627956300000000e+02   2.4924864401117772e-02
   2.3678975299999999e+02   1.6554724427576845e-02
   2.3728212700000000e+02   1.4283742258435258e-02
   2.3780263600000001e+02   8.9903737401663859e-03
   2.3828738500000000e+02   8.3391590912518243e-03
   2.3883781500000001e+02   9.8042276833227842e-03
   2.4516564900000000e+02   4.7333017810751339e-03
   2.4718060199999999e+02   3.9776795472253384e-03
   2.6119597599999997e+02   5.9654308904004737e-03
   2.7419222700000000e+02   1.6574796463897526e-03
   2.8919272200000000e+02   2.5779380473749994e-03
   3.2321066900000000e+02   1.2154625084026989e-02
   3.2421601500000003e+02   3.1639392272944339e-03
