   8.0051435999999995e+01   2.0865021570637018e-02
   8.1070013000000003e+01   2.2517130274695436e-02
   8.2066477000000006e+01   7.5845588929109031e-01
   8.2389740000000003e+01   7.1002363405274120e-03
   8.2458607999999998e+01   1.4163207276654387e-02
   8.2724687000000003e+01   1.4741017178568527e-02
   8.2772362000000001e+01   5.8755774717046396e-03
   8.3072108000000000e+01   9.6379907668264125e-02
   8.4078373999999997e+01   4.7407869671786734e-03
   9.1055826999999994e+01   3.7065112658469701e-01
   9.2059192999999993e+01   3.6597765260546748e-02
   9.3035573999999997e+01   8.3245029419354424e-02
   9.3071470000000005e+01   9.5605571791564523e-02
   9.4067190999999994e+01   1.3133895686191960e-01
   9.5073047000000003e+01   2.2602020169252703e-02
   9.6082931000000002e+01   9.6861808187273982e-02
   9.7067396000000002e+01   3.4899925632148499e-02
   1.0503593700000000e+02   5.1687914380360511e-01
   1.0603941399999999e+02   5.5213796095638576e-02
   1.0707517799999999e+02   5.1377813046882048e-02
   1.0808311100000000e+02   2.3633099502463803e-01
   1.0908626400000000e+02   3.4992914737918858e-02
   1.1409342800000000e+02   1.0663397402331271e-02
   1.1705898600000000e+02   1.5245843211182287e-02
   1.1804372499999999e+02   5.3133013594142617e-02
   1.1905154400000001e+02   2.9249376166335139e-01
   1.1913718500000000e+02   1.4034739698326566e-02
   1.2005491900000000e+02   3.6268937152238098e-02
   1.2106649100000000e+02   1.4831328183692405e-02
   1.2206291299999999e+02   1.7838702579369335e-02
   1.2209887200000000e+02   2.3023665187351056e-01
   1.2218309600000001e+02   7.8624119273700277e-03
   1.2310191600000000e+02   2.8181306074910938e-02
   1.2506244400000000e+02   2.5999680382769931e-02
   1.3208345199999999e+02   2.9890498888838719e-02
   1.3306812800000000e+02   2.3439279191230081e-02
   1.3506997899999999e+02   2.9870724393476510e-02
   1.5009327600000000e+02   2.9710333992516569e-01
   1.5109122600000001e+02   5.3041832194697519e-02
   1.5207772900000001e+02   1.0816284851101081e-02
   1.5408792199999999e+02   7.8504281578496760e-02
   1.5508998900000000e+02   6.1850943242246327e-03
   1.8212011899999999e+02   1.0000000000000000e+00
   1.8261712100000000e+02   1.2509832848036031e-02
   1.8312352200000001e+02   1.2650763458797115e-01
   1.8354134300000001e+02   4.1255872650215351e-03
   1.8412612700000000e+02   6.9899651626141581e-03
   3.0416654299999999e+02   1.0711720843982104e-02
