   1.3208369700000000e+02   3.0350629510098991e-03
   1.4606209000000001e+02   1.2873971820609724e-02
   1.4707019700000001e+02   7.4998106032332271e-02
   1.4807422199999999e+02   1.0520991316489595e-02
   1.5907167899999999e+02   2.7122304569761283e-03
   1.5954012100000000e+02   3.3615623620921733e-04
   1.5967795899999999e+02   3.2702243843741707e-04
   1.5972056100000000e+02   2.8453948114119350e-04
   1.5975798200000000e+02   3.6157925621050751e-04
   1.5986867899999999e+02   2.4238677824299903e-03
   1.6007780500000001e+02   1.0000000000000000e+00
   1.6058353700000001e+02   3.9334667656315360e-02
   1.6108113299999999e+02   1.0347566861752258e-01
   1.6141834700000001e+02   2.5959987875101301e-02
   1.6183809600000001e+02   1.5179605690469828e-02
   1.6208379099999999e+02   6.9393840189746099e-03
   1.6224675300000001e+02   6.5437840108169649e-03
   1.6266818200000000e+02   7.9135530752909924e-03
   1.6306494499999999e+02   9.1153614142210262e-03
   1.6350116199999999e+02   4.5089992802467551e-03
   1.6394681600000001e+02   2.1711084188946691e-03
   1.6407236300000000e+02   9.5355516293583217e-04
   1.6435581099999999e+02   1.2689725563260830e-03
   1.7508776900000001e+02   6.3682733281767399e-03
   1.7607875899999999e+02   2.7391172846630611e-02
   1.7710476600000001e+02   9.3668650698706973e-02
   1.7810806400000001e+02   1.1593890907151176e-02
   1.8709134599999999e+02   1.8322233777441459e-03
   1.8910361399999999e+02   2.0125552928330552e-03
   1.9209177399999999e+02   5.6843218773342408e-03
   1.9310020000000000e+02   1.8166077111197224e-02
   1.9410297299999999e+02   2.4927964335134632e-03
   2.1813313199999999e+02   5.4540416774725084e-03
   2.3712062599999999e+02   2.8619506521489944e-03
   2.5012693300000001e+02   1.8494882151328645e-02
   2.5112921299999999e+02   4.1754673065075324e-03
   2.6715322800000001e+02   6.7314824333854434e-03
