   9.1056184000000002e+01   8.4722254778426022e-03
   1.0305666100000001e+02   5.3554356537899445e-03
   1.0507231899999999e+02   2.9045940279743613e-02
   1.0607197800000000e+02   4.7276346647334320e-03
   1.1505671700000001e+02   1.1330143850473527e-01
   1.1605870700000000e+02   1.6648806824720083e-02
   1.1706017600000000e+02   6.8950491385312021e-02
   1.1806593800000000e+02   1.1382138079538785e-02
   1.3006752599999999e+02   1.3524031872475575e-02
   1.3106711700000000e+02   1.4956381133416186e-02
   1.3208355299999999e+02   1.8271356181171677e-01
   1.3306922900000001e+02   5.1673080574446785e-02
   1.3406527299999999e+02   9.3907765517658032e-03
   1.4206745699999999e+02   4.1045827270399647e-02
   1.4307396299999999e+02   2.2468434331883405e-02
   1.4404950600000001e+02   7.1876154978078501e-03
   1.4606252799999999e+02   9.6886413497830864e-02
   1.4706921900000000e+02   3.5135373132932878e-02
   1.4807730300000000e+02   1.7873620772488233e-02
   1.5806199699999999e+02   8.1370667483688323e-03
   1.5906967700000001e+02   2.4408596082035879e-02
   1.6007804500000000e+02   1.0000000000000000e+00
   1.6057845499999999e+02   4.2425072783972569e-02
   1.6108140200000000e+02   1.1810432318816814e-01
   1.6144369599999999e+02   1.8905701782775799e-02
   1.6187073799999999e+02   1.2001983579015201e-02
   1.6208367899999999e+02   1.1846608015155176e-02
   1.6225931600000001e+02   1.0536774605585665e-02
   1.6263829600000000e+02   9.8513682236107750e-03
   1.6306556800000001e+02   7.3161557404402711e-03
   1.7508652100000000e+02   6.2993205630545099e-03
   1.7607350500000001e+02   2.3456424760647174e-02
   1.7709879900000001e+02   7.2186058273207444e-03
   2.5012750100000000e+02   1.3121006605217431e-02
