   8.2065636999999995e+01   1.3247606006312310e-02
   8.4081430999999995e+01   1.0000000000000000e+00
   8.4409598000000003e+01   1.7942149629917931e-02
   8.4761942000000005e+01   3.2156355296680782e-02
   8.5084577999999993e+01   7.3892456615734251e-02
   8.5347977999999998e+01   5.6021187170488280e-03
   8.5398210000000006e+01   9.3686418245303232e-04
   8.5682019999999994e+01   9.8397764968248327e-03
   9.4066400000000002e+01   4.8646685804908926e-02
   9.8098170999999994e+01   1.4219984378040678e-02
   1.1211330400000000e+02   2.1531268147889672e-02
   1.2008282600000000e+02   6.4357757094637667e-03
   1.3208247900000001e+02   1.9780279853175056e-02
   1.4609669099999999e+02   1.5849158548124090e-02
   1.5009191000000001e+02   1.9209764619304215e-01
   1.5109521400000000e+02   1.8171979644927002e-02
   1.5809743000000000e+02   4.6710418889507740e-03
   1.7412828400000001e+02   3.1177139946718922e-02
   1.7513142700000000e+02   5.4513196842503183e-03
   1.7713953599999999e+02   8.3915093246365730e-02
   1.7814276899999999e+02   1.2446978014284340e-02
   1.8913901000000001e+02   5.5757233589001998e-03
   2.1613993099999999e+02   1.6850409163809126e-02
   2.3316653199999999e+02   3.0775696042839601e-01
   2.3416993199999999e+02   4.5667730418307934e-02
   2.3517522199999999e+02   4.3075489763187737e-03
   3.2321381900000000e+02   1.3500064330977959e-02
