   8.2066078000000005e+01   1.4685306903561306e-02
   8.4081719000000007e+01   1.0000000000000000e+00
   8.4446087000000006e+01   2.1123817224538839e-02
   8.4528142000000003e+01   1.0540205833436591e-03
   8.4751604999999998e+01   1.7276749373483755e-02
   8.5084933000000007e+01   6.6549359324141119e-02
   8.5365133999999998e+01   8.9396122182164809e-03
   8.5657151999999996e+01   1.6249036458549204e-02
   8.5949329000000006e+01   8.4984572834850333e-03
   8.6249700000000004e+01   6.3375235539452686e-04
   8.6276909000000003e+01   3.2914160540513919e-04
   9.4066694999999996e+01   4.4542307244921878e-02
   9.8098602999999997e+01   5.4465727872526990e-03
   1.1211363900000001e+02   5.6411236700349482e-03
   1.2008271200000000e+02   5.9993514315240890e-03
   1.3208260400000000e+02   1.5909894456505980e-02
   1.4609759099999999e+02   6.1053311545149922e-03
   1.5009257199999999e+02   1.6740410492285637e-01
   1.5109567699999999e+02   1.7807888997069546e-02
   1.7412858800000001e+02   7.7991059868286455e-03
   1.7714021199999999e+02   7.5350762622892711e-02
   1.7814289800000000e+02   1.0926460747833319e-02
   2.1614110500000001e+02   1.2926089211082396e-02
   2.3316765000000001e+02   2.3614882621698768e-01
   2.3417120199999999e+02   3.6780406381377299e-02
   2.3517423800000000e+02   2.9784548625192224e-03
   3.2321623399999999e+02   4.8548183585952450e-03
