   9.1056702000000001e+01   1.0000000000000000e+00
   9.1431647999999996e+01   2.8867603992316453e-02
   9.1756922000000003e+01   2.9290554701715672e-02
   9.2060309000000004e+01   8.5251179041898342e-02
   9.2385112000000007e+01   1.1973189854202626e-02
   9.2707248000000007e+01   7.3749244526243093e-03
   9.3061852999999999e+01   1.8824196275185683e-03
   9.3304750999999996e+01   6.4338312168065719e-03
   9.3359958000000006e+01   3.8351464360495487e-03
   9.3646405000000001e+01   3.6952656821253840e-03
   1.0305732200000000e+02   5.9561351560317721e-03
   1.0507315900000000e+02   7.4154933513585666e-02
   1.0607628600000000e+02   6.4765687031412972e-03
   1.0705211199999999e+02   4.7292353032328954e-03
   1.3310484900000000e+02   2.5391039585090130e-02
   1.3410790200000000e+02   3.1086804763344874e-03
