   8.0051928000000004e+01   4.7659495072853525e-02
   8.1035466000000000e+01   3.2047565153154253e-02
   8.1068280000000001e+01   5.9212713216557425e-02
   8.2030328999999995e+01   6.8626431845828492e-02
   8.2066749000000002e+01   1.1185963071809529e-01
   8.3050546999999995e+01   5.2238471403183065e-02
   8.4082294000000005e+01   4.5879279748482660e-02
   9.1055988999999997e+01   8.6688321298829932e-02
   9.2052762999999999e+01   2.5083043197494419e-02
   9.3066558000000001e+01   9.9626569247043481e-02
   9.4067340000000002e+01   3.6185669926099723e-01
   9.5074109000000007e+01   1.2016630394383837e-01
   9.6046999999999997e+01   8.3127308198199940e-02
   9.6082729000000000e+01   7.2121382430491959e-02
   9.7054993999999994e+01   4.6399207492398314e-01
   9.7125135000000000e+01   1.3679410775072190e-02
   9.8062432000000001e+01   3.8508526856153141e-01
   9.9066068000000001e+01   2.3884340359992956e-02
   1.0305677000000000e+02   8.4968773801322328e-01
   1.0405987200000000e+02   7.2284087721191284e-02
   1.0606831900000000e+02   1.8254190034298658e-02
   1.0707474600000000e+02   5.4272483202511483e-02
   1.0808330200000000e+02   1.5816710019653252e-01
   1.0908883600000000e+02   3.2142183010405806e-02
   1.1006263700000000e+02   9.6699078641592398e-02
   1.1009893800000000e+02   4.3449652065343597e-01
   1.1017977800000000e+02   1.8565780427723350e-02
   1.1110208200000000e+02   3.1838872074953492e-02
   1.2008372700000000e+02   6.2941766343047448e-02
   1.2106793999999999e+02   3.6599977584042775e-01
   1.2207006300000000e+02   4.1293598817300388e-02
   1.3809410500000001e+02   1.0000000000000000e+00
   1.3909766600000000e+02   9.0398233579483150e-02
   1.5610507600000000e+02   2.2900495388818029e-01
   1.5710910600000000e+02   3.0155597421006569e-02
   3.0416971899999999e+02   1.6971333552829985e-02
