   8.2065821000000000e+01   3.3492976349576285e-02
   8.4081293000000002e+01   1.0000000000000000e+00
   8.4431652999999997e+01   2.3514814885333059e-02
   8.4481256000000002e+01   1.3173198103947462e-02
   8.4793474000000003e+01   5.4423865372329799e-03
   8.5084520999999995e+01   7.8839775782591590e-02
   9.1055088999999995e+01   7.5540181106154874e-02
   9.4066201000000007e+01   3.5694250387989124e-01
   9.4144131000000002e+01   1.3563820413798356e-02
   9.5069271999999998e+01   2.5002942470661298e-02
   9.8097853000000001e+01   1.5634520276913439e-02
   1.1211324399999999e+02   3.3600417954731163e-02
   1.1705820300000001e+02   8.8539820465651769e-03
   1.1806470700000000e+02   1.0255689806388260e-02
   1.2008203800000000e+02   2.3064595192945340e-02
   1.3208216999999999e+02   4.8495501513674107e-02
   1.4609680299999999e+02   3.7171110388224092e-02
   1.5009207599999999e+02   1.1265659417856290e-01
   1.5109519700000001e+02   1.3027155179852354e-02
   1.7412829099999999e+02   3.5532599278022214e-02
   1.7713901899999999e+02   7.4435083210552810e-03
   2.3316900500000000e+02   1.1294819608855105e-02
