   1.1707265099999999e+02   1.1949169536571676e-01
   1.1807607100000000e+02   1.2144109983171359e-02
   1.2008378500000001e+02   1.1317294704798921e-02
   1.2106785200000000e+02   6.6072363290966187e-03
   1.4506743399999999e+02   2.2637662046560975e-01
   1.4607083900000001e+02   2.3350023625618350e-02
   1.6209403499999999e+02   1.5264388365123610e-01
   1.6219237899999999e+02   4.3851139795530640e-03
   1.6307847799999999e+02   3.2346151006004448e-01
   1.6408193199999999e+02   3.5569549365974291e-02
   1.7709449000000001e+02   1.0239797130414931e-02
   1.8010526999999999e+02   1.0000000000000000e+00
   1.8053472300000001e+02   4.1100477390174622e-03
   1.8063408999999999e+02   3.8810990184395440e-02
   1.8110867800000000e+02   1.4633361585160409e-01
   1.8155180100000001e+02   2.8459537377187660e-02
   1.8196003200000001e+02   1.0910517933772835e-02
   1.8203205700000001e+02   7.0279202986443124e-03
   1.8211042699999999e+02   1.2528106848931856e-02
   1.8241569899999999e+02   1.3837544600437731e-02
   1.9412032300000001e+02   1.3212359626795773e-02
   2.9616661599999998e+02   5.4223408641352376e-03
