   9.1056798000000001e+01   1.0000000000000000e+00
   9.1434543000000005e+01   4.0158559413807547e-02
   9.1758168999999995e+01   4.0472052181976338e-02
   9.2060385999999994e+01   9.2611201125431586e-02
   9.2389257000000001e+01   2.0642691718681383e-02
   9.2699759000000000e+01   1.9977174508756915e-02
   9.3063058999999996e+01   1.3079255429962524e-02
   9.3345022000000000e+01   1.0076100689606276e-02
   9.3636416999999994e+01   3.7074569391804982e-03
   9.3971146000000005e+01   2.9275429235748420e-03
   1.0305736100000000e+02   4.4575588633936304e-03
   1.0507333700000000e+02   7.6101721340281286e-02
   1.0515343100000000e+02   3.7820512344162523e-03
   1.0607662000000001e+02   8.3034379265038948e-03
   1.0705298600000000e+02   4.2037537101477810e-03
   1.3310499899999999e+02   2.0261424357865907e-02
   1.3410828000000001e+02   3.2922446721416680e-03
