   8.2065974999999995e+01   1.4467437636320605e-02
   8.4081569999999999e+01   1.0000000000000000e+00
   8.4443258000000000e+01   2.0345535429869711e-02
   8.4752683000000005e+01   1.7835240062015870e-02
   8.5084750999999997e+01   5.9411053200980252e-02
   8.5360059000000007e+01   1.8847238673601538e-02
   9.4066602000000003e+01   4.6421376647086510e-02
   9.8098389999999995e+01   7.0363873338257169e-03
   1.1211359299999999e+02   1.1490396141214824e-02
   1.2008299700000001e+02   5.9207439501380047e-03
   1.3208245299999999e+02   1.7919583843946808e-02
   1.4609768099999999e+02   8.9298737301766826e-03
   1.5009222600000001e+02   1.7422955863555636e-01
   1.5018743000000001e+02   8.5571694219969338e-03
   1.5109548400000000e+02   1.6348046924199625e-02
   1.7412893700000001e+02   1.5790763393460999e-02
   1.7713977800000001e+02   7.5404552511966899e-02
   1.7814275000000001e+02   1.1568617072451224e-02
   2.1614048600000001e+02   1.3986527435847476e-02
   2.3316690700000001e+02   2.4634256535499918e-01
   2.3417015000000001e+02   3.7671039862007864e-02
   2.3517532800000001e+02   3.1600756225431720e-03
   3.2321527700000001e+02   6.5669183936622536e-03
