   1.0507279100000000e+02   1.9687518498274204e-02
   1.3306808799999999e+02   4.2561704438027446e-02
   1.3407131899999999e+02   4.5917427880562186e-03
   1.3504739400000000e+02   5.2237536132575806e-02
   1.3605482000000001e+02   2.4346893031411691e-02
   1.3705819299999999e+02   3.1317902248902789e-03
   1.4906261200000000e+02   1.3627341055576388e-02
   1.6283892200000000e+02   7.1867320200272951e-04
   1.6291374999999999e+02   5.8634694171452002e-04
   1.6307836000000000e+02   1.0000000000000000e+00
   1.6358676600000001e+02   4.6597631362704374e-02
   1.6408182199999999e+02   1.2355502854055908e-01
   1.6443690699999999e+02   1.8444588805100220e-02
   1.6486309399999999e+02   1.8214214035679775e-02
   1.6508409300000000e+02   7.4247825301796827e-03
   1.6527225300000001e+02   1.4255054120228598e-02
   1.6569233299999999e+02   1.5475845096578860e-02
   1.6610842199999999e+02   1.2111776374777320e-02
   1.6653441699999999e+02   8.5906775198595145e-03
   1.6691474700000001e+02   2.5106230579641114e-03
   1.6697777700000000e+02   2.6417394331869791e-03
   1.6736523099999999e+02   2.9858264383729690e-03
   1.7808983400000000e+02   1.7111932180158867e-02
   1.7908592400000001e+02   4.4957154390751833e-03
   1.8010515000000001e+02   1.9102793092698306e-01
   1.8063770299999999e+02   4.0334487579056942e-03
   1.8068813200000000e+02   3.7135410092430949e-03
   1.8110800599999999e+02   2.6260571918498010e-02
   1.8210943399999999e+02   3.0274424240014659e-03
   1.9210528199999999e+02   3.4975976582472305e-03
   2.0612222199999999e+02   3.2584413771578279e-03
   2.2013753500000001e+02   3.2246124822186972e-02
   2.2113878800000001e+02   6.8173074648037535e-03
   2.3415337299999999e+02   1.4725695125683705e-02
   2.3515421400000000e+02   4.5689017785312085e-03
