   8.0052138999999997e+01   1.2737000347145965e-02
   8.1034694000000002e+01   1.0314275547213311e-02
   8.1070592000000005e+01   3.4742160924866858e-02
   8.2030321999999998e+01   8.3115134222132587e-03
   8.2066681000000003e+01   5.1670185255923255e-02
   8.3050409000000002e+01   1.1793290099422104e-02
   8.4047256000000004e+01   3.9044419664047720e-03
   8.4082333000000006e+01   1.9951022897047678e-02
   9.1056127000000004e+01   1.7346224788055510e-02
   9.2052327000000005e+01   6.5225755880123377e-03
   9.3067671000000004e+01   2.9045121177279070e-02
   9.4067280999999994e+01   2.3576081770086021e-01
   9.4191061000000005e+01   3.5648693551794969e-03
   9.5074398000000002e+01   7.6806319846872376e-02
   9.5145931000000004e+01   2.3426894268841003e-03
   9.6046740000000000e+01   1.9869418107516898e-02
   9.6082700000000003e+01   3.9440836024166030e-02
   9.7054782000000003e+01   4.9519785385279930e-01
   9.7407268000000002e+01   1.1011421170569524e-02
   9.7770466999999996e+01   1.1645975741456689e-02
   9.8061899999999994e+01   1.4507676950716525e-01
   9.8441141999999999e+01   5.6210459170341984e-03
   9.8725565000000003e+01   7.6131706095308033e-04
   9.8755341000000001e+01   4.9342235494987221e-04
   9.9064950999999994e+01   1.0243324153065949e-02
   1.0305665800000000e+02   8.5646311895437796e-02
   1.0406036899999999e+02   7.7029968890220601e-03
   1.0606673700000000e+02   4.3369386160086376e-03
   1.0707521800000001e+02   3.2800365065863965e-02
   1.0808325100000000e+02   9.4396792661342654e-02
   1.0815673600000000e+02   2.6867049663543466e-03
   1.0908948400000000e+02   2.4880507184837929e-02
   1.1006261100000000e+02   6.2708843480511270e-02
   1.1009877299999999e+02   3.2861375168436641e-01
   1.1051784700000000e+02   1.4020237817906313e-02
   1.1089168100000001e+02   7.0248090593011151e-03
   1.1106616200000001e+02   4.6326023586755445e-03
   1.1110192000000001e+02   2.7256227004288692e-02
   1.1115252599999999e+02   2.4433574890803215e-03
   1.1119260800000001e+02   5.3900498348243668e-03
   1.1123773600000000e+02   4.3547737671004805e-03
   1.1405685200000001e+02   3.3085434497140526e-03
   1.2008341400000000e+02   3.8653729730405526e-02
   1.2106751300000001e+02   1.8196782503510009e-01
   1.2207035000000000e+02   1.9761184293666315e-02
   1.2307058900000000e+02   7.7637842960834192e-03
   1.3607754499999999e+02   4.5145593884229947e-03
   1.3809381900000000e+02   1.0000000000000000e+00
   1.3856002400000000e+02   4.2682648667863830e-02
   1.3895715500000000e+02   1.8765803650408593e-02
   1.3909711300000001e+02   8.4900456604045646e-02
   1.3919832900000000e+02   8.1308348714580583e-04
   1.3931716800000001e+02   1.6067888821608232e-02
   1.3972475600000001e+02   8.4088946314064168e-03
   1.4010119399999999e+02   2.1933213070524808e-02
   1.4045395300000001e+02   3.7661556705855677e-03
   1.4050984099999999e+02   4.9260375459405804e-03
   1.5408910700000001e+02   8.6689599781960662e-03
   1.5610403500000001e+02   5.6196003300262087e-01
   1.5661673600000000e+02   5.7999695111659736e-03
   1.5668475500000000e+02   5.0450786162670180e-04
   1.5710737700000001e+02   4.4995043475760423e-02
   1.5736529400000001e+02   5.0201914395388838e-03
   1.5743044100000000e+02   9.5688990088628485e-03
   1.5811248699999999e+02   4.5323453839796928e-03
   2.7414608299999998e+02   3.6914695759693314e-03
   3.0415994899999998e+02   2.0431751254455491e-01
   3.0516304700000001e+02   3.8656898335408016e-02
   3.0616760699999998e+02   4.6140439837687383e-03
