   8.1058356000000003e+01   5.0533801592410462e-03
   8.2066299000000001e+01   1.0995317103539261e-01
   8.3072562000000005e+01   1.8575295007010481e-02
   9.1055753999999993e+01   1.9557074246154205e-02
   9.3035478999999995e+01   4.5633582821814813e-03
   9.3071511999999998e+01   8.4235839263696929e-03
   9.4067379000000003e+01   8.3099786619956137e-03
   9.6083179000000001e+01   5.8336444852256277e-03
   1.0503581600000000e+02   2.5989944758863289e-02
   1.0808291100000000e+02   2.7643571071726297e-02
   1.0908594900000000e+02   3.2994446027804071e-03
   1.1804379900000001e+02   4.7131674298871865e-03
   1.1905141500000001e+02   2.3332846890059052e-02
   1.2008251400000000e+02   3.0642638276543147e-03
   1.2209867900000000e+02   2.0604925594069817e-02
   1.2309975000000000e+02   2.6395061354208072e-03
   1.3306833800000001e+02   3.2166605748045773e-03
   1.5009307899999999e+02   5.0503730776851358e-02
   1.5108847000000000e+02   1.0749201718946565e-02
   1.5408817900000000e+02   4.0147838856495919e-03
   1.8010421199999999e+02   3.0898920679040039e-03
   1.8111330300000000e+02   2.6093655937505715e-03
   1.8205266100000000e+02   1.0497669797463389e-03
   1.8211997199999999e+02   1.0000000000000000e+00
   1.8265704500000001e+02   4.1905237891812358e-02
   1.8312332000000001e+02   1.4329094088768718e-01
   1.8355649299999999e+02   3.0662290032618156e-02
   1.8412503200000000e+02   1.4108906157318923e-02
   1.8444387100000000e+02   9.3274062859971720e-03
   1.8489865699999999e+02   6.6043474757131052e-03
   1.8535949800000000e+02   1.1189902562426792e-02
   1.8573696000000001e+02   4.3766189383273738e-03
   1.8578207599999999e+02   4.5993008767233681e-03
   1.8622004699999999e+02   6.1256900820553222e-03
   1.9811629300000001e+02   4.4760776969026590e-03
   2.7213379600000002e+02   7.1818804196237072e-03
   3.0416145699999998e+02   3.3134466741332236e-01
   3.0480714599999999e+02   3.1766857760583056e-03
   3.0487724400000002e+02   6.4519296069286891e-03
   3.0516481900000002e+02   6.0313044958464006e-02
   3.0528199699999999e+02   1.5719930633506314e-03
   3.0539826499999998e+02   1.0271452167125153e-02
   3.0616726399999999e+02   7.4433528470146748e-03
