   8.0059419000000005e+01   5.9430500537752100e-03
   8.1071588000000006e+01   3.4749545494070749e-01
   8.2074918999999994e+01   2.6296986567233997e-02
   8.3050775000000002e+01   3.9338896683757417e-02
   8.3085370999999995e+01   7.6372746144354898e-03
   9.1056276999999994e+01   1.1794493578059309e-01
   9.2060137999999995e+01   1.0256527982448483e-02
   9.3072221999999996e+01   1.3799092467238228e-01
   9.4076496000000006e+01   1.2572474236804113e-02
   9.5051195000000007e+01   6.4750140022101395e-03
   9.5088065000000000e+01   1.2668856286029440e-01
   9.6091566000000000e+01   1.2182769965021305e-02
   9.7067492000000001e+01   1.0000000000000000e+00
   9.7420922000000004e+01   4.1020604732664001e-02
   9.7785677000000007e+01   1.9419582292879378e-02
   9.8071072000000001e+01   6.3905033234112618e-02
   9.8437109000000007e+01   1.2049942583749498e-02
   9.8766463999999999e+01   1.7050788325747159e-02
   9.9083280000000002e+01   1.2494735713320923e-01
   9.9418178999999995e+01   4.5532580487142047e-03
   1.0008650700000000e+02   8.7956033728427384e-03
   1.0305673700000000e+02   9.8462669554928370e-03
   1.0507274200000001e+02   1.8824562618908422e-01
   1.0607656000000000e+02   1.7276237861595507e-02
   1.0705220900000000e+02   9.9796502697670729e-03
   1.0708845400000000e+02   8.5775392091247141e-02
   1.0809178000000000e+02   8.3985585125114694e-03
   1.0906744100000000e+02   5.0908519773704675e-01
   1.0949638299999999e+02   6.6972940994692544e-03
   1.0952739000000000e+02   2.8684380483456453e-03
   1.0982572700000000e+02   1.1993705009711129e-03
   1.0985642400000000e+02   6.5941331458406786e-04
   1.1007113400000000e+02   4.4438470406624020e-02
   1.1020564600000000e+02   5.6085117480254238e-03
   1.1108207500000000e+02   1.3430590782092642e-02
   1.1505725900000000e+02   1.1705843837437873e-02
   1.1606280500000000e+02   4.3192972346520935e-03
   1.1707272000000000e+02   3.6577067107533612e-02
   1.1807665799999999e+02   4.8639682601719792e-03
   1.1908844800000000e+02   1.4253377125720590e-01
   1.1917603600000000e+02   6.3268645802303661e-03
   1.2009210700000000e+02   1.3526138429601861e-02
   1.2106788500000000e+02   3.4211925156571822e-02
   1.2110414700000000e+02   6.4579933355595379e-02
   1.2207298200000000e+02   3.9223915843770614e-03
   1.2210790600000000e+02   6.6894160787776963e-03
   1.2308359500000000e+02   1.1799227120121325e-01
   1.2408765099999999e+02   1.4213548930986083e-02
   1.2806512300000000e+02   1.4638549091977581e-02
   1.2907279100000000e+02   3.4361458109101205e-02
   1.3007982999999999e+02   9.9377992280103317e-03
   1.3108854199999999e+02   6.8959442090548495e-02
   1.3209263799999999e+02   9.0887365529067673e-03
   1.3310426899999999e+02   1.1442537263253903e-01
   1.3410774599999999e+02   1.5476668500687199e-02
   1.3508332300000001e+02   1.1581735042826774e-02
   1.3511957500000000e+02   3.7696850921266248e-02
   1.3612400299999999e+02   4.3392416308215892e-03
   1.3709854600000000e+02   1.0553347013222969e-02
   1.4107282900000001e+02   1.5425077963423137e-02
   1.4207968600000001e+02   1.5224260483027142e-02
   1.4308806300000001e+02   4.9093415131864181e-02
   1.4409321499999999e+02   1.1359420268606719e-02
   1.4510387200000000e+02   1.0396151123022006e-01
   1.4610765599999999e+02   1.3484202279032081e-02
   1.4711938499999999e+02   1.1289203032958299e-01
   1.4812269800000001e+02   1.8802950563055105e-02
   1.4909871300000000e+02   2.1631114549196469e-02
   1.4913446500000001e+02   2.8838065979783112e-02
   1.5508785700000001e+02   2.6949701218006987e-02
   1.5609303199999999e+02   8.8786979331729344e-03
   1.5710375700000000e+02   5.5659451887741740e-02
   1.5810720800000001e+02   1.0971992404441421e-02
   1.5911933099999999e+02   7.5019877553309952e-02
   1.6012376399999999e+02   1.1383893665419979e-02
   1.6113500600000000e+02   5.9433808092870424e-02
   1.6210392500000000e+02   4.6038843056375976e-03
   1.6214022399999999e+02   6.8316421152946174e-03
   1.6311417000000000e+02   1.7682268242614794e-02
   1.6315060099999999e+02   3.1687446717383376e-02
   1.6415546399999999e+02   4.6413477357609093e-03
   1.6708809800000000e+02   3.8040569452238073e-03
   1.6809367399999999e+02   5.1949682198734783e-03
   1.6910383600000000e+02   2.7731257651399339e-02
   1.7011005599999999e+02   4.9255297885908260e-03
   1.7111954499999999e+02   5.0727914447295942e-02
   1.7212376800000001e+02   9.3565742953483164e-03
   1.7313539200000000e+02   4.9962655254023311e-02
   1.7413945699999999e+02   8.1365845137520154e-03
   1.7515090699999999e+02   1.3208991196498931e-01
   1.7523085599999999e+02   6.8154417130791307e-03
   1.7615484799999999e+02   2.2506543783915794e-02
   1.7713078899999999e+02   2.0452730389463741e-02
   1.8110585599999999e+02   5.0522979359270042e-03
   1.8211107100000001e+02   4.8399545416713827e-03
   1.8311985999999999e+02   3.0798584651860441e-02
   1.8412432300000000e+02   7.2364040534216361e-03
   1.8513549399999999e+02   2.7694433618750666e-02
   1.8613979100000000e+02   5.8961874661943164e-03
   1.8715140700000001e+02   2.9457601267195460e-02
   1.8815420499999999e+02   3.8678963878975704e-03
   1.8916683599999999e+02   2.9969439723264726e-02
   1.9512002000000001e+02   8.5744750026781284e-03
   1.9612840100000000e+02   4.2457847181200893e-03
   1.9713615200000001e+02   4.4627668723645229e-02
   1.9814065400000001e+02   1.1563509590334354e-02
   1.9915062699999999e+02   1.5179372214163647e-02
   2.0116749100000001e+02   1.7777207160010765e-02
   2.0913640899999999e+02   4.1086327771802751e-03
   2.1115210400000001e+02   3.0155226178877954e-02
   2.1215608300000000e+02   8.9767026227843671e-03
   2.1316819100000001e+02   2.1466754364843993e-02
   2.1417126200000001e+02   5.8336655860323364e-03
   2.1514795599999999e+02   9.0600749390105477e-03
   2.2516877099999999e+02   1.3974813315677594e-02
   2.2718395200000001e+02   1.1252848044884835e-02
   2.2919230500000000e+02   9.2632071733760955e-03
   2.3717068699999999e+02   6.7633367158423125e-03
   2.3817534800000001e+02   5.8715334672971584e-03
   2.5320016899999999e+02   7.2386569680258736e-02
   2.5420330500000000e+02   1.4318677844674188e-02
   2.5518061700000001e+02   9.4262169327008968e-03
   2.7121065399999998e+02   5.3438136330029730e-02
   2.7221535100000000e+02   1.1145768043856110e-02
   2.8922205300000002e+02   1.5639640553575845e-02
   3.8729659800000002e+02   2.5764575367004922e-01
   3.8829995000000002e+02   6.3386904291466289e-02
   3.8930542800000001e+02   1.1325147864108594e-02
