   8.1045382000000004e+01   9.8159952708273841e-03
   8.2052888999999993e+01   2.4351181246111232e-02
   8.3059748999999996e+01   3.6388830126944777e-03
   1.2308096999999999e+02   1.4450830942714718e-02
   1.4807771600000001e+02   3.8803072797076758e-03
   1.6007572400000001e+02   2.8328352173365694e-03
   1.7409172000000001e+02   1.6300116346111193e-01
   1.7509518900000000e+02   2.0968556753361248e-02
   1.7610644700000000e+02   1.1057220514941245e-02
   2.3115006299999999e+02   1.0496601873870583e-02
   2.3316633400000001e+02   1.0000000000000000e+00
   2.3376844900000000e+02   4.6189611039772774e-02
   2.3416970000000001e+02   1.6172536927207598e-01
   2.3477265600000001e+02   3.6447793719601634e-02
   2.3517315600000001e+02   1.8459350475855923e-02
   2.3577559299999999e+02   2.3541570563891098e-02
   2.3627630700000000e+02   1.5293596972720005e-02
   2.3681538300000000e+02   9.6241399825603337e-03
   2.3728103899999999e+02   2.6300845075955194e-03
   2.3732765800000001e+02   2.9977390212335281e-03
   2.4815316500000000e+02   5.0211487572141989e-03
   2.4916147900000001e+02   2.7142845997631639e-02
   2.5016560999999999e+02   4.1242553122480324e-03
