   8.0025891999999999e+01   3.8197154489048722e-02
   8.0248142000000001e+01   1.2502826597853504e-02
   8.1019439000000006e+01   7.9337067679044346e-02
   9.1056443999999999e+01   1.1014168097753403e-01
   9.2059580999999994e+01   8.2104098046347756e-03
   9.3039783999999997e+01   2.5601054659094884e-02
   1.1908877900000000e+02   2.1379339572147663e-01
   1.2009209700000000e+02   2.1454979670333510e-02
   1.4811507700000001e+02   8.0009608624209035e-03
   1.5013052500000001e+02   1.0000000000000000e+00
   1.5061316500000001e+02   2.1869169189850299e-02
   1.5104287199999999e+02   1.8953221748385610e-02
   1.5113383200000001e+02   1.0521586805761705e-01
   1.5141349399999999e+02   1.0925144136186268e-02
   1.5213743199999999e+02   8.2383880555765496e-03
   1.5703896000000000e+02   5.6492963617215869e-02
   1.9208819600000001e+02   9.5883184690155887e-03
