   9.1056910999999999e+01   1.0000000000000000e+00
   9.1434768000000005e+01   4.8536517861062375e-02
   9.1757405000000006e+01   4.0840380211448798e-02
   9.2060478000000003e+01   9.7166770767903116e-02
   9.2402054000000007e+01   1.1619631376057116e-02
   9.2714768000000007e+01   1.6931960983060455e-02
   9.2982377000000000e+01   6.1352531446444486e-03
   9.3062402000000006e+01   3.4590800939552670e-03
   9.3317746000000000e+01   1.2386115425486782e-03
   9.3344870999999998e+01   1.6303351826665524e-03
   1.0305743900000000e+02   4.4379610129621772e-03
   1.0507342700000000e+02   7.2518123957382136e-02
   1.0607686300000000e+02   7.2698485847754023e-03
   1.3310549100000000e+02   2.3984573225755465e-02
   1.3410890900000001e+02   4.6907519665260761e-03
