   9.7066511000000006e+01   9.2957451292064262e-03
   1.4711809500000001e+02   6.9285659201962458e-03
   2.5319772399999999e+02   4.3970335614797004e-02
   2.5419987699999999e+02   8.9220192024640921e-03
   2.6919275299999998e+02   6.1510908618383504e-03
   2.7120841899999999e+02   1.1890957255467030e-01
   2.7221121199999999e+02   2.5360495214279834e-02
   3.8527570100000003e+02   9.6170041232172942e-03
   3.8628203900000000e+02   1.0668430697966306e-02
   3.8729136799999998e+02   1.0000000000000000e+00
   3.8766604899999999e+02   2.9555381973958160e-03
   3.8806453299999998e+02   2.1506879921905312e-02
   3.8829488400000002e+02   2.6630088205070096e-01
   3.8865609899999998e+02   2.5518056718039361e-02
   3.8929870499999998e+02   4.4057469850735782e-02
   3.8946893499999999e+02   5.2663633278019178e-04
   3.9029810800000001e+02   4.8390851801086363e-03
   4.0127213799999998e+02   9.3402337319703835e-03
   4.0328704800000003e+02   8.7950459289068365e-03
   7.7356863899999996e+02   7.5655069746805678e-02
   7.7457164999999998e+02   4.4940439407746592e-02
   7.7557296099999996e+02   2.0406314226059232e-02
