   8.2053899000000001e+01   7.2691932363544874e-03
   8.3060584000000006e+01   3.7156382180620383e-03
   9.8073640999999995e+01   1.8309580296524332e-03
   1.2308126799999999e+02   6.1111636759294471e-03
   1.2408937800000000e+02   5.7489417329332311e-03
   1.3208246000000000e+02   2.4669885866779265e-03
   1.4606167099999999e+02   8.3066565138276878e-03
   1.4706971400000000e+02   6.4614681638960239e-02
   1.4716542799999999e+02   3.0153529849841327e-03
   1.4807446600000000e+02   8.7982661550786261e-03
   1.5906971700000000e+02   7.1017030574644403e-03
   1.6007723700000000e+02   1.0000000000000000e+00
   1.6058180400000001e+02   4.2146998246255361e-02
   1.6108056700000000e+02   1.2230582594331282e-01
   1.6141492800000000e+02   2.9604334101859715e-02
   1.6183232599999999e+02   1.8813916622032655e-02
   1.6208311399999999e+02   6.3133341992371913e-03
   1.6225065200000000e+02   7.8562061697727090e-03
   1.6265934200000001e+02   8.6904365901484155e-03
   1.6306777299999999e+02   8.7966266659549285e-03
   1.6316256000000001e+02   2.4584628349380013e-03
   1.6344845000000001e+02   6.2201008472986298e-04
   1.6350808699999999e+02   1.4585100587160035e-03
   1.7508779200000001e+02   6.1196855691808844e-03
   1.7607796800000000e+02   2.6532304092903969e-02
   1.7710426600000000e+02   1.2610967721742397e-01
   1.7810755700000001e+02   1.5152332291087093e-02
   1.9209071499999999e+02   5.3478125539722868e-03
   1.9309958599999999e+02   1.6491547639991458e-02
   1.9410270399999999e+02   2.4451140700037601e-03
   2.1813210400000000e+02   3.0553656728180278e-02
   2.1913581800000000e+02   4.6113384641894200e-03
   2.5012571199999999e+02   1.4479567483609040e-02
   2.5113037800000001e+02   2.5197479487890904e-03
   2.5714219000000003e+02   9.0571372005952243e-03
   2.6715376700000002e+02   5.2588670924294933e-03
