   8.6096546000000004e+01   6.1817753370424803e-03
   1.1505517700000000e+02   9.1173082375866406e-03
   1.1706660300000000e+02   1.5140570632965001e-02
   1.1806702799999999e+02   6.0379611050830782e-03
   1.3006632300000001e+02   1.5210813892718954e-02
   1.3107383799999999e+02   3.9657573913740328e-02
   1.3207704799999999e+02   8.8753835001250548e-03
   1.3305410499999999e+02   1.0811688162253096e-02
   1.4206649400000001e+02   1.2187169151001251e-02
   1.4307328000000001e+02   6.0099831348385875e-02
   1.4408030299999999e+02   3.0658732871157200e-02
   1.4508190099999999e+02   7.8650151490003567e-03
   1.4609685400000001e+02   5.1543205379447057e-03
   1.4707907200000000e+02   1.2356622916523010e-02
   1.4807652999999999e+02   2.2575006159969581e-02
   1.5805945100000000e+02   4.8157138316954479e-03
   1.5906786399999999e+02   1.8140961716335452e-01
   1.5916608500000001e+02   6.4823510202348831e-03
   1.6007229200000000e+02   3.0667118474778123e-02
   1.6205396200000001e+02   8.0312116197907551e-03
   1.6209108300000000e+02   9.0516760667773283e-03
   1.7207586200000000e+02   4.6702601771461414e-03
   1.7308335000000000e+02   4.7512261118210991e-03
   1.7409169900000001e+02   1.0000000000000000e+00
   1.7461356900000001e+02   4.4235250123054966e-02
   1.7473502400000001e+02   4.0688293435908957e-03
   1.7509505600000000e+02   1.3679972488068348e-01
   1.7548401899999999e+02   1.6097807211964944e-02
   1.7594960900000001e+02   8.8417309460464867e-03
   1.7610477000000000e+02   2.4293830555387898e-02
   1.7633739299999999e+02   7.0496096097748852e-03
   1.7710915100000000e+02   3.4943234309766243e-03
   1.9008680699999999e+02   4.7877602528490236e-02
   1.9109146899999999e+02   8.9494569549640694e-03
   2.3115099599999999e+02   6.9688724936663414e-03
   2.3316690000000000e+02   1.2973951076076011e-02
   2.4916168200000001e+02   1.5999243963402805e-02
