   8.1071421000000001e+01   2.3205409867803735e-02
   8.5102997000000002e+01   3.7060697697832584e-01
   8.6106121000000002e+01   3.1570648489455497e-02
   9.1056405999999996e+01   5.9828393190681929e-02
   9.3072327000000001e+01   4.5059435290844156e-02
   9.5088256999999999e+01   4.9361950954903683e-01
   9.6091683000000003e+01   5.0059879000327483e-02
   1.0507284600000000e+02   1.8968893351361132e-01
   1.0607639399999999e+02   1.9574443107848980e-02
   1.0708865299999999e+02   1.0900387837668085e-01
   1.0910409600000000e+02   1.1131451749800851e-01
   1.1707241399999999e+02   1.3370408133451620e-02
   1.2106737099999999e+02   1.5204692326350005e-02
   1.2110437600000000e+02   8.5894037255870179e-02
   1.2304724400000001e+02   1.5735403574733750e-01
   1.2311971000000000e+02   2.6885272324759766e-02
   1.2715162500000000e+02   1.2155226024246589e-01
   1.3108822300000000e+02   2.0712291485754101e-02
   1.3310422500000001e+02   6.6538528510667594e-01
   1.3410785400000000e+02   7.0229238249931131e-02
   1.3504827700000001e+02   1.2386356715675484e-02
   1.3508431700000000e+02   2.0175080358282707e-02
   1.3706278200000000e+02   9.2443627231873285e-02
   1.4704657599999999e+02   1.3683613295971089e-01
   1.4804971699999999e+02   2.0324959389606850e-02
   1.4906239199999999e+02   2.0059343409220223e-01
   1.5006670700000001e+02   2.6976271481283631e-02
   1.5107778700000000e+02   2.4719681071568168e-02
   1.5111419900000001e+02   2.6500776505884303e-02
   1.6106216000000001e+02   8.6763222462080181e-02
   1.6307812400000000e+02   1.5049228979210680e-01
   1.6408348699999999e+02   3.6192256301985332e-02
   1.6509230400000001e+02   2.8434962541817172e-02
   1.7309802900000000e+02   1.9210173798737424e-02
   1.7507854300000000e+02   1.1143214154707970e-01
   1.7608309700000001e+02   1.5507853478380847e-02
   1.7709510200000000e+02   2.2941854147817919e-02
   1.8707851400000001e+02   1.9301447553201220e-01
   1.8808398800000001e+02   5.0900347346510319e-02
   1.8909344500000000e+02   4.0186804173602167e-02
   1.9908049199999999e+02   2.1382173930738435e-02
   2.0109455900000000e+02   4.7007685379316705e-01
   2.0120493700000000e+02   1.7300526643632359e-02
   2.0209865099999999e+02   8.5368772555615979e-02
   2.0310789800000001e+02   4.3921808718271921e-02
   2.1511035500000000e+02   5.8082217714336637e-02
   2.1611781999999999e+02   3.5648934003596838e-02
   2.1712514200000001e+02   3.6281822176751834e-02
   2.2513153000000000e+02   4.2639718369391476e-02
   2.2711230200000000e+02   3.5965257920024384e-02
   2.2811847100000000e+02   2.4026244876581910e-02
   2.2909260800000001e+02   4.6880060468305444e-02
   2.3114280500000001e+02   1.5520920523293739e-02
   2.3718965000000000e+02   3.1093747740967431e-02
   2.3911119199999999e+02   2.3713744878751889e-02
   2.4112654300000000e+02   5.4695512521517831e-02
   2.4213343699999999e+02   3.7097880291870694e-02
   2.4314251600000000e+02   1.0000000000000000e+00
   2.4377310000000000e+02   7.5381803775161809e-03
   2.4414598899999999e+02   1.6693544721758372e-01
   2.4426755600000001e+02   5.4936102001882569e-03
   2.4430933999999999e+02   2.5829894695005759e-03
   2.4515267499999999e+02   2.5380375006962694e-02
   2.4918916500000000e+02   4.7498899732042216e-01
   2.5019260299999999e+02   8.3787642360705197e-02
   2.5514204599999999e+02   2.6182151662925215e-02
   2.5615149000000002e+02   3.6905034082244229e-02
   2.5712428100000000e+02   4.6987368579692601e-02
   2.5913936999999999e+02   3.2684682799889744e-02
   2.6115389900000002e+02   3.1139621722892236e-01
   2.6215697499999999e+02   5.1085728397867312e-02
   2.6320481400000000e+02   1.5810385475111452e-01
   2.6420885399999997e+02   2.7457479553128439e-02
   2.6915764000000001e+02   5.7665936830707580e-02
   2.7016210000000001e+02   2.2302973651877240e-02
   2.7318929000000003e+02   5.2439568004658554e-01
   2.7419227699999999e+02   1.1530473173943502e-01
   2.7520459199999999e+02   1.6781395505817359e-01
   2.7620799499999998e+02   3.6458916896019919e-02
   2.7721939099999997e+02   2.9896515278402949e-02
   2.8317351900000000e+02   3.9583883596843325e-02
   2.8418157600000001e+02   1.0518953637463052e-01
   2.8518515500000001e+02   3.3401091136842476e-02
   2.8720464500000003e+02   2.7899059261915721e-01
   2.8820815099999999e+02   7.6065801852774839e-02
   2.8922046399999999e+02   1.8788736209528512e-01
   2.9022516100000001e+02   3.5540322221684170e-02
   2.9819871000000001e+02   2.3185059755983162e-02
   2.9920517000000001e+02   4.6627889517962998e-02
   3.0122065300000003e+02   5.6142924336194977e-01
   3.0221332699999999e+02   2.3795120763196784e-01
   3.0321128700000003e+02   5.4361001769628374e-02
   3.1221220699999998e+02   2.2452723552703550e-02
   3.1322073999999998e+02   3.9523725068381510e-01
   3.1422460899999999e+02   8.5521729059150065e-02
   3.1523370399999999e+02   4.5151552180659617e-02
   3.1621031699999997e+02   5.3896316953187633e-02
   3.2320052500000003e+02   1.2221104398125304e-02
   3.2522114399999998e+02   2.0580023557494383e-02
   3.2622585099999998e+02   3.0974319924458225e-02
   3.2723629000000000e+02   1.2406724777570019e-01
   3.2824154099999998e+02   3.9740198855400831e-02
   3.3022427099999999e+02   2.6266437449056244e-02
   3.4123203899999999e+02   4.8526647112874709e-02
   3.4424275699999998e+02   2.5069571492763076e-02
   3.5325295499999999e+02   3.1354750336016111e-02
   3.5526509800000002e+02   2.7464788552965469e-02
   3.6726859500000000e+02   2.5662371309847842e-02
   3.6827757500000001e+02   4.6527220583685733e-02
   3.6928415300000000e+02   8.5905206517796251e-01
   3.7028756099999998e+02   2.2314352212039584e-01
   3.7128772099999998e+02   6.2829153685719868e-02
   3.8326428399999998e+02   6.3544050942127214e-02
   3.8427015899999998e+02   2.9254451789136108e-02
   3.8527614799999998e+02   3.4130697171530326e-02
   3.8628428200000002e+02   1.7982384653656671e-02
   3.8729556000000002e+02   4.7990795247476131e-01
   3.8829947299999998e+02   1.2829171360707153e-01
   3.8930158799999998e+02   2.4268484476452076e-02
   4.0127692999999999e+02   1.6683372387336755e-02
