   8.0059882999999999e+01   7.6681900297430423e-03
   9.1056759999999997e+01   1.4935296376994780e-02
   1.0305737499999999e+02   1.3801706595893284e-01
   1.0406256900000000e+02   2.1661283669226018e-02
   1.0503668100000000e+02   1.4636368731024085e-01
   1.0507294200000000e+02   3.5019512012049225e-01
   1.0604016700000000e+02   1.0465268278658865e-02
   1.0607631300000000e+02   2.8862254442868503e-02
   1.0705203299999999e+02   8.8148309362579280e-03
   1.1505754899999999e+02   4.8770093698728305e-02
   1.1707193400000000e+02   6.4971589386919430e-03
   1.1804371600000000e+02   1.6682377606115819e-02
   1.2103146300000000e+02   1.4066162632909576e-02
   1.2203841799999999e+02   8.8554062305785664e-03
   1.3306838600000000e+02   1.0289223387789467e-01
   1.3407194600000000e+02   1.0262692484411516e-02
   1.3504761099999999e+02   1.0000000000000000e+00
   1.3549463600000001e+02   9.0115204848392159e-03
   1.3557800000000000e+02   8.5936165448832931e-04
   1.3590069099999999e+02   5.1760695441013015e-03
   1.3595353299999999e+02   1.4195593705455362e-03
   1.3605098799999999e+02   8.4332549601203413e-02
   1.3705421999999999e+02   1.1619315842507508e-02
   1.4305320100000000e+02   9.9429500481633820e-03
   1.4603991600000001e+02   6.7534952973135904e-03
   1.4704707500000001e+02   1.6662800147570437e-02
   1.6106313499999999e+02   1.4196198005910843e-02
   1.6307893799999999e+02   4.3181953935459413e-02
   1.9107680800000000e+02   9.7792584949184733e-03
