   8.2066051000000002e+01   1.5805548232996961e-03
   8.4081557000000004e+01   3.9619293415710945e-02
   8.4150101000000006e+01   5.4116544770430649e-04
   8.5084411000000003e+01   2.7612394175799246e-03
   1.5009193600000000e+02   8.1035115446018366e-03
   1.7713913199999999e+02   1.0118798205135412e-02
   2.3115199799999999e+02   1.8055657168246195e-03
   2.3215112999999999e+02   1.0708971527942342e-03
   2.3232479900000001e+02   4.3478185858130731e-04
   2.3240483300000000e+02   2.9589161632079345e-04
   2.3248238200000000e+02   6.4417669351098301e-04
   2.3316618299999999e+02   1.0000000000000000e+00
   2.3377289600000000e+02   3.8286614718873395e-02
   2.3416951499999999e+02   1.4093715011648159e-01
   2.3477705599999999e+02   4.0075713783848520e-02
   2.3517307400000001e+02   9.6801922498634067e-03
   2.3578565399999999e+02   2.6019583551629009e-02
   2.3627297200000001e+02   2.1892621131371855e-02
   2.3679454600000000e+02   1.6380954240000637e-02
   2.3729286500000001e+02   1.6339747762732726e-02
   2.3779915600000001e+02   1.0665430100041427e-02
   2.3829462200000000e+02   6.0148260225550273e-03
   2.3879576700000001e+02   2.9445659769155681e-03
   2.3930181200000001e+02   1.0991670868726519e-03
   2.3940254999999999e+02   1.9858207468536452e-04
   2.3983100899999999e+02   9.4918581118941421e-04
   2.4028484200000000e+02   4.0202509870666217e-04
   2.4516588600000000e+02   2.2924323750771599e-03
   2.4718165700000000e+02   3.9481524937486486e-03
   2.6119729999999998e+02   4.5337673960422235e-03
   2.7419131099999998e+02   2.1549209882530096e-03
   2.8919500599999998e+02   2.7941321953878287e-03
   3.2321257800000001e+02   5.8891335278757869e-03
   3.2421424500000001e+02   1.8718402039816424e-03
