   8.0049960999999996e+01   2.0351023445737242e-02
   8.1070756000000003e+01   2.0724863752844113e-02
   8.2066371000000004e+01   6.9150912477058257e-01
   8.2133971000000003e+01   2.2770760418080089e-02
   8.3071888000000001e+01   9.4367901656724540e-02
   9.1055734000000001e+01   3.1414748894817257e-01
   9.2059319000000002e+01   3.2034812450318216e-02
   9.3035441000000006e+01   7.4792266270308383e-02
   9.3071386000000004e+01   9.2100810902777969e-02
   9.4067054999999996e+01   1.0239245419254604e-01
   9.5074282999999994e+01   2.1203303023073220e-02
   9.6082967999999994e+01   7.8615535376681450e-02
   9.7066794999999999e+01   2.7993627995270789e-02
   1.0503593200000000e+02   4.2602040115536827e-01
   1.0603922000000000e+02   5.1662915108223684e-02
   1.0707429000000000e+02   4.5962598763836612e-02
   1.0808305200000000e+02   2.3892214000502160e-01
   1.0908641200000000e+02   3.3980079521162936e-02
   1.1804354100000000e+02   4.6737119338825635e-02
   1.1905149500000000e+02   2.4718301135338253e-01
   1.2005498299999999e+02   3.3858331654564325e-02
   1.2206453300000000e+02   1.3460229386785667e-02
   1.2209887700000000e+02   2.0143751599993398e-01
   1.2310239700000000e+02   2.3293360355179975e-02
   1.2506215899999999e+02   2.3770781665167103e-02
   1.3208301000000000e+02   2.8851499926201243e-02
   1.3306826100000001e+02   2.5966217239836751e-02
   1.5009339600000001e+02   2.6175817568387977e-01
   1.5109111300000001e+02   5.2835588475971834e-02
   1.5408790300000001e+02   6.9130221225759611e-02
   1.8212051399999999e+02   1.0000000000000000e+00
   1.8312371200000001e+02   1.3097408601473190e-01
