   8.2066312999999994e+01   3.3642751563916010e-03
   8.4081793000000005e+01   3.1273933440955311e-02
   8.5084444000000005e+01   2.3117016539025846e-03
   1.5009302400000001e+02   4.7357763814550782e-03
   1.7714011099999999e+02   6.0696788565874861e-03
   2.3115224499999999e+02   2.2521951514707958e-03
   2.3282012499999999e+02   1.7787345196330127e-03
   2.3288914800000001e+02   1.0695048977485760e-03
   2.3316796600000001e+02   1.0000000000000000e+00
   2.3377596299999999e+02   4.0857568123982828e-02
   2.3417133500000000e+02   1.4898441432939236e-01
   2.3478068300000001e+02   4.0322489610998699e-02
   2.3517496199999999e+02   2.1994278176964848e-02
   2.3578466399999999e+02   2.9898238147690652e-02
   2.3627714499999999e+02   2.7325259594195121e-02
   2.3679390799999999e+02   1.9172677614544824e-02
   2.3728871000000001e+02   1.6376445182937592e-02
   2.3779934800000001e+02   1.3176325651945708e-02
   2.3831997799999999e+02   7.3699182543395447e-03
   2.3881205600000001e+02   5.2365878466173145e-03
   2.4718457000000001e+02   1.9451023693928544e-03
   2.6120096699999999e+02   2.6007970212353891e-03
   2.7419381499999997e+02   2.7160017337202985e-03
   3.2321563600000002e+02   3.6000641887730177e-03
