   9.1056045999999995e+01   9.5018836448574548e-02
   9.1131073999999998e+01   3.6546960870038601e-03
   9.1164114999999995e+01   1.4293922474850865e-03
   9.2059487000000004e+01   8.1738935978860981e-03
   9.3071561000000003e+01   4.0060743462049520e-03
   1.0305684900000000e+02   3.5603832929820348e-02
   1.0406077200000000e+02   3.8739069216157584e-03
   1.0507151000000000e+02   1.7902868367939443e-03
   1.1505675100000001e+02   1.5922335172369884e-01
   1.1544439100000000e+02   1.3650227827846785e-03
   1.1606125000000000e+02   1.8679479166427052e-02
   1.1613562300000000e+02   7.1274326155515444e-04
   1.1618952899999999e+02   1.1642893510680934e-03
   1.1650990100000000e+02   2.4825334414295655e-03
   1.1658243899999999e+02   1.7399261509537258e-03
   1.1692394899999999e+02   6.1482237616031906e-03
   1.1707257799999999e+02   1.0000000000000000e+00
   1.1750421299999999e+02   3.4258395653500494e-02
   1.1786625200000000e+02   3.6085095984843947e-02
   1.1807606400000000e+02   9.5052186143266479e-02
   1.1856692600000000e+02   2.5598654645151323e-02
   1.1892035400000000e+02   1.3398478864221488e-02
   1.1908023799999999e+02   5.7642769112751669e-03
   1.1928255000000000e+02   1.0910528783146831e-02
   1.1963163299999999e+02   1.0582722992384245e-02
   1.2008367900000000e+02   3.8390303739583222e-02
   1.2034998600000000e+02   1.9421136570428989e-03
   1.2106808400000000e+02   3.9207175303420626e-02
   1.2207150500000000e+02   4.1012615713026685e-03
   1.2705719300000000e+02   1.1445093076834062e-01
   1.2806072300000000e+02   1.3157061236229981e-02
   1.3208472900000001e+02   1.7431534905346486e-03
   1.3306863600000000e+02   3.0326278445175973e-03
   1.3409970400000000e+02   3.3259880711183085e-03
   1.4408326800000000e+02   2.6146288480849648e-02
   1.4506776600000001e+02   2.1648349420037952e-01
   1.4553464299999999e+02   2.5821553886013920e-03
   1.4607094100000000e+02   2.4077903861837044e-02
   1.4707209100000000e+02   2.6698255340683267e-03
   1.6209436099999999e+02   3.8958204425762359e-02
   1.6308075299999999e+02   3.3210175455311568e-02
   1.6408439400000000e+02   3.3229040134984482e-03
   1.8010655900000000e+02   1.4204124406367397e-02
