   3.9899999999999999e+01   1.4020000457763700e+01
   4.0100000000000001e+01   1.3246803283691401e+02
   4.0899999999999999e+01   3.7723464965820299e+00
   4.1000000000000000e+01   1.8186063232421900e+03
   4.2000000000000000e+01   7.1069931640625000e+03
   4.3000000000000000e+01   1.0232830200195300e+03
   4.4000000000000000e+01   4.0108420410156300e+03
   4.4899999999999999e+01   3.0454278945922901e+01
   4.5000000000000000e+01   1.6501022338867199e+02
   4.5100000000000001e+01   1.1022307395935099e+01
   4.9899999999999999e+01   6.7275138854980497e+01
   5.0000000000000000e+01   3.5231887817382801e+02
   5.1000000000000000e+01   1.5537391357421900e+03
   5.1100000000000001e+01   5.8457443237304702e+01
   5.1899999999999999e+01   1.0373922729492200e+02
   5.2000000000000000e+01   3.2533694458007801e+02
   5.2899999999999999e+01   9.4877937316894503e+01
   5.3000000000000000e+01   5.5056427001953102e+02
   5.4000000000000000e+01   3.2363302612304699e+02
   5.4000000000000000e+01   5.6664245605468795e+02
   5.5000000000000000e+01   1.8498339843750000e+03
   5.5899999999999999e+01   1.2786411285400400e+01
   5.6000000000000000e+01   1.6046257324218800e+03
   5.7000000000000000e+01   8.9450664062500000e+03
   5.7899999999999999e+01   4.9544788360595703e+01
   5.8000000000000000e+01   3.5452612304687500e+02
   5.8100000000000001e+01   3.9997570037841797e+01
   5.9000000000000000e+01   9.3571998596191406e+01
   5.9100000000000001e+01   2.5774896621704102e+01
   5.9899999999999999e+01   1.7376159667968800e+01
   6.1799999999999997e+01   1.4932027816772500e+01
   6.2000000000000000e+01   4.9766319274902301e+01
   6.2100000000000001e+01   6.5290481567382798e+01
   6.3000000000000000e+01   7.3998773193359398e+02
   6.3799999999999997e+01   3.8298263549804702e+01
   6.4000000000000000e+01   4.9950241088867199e+02
   6.4900000000000006e+01   1.9024150085449199e+02
   6.5000000000000000e+01   2.9253547363281300e+03
   6.5900000000000006e+01   2.8901184082031301e+02
   6.6000000000000000e+01   3.7855520629882801e+02
   6.7000000000000000e+01   1.4970892333984400e+03
   6.7900000000000006e+01   1.5627445220947299e+01
   6.8000000000000000e+01   2.0079569091796900e+03
   6.9000000000000000e+01   3.0085852050781301e+02
   6.9000000000000000e+01   1.3983410644531300e+03
   7.0000000000000000e+01   7.3029724121093795e+02
   7.0099999999999994e+01   2.1965776367187500e+03
   7.1000000000000000e+01   2.8674291992187500e+02
   7.1099999999999994e+01   5.2932201385497997e+01
   7.2099999999999994e+01   1.7106250762939499e+01
   7.3000000000000000e+01   5.6557739257812500e+01
   7.3799999999999997e+01   1.2860780715942401e+01
   7.3900000000000006e+01   1.3468183898925801e+02
   7.4099999999999994e+01   2.3173667907714801e+01
   7.4900000000000006e+01   1.1698058319091800e+02
   7.5000000000000000e+01   9.5270828247070298e+01
   7.5900000000000006e+01   1.1583508491516101e+01
   7.6099999999999994e+01   5.4858142089843795e+02
   7.7000000000000000e+01   1.0620189453125000e+04
   7.8000000000000000e+01   2.1147878417968800e+03
   7.9000000000000000e+01   3.8264377441406300e+03
   8.0000000000000000e+01   4.2590444946289102e+02
   8.0099999999999994e+01   4.5018627929687500e+02
   8.1000000000000000e+01   4.0216946411132801e+02
   8.1900000000000006e+01   1.6414646148681602e+01
   8.2000000000000000e+01   1.5662895507812500e+03
   8.2900000000000006e+01   7.8387954711914105e+01
   8.3000000000000000e+01   4.4350634765625000e+02
   8.4000000000000000e+01   3.7562634277343801e+02
   8.4099999999999994e+01   2.7445819091796898e+02
   8.5000000000000000e+01   2.8921646118164102e+01
   8.5099999999999994e+01   7.5083366394042997e+01
   8.5900000000000006e+01   5.8416336059570298e+01
   8.6099999999999994e+01   2.0159469604492202e+01
   8.8000000000000000e+01   1.2874289512634300e+01
   8.8900000000000006e+01   9.5375656127929702e+01
   8.9000000000000000e+01   3.2074932861328102e+02
   8.9099999999999994e+01   2.4201991271972699e+02
   9.0000000000000000e+01   1.4183683395385700e+01
   9.0099999999999994e+01   5.7655322265625000e+02
   9.1000000000000000e+01   1.0951196289062500e+04
   9.2000000000000000e+01   5.8176568603515602e+02
   9.2000000000000000e+01   1.0521595458984400e+03
   9.3000000000000000e+01   2.9768691406250000e+03
   9.4000000000000000e+01   1.7542607421875000e+03
   9.4099999999999994e+01   3.2483779907226602e+02
   9.5000000000000000e+01   1.1655242919921901e+02
   9.5099999999999994e+01   1.1559155273437500e+03
   9.6099999999999994e+01   7.7160346679687500e+03
   9.7099999999999994e+01   1.2346306152343800e+03
   9.7900000000000006e+01   5.8253154754638700e+01
   9.8000000000000000e+01   2.5452020263671901e+02
   1.0009999999999999e+02   1.1937557220459000e+01
   1.0090000000000001e+02   6.1106189727783203e+01
   1.0120000000000000e+02   1.2545719146728500e+01
   1.0190000000000001e+02   7.1806678771972699e+01
   1.0200000000000000e+02   2.9933441162109398e+02
   1.0209999999999999e+02   5.4521209716796903e+01
   1.0300000000000000e+02   3.7450258789062500e+03
   1.0400000000000000e+02   5.1600209960937500e+03
   1.0409999999999999e+02   5.4897564697265602e+02
   1.0509999999999999e+02   1.3394343750000000e+04
   1.0600000000000000e+02   2.6285917968750000e+03
   1.0700000000000000e+02   2.6220880126953102e+02
   1.0709999999999999e+02   3.9890033721923800e+01
   1.0790000000000001e+02   4.8372966766357401e+01
   1.0800000000000000e+02   1.1427091979980500e+02
   1.0880000000000000e+02   7.6559400558471697e+00
   1.0890000000000001e+02   4.8370056152343800e+01
   1.0900000000000000e+02   5.9544723510742202e+01
   1.0909999999999999e+02   3.6397876739502002e+00
   1.0990000000000001e+02   1.0470116615295399e+01
   1.1000000000000000e+02   8.0092363357543892e+00
   1.1080000000000000e+02   1.0051585197448700e+01
   1.1090000000000001e+02   3.6455356597900398e+01
   1.1100000000000000e+02   5.9200340270996101e+01
   1.1290000000000001e+02   1.9191467285156300e+01
   1.1320000000000000e+02   8.5503873825073207e+00
   1.1500000000000000e+02   3.8404556274414102e+02
   1.1500000000000000e+02   3.4233743286132801e+02
   1.1580000000000000e+02   2.4457786560058601e+01
   1.1600000000000000e+02   3.1943713378906301e+02
   1.1609999999999999e+02   3.5707946777343800e+01
   1.1700000000000000e+02   2.4962504882812500e+03
   1.1800000000000000e+02   5.9446923828125000e+03
   1.1900000000000000e+02   1.5595843505859400e+03
   1.1990000000000001e+02   4.8604061126708999e+01
   1.2000000000000000e+02   7.4671447753906295e+02
   1.2100000000000000e+02   4.6989295959472699e+01
   1.2109999999999999e+02   2.7372037887573200e+01
   1.2300000000000000e+02   8.1706418991088903e+00
   1.2690000000000001e+02   2.7763051986694300e+01
   1.2700000000000000e+02   4.8279941558837898e+01
   1.2780000000000000e+02   5.1738578796386697e+01
   1.2790000000000001e+02   1.3795103073120099e+01
   1.2800000000000000e+02   2.7946078491210898e+02
   1.2900000000000000e+02   1.3624896240234401e+02
   1.2909999999999999e+02   2.1551786804199199e+02
   1.2909999999999999e+02   5.1370460510253899e+01
   1.3009999999999999e+02   6.1561274414062500e+03
   1.3100000000000000e+02   3.9530007324218800e+03
   1.3200000000000000e+02   1.1501273193359400e+03
   1.3209999999999999e+02   7.4654047851562500e+03
   1.3300000000000000e+02   1.4190572509765600e+03
   1.3319999999999999e+02   9.4940557479858398e+00
   1.3400000000000000e+02   2.7065670776367199e+02
   1.3409999999999999e+02   3.8417385864257801e+02
   1.3500000000000000e+02   4.8121326446533203e+01
   1.3509999999999999e+02   4.9760375022888201e+00
   1.3680000000000001e+02   3.3127120971679702e+01
   1.3700000000000000e+02   1.0704345703125000e+00
   1.3800000000000000e+02   2.2954172134399400e+01
   1.3890000000000001e+02   3.8129589080810497e+01
   1.3900000000000000e+02   5.6605676269531295e+02
   1.3990000000000001e+02   8.8314008712768608e+00
   1.4009999999999999e+02   4.9616706848144503e+01
   1.4090000000000001e+02   3.6982212066650398e+01
   1.4109999999999999e+02   9.9247100830078097e+01
   1.4200000000000000e+02   6.0148513793945298e+01
   1.4290000000000001e+02   1.6426286315918000e+02
   1.4309999999999999e+02   1.3548994445800801e+02
   1.4400000000000000e+02   3.0311054229736300e+01
   1.4409999999999999e+02   1.1526280517578100e+03
   1.4419999999999999e+02   7.9477820396423304e+00
   1.4500000000000000e+02   3.3680877685546898e+02
   1.4509999999999999e+02   7.0768060302734398e+02
   1.4609999999999999e+02   3.8301875000000000e+04
   1.4690000000000001e+02   4.7293121337890597e+01
   1.4709999999999999e+02   4.3883481445312500e+03
   1.4790000000000001e+02   3.0474683761596701e+01
   1.4800000000000000e+02   4.5151922607421898e+02
   1.4809999999999999e+02   1.3890118408203099e+02
   1.4880000000000001e+02   2.3900180816650401e+01
   1.4900000000000000e+02   2.8160419464111300e+01
   1.4909999999999999e+02   2.5056753540039099e+02
   1.4990000000000001e+02   3.6602771759033203e+01
   1.5000000000000000e+02   2.7710668945312500e+02
   1.5019999999999999e+02   1.0541197776794400e+01
   1.5090000000000001e+02   8.8518495559692401e+00
   1.5100000000000000e+02   2.8128698348998999e+01
   1.5180000000000001e+02   1.2658770561218301e+01
   1.5200000000000000e+02   8.3827352523803693e+00
   1.5209999999999999e+02   1.0183814048767101e+01
   1.5300000000000000e+02   5.4938873291015597e+01
   1.5400000000000000e+02   1.7200967788696300e+01
   1.5490000000000001e+02   4.8748306274414098e+01
   1.5500000000000000e+02   3.9640911102294901e+01
   1.5580000000000001e+02   1.1705634117126500e+01
   1.5600000000000000e+02   1.2357455444335901e+02
   1.5609999999999999e+02   8.1747825622558594e+01
   1.5619999999999999e+02   5.6788425445556598e+01
   1.5700000000000000e+02   1.4903564453125000e+02
   1.5709999999999999e+02   5.8075599670410199e+01
   1.5809999999999999e+02   3.2995227050781300e+03
   1.5900000000000000e+02   1.2591882324218800e+03
   1.6000000000000000e+02   4.5153762817382801e+02
   1.6009999999999999e+02   1.2080498046875000e+03
   1.6080000000000001e+02   1.4388657569885300e+01
   1.6100000000000000e+02   1.6276371765136699e+02
   1.6119999999999999e+02   8.5321548461914105e+01
   1.6200000000000000e+02   9.4883146286010707e+00
   1.6219999999999999e+02   1.8181407928466800e+01
   1.6309999999999999e+02   1.8869812011718800e+01
   1.6500000000000000e+02   3.3133300781250000e+01
   1.6509999999999999e+02   1.0479178428649901e+01
   1.6690000000000001e+02   2.7369604110717798e+01
   1.6790000000000001e+02   1.0501603126525900e+01
   1.6890000000000001e+02   1.0235353469848601e+01
   1.6900000000000000e+02   2.3178857803344702e+01
   1.6980000000000001e+02   1.0912504196166999e+01
   1.7000000000000000e+02   1.1919466018676800e+01
   1.7009999999999999e+02   2.1981948852539102e+01
   1.7030000000000001e+02   1.1167625427246101e+01
   1.7090000000000001e+02   2.2413185119628899e+01
   1.7109999999999999e+02   1.6520637512206999e+01
   1.7190000000000001e+02   1.4986705780029300e+01
   1.7200000000000000e+02   2.8501336669921898e+02
   1.7209999999999999e+02   8.2264778137207003e+01
   1.7290000000000001e+02   2.5421052932739300e+01
   1.7300000000000000e+02   2.6166198730468801e+02
   1.7309999999999999e+02   1.1107545471191401e+02
   1.7400000000000000e+02   6.6071273803710895e+01
   1.7409999999999999e+02   3.7491390228271499e+01
   1.7790000000000001e+02   5.0690479278564498e+00
   1.7900000000000000e+02   8.2030515670776403e+00
   1.8119999999999999e+02   8.8058938980102504e+00
   1.8190000000000001e+02   2.2530126571655298e+01
   1.8209999999999999e+02   9.4254159927368200e+00
   1.8290000000000001e+02   9.0862846374511701e+00
   1.8309999999999999e+02   9.7170734405517596e+00
   1.8400000000000000e+02   3.1797498703002901e+01
   1.8409999999999999e+02   4.9844012451171898e+02
   1.8480000000000001e+02   1.4852189064025900e+01
   1.8500000000000000e+02   2.2712541198730500e+02
   1.8509999999999999e+02   1.3600215148925801e+02
   1.8600000000000000e+02   1.8482593536376999e+01
   1.8609999999999999e+02   1.5786358642578100e+03
   1.8690000000000001e+02   2.3403446197509801e+01
   1.8709999999999999e+02   1.3874589843750000e+03
   1.8800000000000000e+02   3.8486904144287102e+01
   1.8809999999999999e+02   2.5631542968750000e+03
   1.8909999999999999e+02   2.3863294921875000e+04
   1.9009999999999999e+02   3.1606518554687500e+03
   1.9100000000000000e+02   8.0242950439453097e+01
   1.9109999999999999e+02   2.1146430969238301e+02
   1.9300000000000000e+02   1.7125045776367202e+01
   1.9490000000000001e+02   9.5312395095825195e+00
   1.9980000000000001e+02   8.5139989852905291e+00
   1.9990000000000001e+02   1.2400256156921399e+01
   2.0000000000000000e+02   4.2554580688476598e+01
   2.0019999999999999e+02   1.3288855552673301e+01
   2.0100000000000000e+02   4.4713966369628899e+01
   2.0119999999999999e+02   9.2637472152709996e+00
   2.0209999999999999e+02   8.3272470703125000e+03
   2.0300000000000000e+02   1.7513975143432599e+01
   2.0309999999999999e+02   1.2215478515625000e+03
   2.0390000000000001e+02   2.7009534835815401e+01
   2.0409999999999999e+02   7.6699760437011705e+01
   2.0680000000000001e+02   5.6436225891113303e+01
   2.0690000000000001e+02   1.8968826293945298e+01
   2.1100000000000000e+02   2.7730979919433601e+01
   2.1109999999999999e+02   4.6217235565185497e+01
   2.1469999999999999e+02   5.5031032562255902e+01
   2.1490000000000001e+02   1.2262445068359401e+02
   2.1590000000000001e+02   8.7857208251953097e+01
   2.1609999999999999e+02   4.3307675170898398e+02
   2.1690000000000001e+02   6.3886135101318402e+01
   2.1700000000000000e+02   4.8346328735351598e+01
   2.1719999999999999e+02   1.6220083236694300e+01
   2.1890000000000001e+02   5.3353012084960902e+01
   2.1909999999999999e+02   3.8573738098144503e+01
   2.2080000000000001e+02   2.0782808303833001e+01
   2.2300000000000000e+02   1.3588899612426800e+01
   2.2700000000000000e+02   1.7614830017089801e+01
   2.3109999999999999e+02   1.7633497238159201e+01
   2.3290000000000001e+02   6.0798263549804696e+00
   2.3300000000000000e+02   2.6484966278076199e+00
   2.3400000000000000e+02   9.8788022994995099e+00
   2.3419999999999999e+02   1.2466137886047401e+01
   2.3700000000000000e+02   6.3167816162109403e+01
   2.3709999999999999e+02   3.3794940948486300e+01
   2.3800000000000000e+02   1.0154112815856900e+01
   2.3900000000000000e+02   9.1983156204223597e+00
   2.4300000000000000e+02   1.0747286796569799e+01
   2.4309999999999999e+02   5.4947582244872997e+01
   2.4409999999999999e+02   3.5449502563476602e+02
   2.4519999999999999e+02   6.2459199218750000e+04
   2.4619999999999999e+02   1.0850909179687500e+04
   2.4700000000000000e+02   1.7495768737793000e+02
   2.4719999999999999e+02   8.5264978027343795e+02
   2.4800000000000000e+02   1.7380945205688501e+01
   2.5109999999999999e+02   1.7858633041381800e+01
   2.7900000000000000e+02   4.8485622406005902e+01
   2.7919999999999999e+02   6.7249557495117202e+01
   2.9280000000000001e+02   8.5007610321044904e+00
   2.9289999999999998e+02   2.6723384857177699e+00
   3.0700000000000000e+02   1.9367053985595700e+01
   3.3410000000000002e+02   5.7233631134033203e+01
   3.3519999999999999e+02   2.5797979354858398e+01
