   4.0899999999999999e+01   2.8228149414062500e+01
   4.1000000000000000e+01   2.7253540039062500e+02
   4.1100000000000001e+01   1.6308984375000000e+02
   4.2000000000000000e+01   1.3873833007812500e+03
   4.2899999999999999e+01   2.6215669631958001e+01
   4.3000000000000000e+01   8.5954971313476605e+01
   4.3100000000000001e+01   7.3405944824218807e+01
   4.4000000000000000e+01   5.3082092285156295e+02
   4.9899999999999999e+01   3.7534622192382798e+01
   5.0000000000000000e+01   5.4281936645507798e+01
   5.0899999999999999e+01   5.4708648681640597e+01
   5.1000000000000000e+01   1.4352539062500000e+02
   5.1000000000000000e+01   6.8925888061523395e+01
   5.1899999999999999e+01   1.2042421722412099e+02
   5.2000000000000000e+01   9.3323600769042997e+01
   5.2200000000000003e+01   7.6182389259338397e+00
   5.2899999999999999e+01   7.5819435119628906e+01
   5.3100000000000001e+01   1.0340519714355500e+02
   5.3799999999999997e+01   1.1399160385131800e+01
   5.4000000000000000e+01   1.3218560791015599e+02
   5.4100000000000001e+01   2.4939165115356399e+01
   5.4899999999999999e+01   6.4842803955078097e+01
   5.5000000000000000e+01   1.8236747741699199e+02
   5.5000000000000000e+01   1.9203833007812500e+02
   5.6000000000000000e+01   1.3180230712890599e+02
   5.6100000000000001e+01   1.1131664276123000e+02
   5.6899999999999999e+01   4.3713088989257798e+01
   5.7000000000000000e+01   1.9037205810546900e+03
   5.7899999999999999e+01   8.0308828353881800e+00
   5.8000000000000000e+01   4.8779964447021499e+01
   5.8799999999999997e+01   2.6764081954956101e+01
   5.9000000000000000e+01   4.5451549530029297e+01
   5.9100000000000001e+01   2.9291423797607401e+01
   6.1899999999999999e+01   1.7040655136108398e+01
   6.2000000000000000e+01   7.4771084785461399e+00
   6.2799999999999997e+01   5.7616267204284703e+00
   6.2899999999999999e+01   1.5238569641113301e+02
   6.3100000000000001e+01   1.3768229675293000e+02
   6.3899999999999999e+01   1.9281245422363301e+02
   6.4099999999999994e+01   6.8248115539550795e+01
   6.4900000000000006e+01   2.3465319824218801e+02
   6.5000000000000000e+01   4.5499020385742199e+02
   6.5799999999999997e+01   8.1032323837280291e+00
   6.6000000000000000e+01   8.4066070556640597e+01
   6.6799999999999997e+01   4.6514602661132798e+01
   6.7000000000000000e+01   6.6164993286132798e+01
   6.7099999999999994e+01   5.6470413208007798e+01
   6.7200000000000003e+01   1.0713642120361300e+01
   6.7799999999999997e+01   1.3825448036193800e+01
   6.8000000000000000e+01   3.0698245239257801e+02
   6.8200000000000003e+01   1.4803626060485801e+01
   6.8799999999999997e+01   3.9953678131103501e+01
   6.9000000000000000e+01   2.0715724182128901e+02
   6.9200000000000003e+01   4.3365318298339801e+01
   6.9900000000000006e+01   1.8951654434204102e+01
   7.0000000000000000e+01   4.9264169311523398e+02
   7.0099999999999994e+01   2.2954420471191401e+02
   7.0700000000000003e+01   8.4954891204834002e+00
   7.1000000000000000e+01   1.6818758010864300e+01
   7.1099999999999994e+01   2.0661226272583001e+01
   7.2900000000000006e+01   3.6485452651977499e+00
   7.3000000000000000e+01   1.3422996520996101e+01
   7.4000000000000000e+01   3.2245018005371101e+01
   7.4900000000000006e+01   2.5100963592529300e+01
   7.5000000000000000e+01   3.2069110870361300e+01
   7.5900000000000006e+01   3.0091300964355501e+01
   7.6000000000000000e+01   3.4517620086669901e+01
   7.6900000000000006e+01   1.6952816772460901e+02
   7.7000000000000000e+01   9.7390527343750000e+02
   7.7900000000000006e+01   1.1374958038330099e+02
   7.8000000000000000e+01   3.9590264892578102e+02
   7.8900000000000006e+01   1.6186386108398398e+01
   7.9000000000000000e+01   4.3421350097656301e+02
   7.9099999999999994e+01   3.6594854736328102e+02
   7.9799999999999997e+01   8.1005716323852504e+00
   8.0000000000000000e+01   2.2698823547363301e+02
   8.0099999999999994e+01   1.2354859161377000e+02
   8.0700000000000003e+01   1.4112138748168899e+01
   8.0900000000000006e+01   7.7596168518066397e+00
   8.1000000000000000e+01   1.3467938232421901e+02
   8.2000000000000000e+01   2.7408801269531301e+02
   8.2099999999999994e+01   5.5935794830322301e+01
   8.2900000000000006e+01   4.8218002319335902e+01
   8.3000000000000000e+01   3.6724624633789098e+01
   8.3799999999999997e+01   6.8632535934448198e+00
   8.4000000000000000e+01   2.9318092346191399e+01
   8.8900000000000006e+01   1.3505056762695301e+02
   8.9099999999999994e+01   5.9445789337158203e+01
   8.9900000000000006e+01   1.0264142608642599e+02
   9.0000000000000000e+01   4.5492637634277301e+01
   9.0099999999999994e+01   3.9152305603027301e+01
   9.1000000000000000e+01   2.3672722167968800e+03
   9.2000000000000000e+01   6.5161737060546898e+02
   9.2099999999999994e+01   5.9268409729003899e+01
   9.2799999999999997e+01   5.3915878295898402e+01
   9.2900000000000006e+01   2.6068546295166001e+01
   9.3000000000000000e+01   7.0575950622558594e+01
   9.3099999999999994e+01   3.5330257415771499e+01
   9.3900000000000006e+01   1.1392156219482401e+02
   9.4099999999999994e+01   2.1519107055664099e+02
   9.5000000000000000e+01   1.9338412475585901e+02
   9.5099999999999994e+01   1.0845275878906300e+02
   9.5299999999999997e+01   2.0833492279052699e+01
   9.6000000000000000e+01   2.1548077392578099e+02
   9.6099999999999994e+01   1.3601674804687500e+03
   9.6200000000000003e+01   5.2801296234130902e+01
   9.7000000000000000e+01   1.7768141174316401e+02
   9.7099999999999994e+01   9.2585021972656307e+01
   9.7200000000000003e+01   2.2146186828613299e+01
   9.7799999999999997e+01   9.3439645767211896e+00
   9.8000000000000000e+01   8.7264671325683594e+01
   9.8099999999999994e+01   4.3756515502929702e+01
   9.8299999999999997e+01   1.5512146949768100e+01
   1.0190000000000001e+02   4.7595890045166001e+01
   1.0200000000000000e+02   3.4871044158935497e+01
   1.0280000000000000e+02   2.5627321243286101e+01
   1.0300000000000000e+02   3.8350387573242199e+02
   1.0309999999999999e+02   2.5120443725585901e+02
   1.0400000000000000e+02   4.1820654296875000e+02
   1.0409999999999999e+02   1.4853794860839801e+02
   1.0420000000000000e+02   9.7427845001220703e+00
   1.0500000000000000e+02   4.4372421264648398e+02
   1.0500000000000000e+02   1.7619414062500000e+03
   1.0590000000000001e+02   9.4436500549316406e+01
   1.0600000000000000e+02   2.5684960937500000e+02
   1.0680000000000000e+02   1.9924222946166999e+01
   1.0690000000000001e+02   1.5931263732910199e+02
   1.0700000000000000e+02   1.0234738159179700e+02
   1.0790000000000001e+02   2.6080374145507801e+02
   1.0800000000000000e+02   5.5593060302734398e+02
   1.0880000000000000e+02   8.1554212570190394e+00
   1.0890000000000001e+02   1.8194927215576200e+01
   1.0900000000000000e+02   7.2300239562988295e+01
   1.0909999999999999e+02   1.2510787963867200e+01
   1.1500000000000000e+02   3.4296188354492202e+01
   1.1520000000000000e+02   5.0586795806884801e+01
   1.1590000000000001e+02   2.2003845214843800e+01
   1.1609999999999999e+02   1.6244890213012699e+01
   1.1690000000000001e+02   7.8675437927246094e+01
   1.1700000000000000e+02   2.0878663635253901e+02
   1.1780000000000000e+02   3.8485652923583999e+01
   1.1800000000000000e+02   1.2423971176147500e+01
   1.1800000000000000e+02   1.1625094604492200e+02
   1.1890000000000001e+02   1.5949217796325700e+01
   1.1900000000000000e+02   5.5675918579101598e+01
   1.1920000000000000e+02   8.0870141983032209e+00
   1.2000000000000000e+02   9.0603187561035199e+01
   1.2080000000000000e+02   5.5003772735595703e+01
   1.2100000000000000e+02   2.0103033447265599e+02
   1.2109999999999999e+02   4.5199596405029297e+01
   1.2190000000000001e+02   1.1310730934143100e+01
   1.2200000000000000e+02   2.2483042907714801e+02
   1.2209999999999999e+02   6.1125877380371101e+01
   1.2230000000000000e+02   8.2537651062011701e+00
   1.2300000000000000e+02   3.0938632202148398e+02
   1.2309999999999999e+02   3.1576257324218801e+02
   1.2380000000000000e+02   7.5187664031982404e+00
   1.2390000000000001e+02   3.6360885620117202e+01
   1.2400000000000000e+02   5.6679016113281300e+01
   1.2990000000000001e+02   2.5460418701171901e+02
   1.3009999999999999e+02   1.4632658386230500e+02
   1.3090000000000001e+02   7.7296363830566406e+01
   1.3109999999999999e+02   6.3203979492187500e+01
   1.3180000000000001e+02   7.6136732101440403e+00
   1.3200000000000000e+02   2.0396656799316401e+02
   1.3209999999999999e+02   1.3620423889160199e+02
   1.3290000000000001e+02   3.2973571777343800e+01
   1.3300000000000000e+02   2.2296348571777301e+02
   1.3309999999999999e+02   3.7510654449462898e+01
   1.3390000000000001e+02   4.2916275024414098e+01
   1.3400000000000000e+02   5.8708831787109398e+02
   1.3409999999999999e+02   2.4322103881835901e+02
   1.3480000000000001e+02   5.7868892669677699e+01
   1.3500000000000000e+02   1.8204614257812500e+02
   1.3509999999999999e+02   1.3991006851196300e+01
   1.3600000000000000e+02   1.0111391448974599e+02
   1.3609999999999999e+02   3.3110237121582003e+01
   1.3619999999999999e+02   9.9186010360717791e+00
   1.3680000000000001e+02   3.1378541946411101e+01
   1.3700000000000000e+02   1.5557110595703099e+02
   1.3769999999999999e+02   1.0319133758544901e+01
   1.3790000000000001e+02   9.1394777297973597e+00
   1.3880000000000001e+02   1.9891160964965799e+01
   1.3909999999999999e+02   4.8077526092529297e+01
   1.3919999999999999e+02   8.0430803298950195e+00
   1.4300000000000000e+02   6.8892488479614302e+00
   1.4309999999999999e+02   7.9623088836669904e+00
   1.4380000000000001e+02   1.7994497299194300e+01
   1.4400000000000000e+02   9.9007011413574205e+01
   1.4409999999999999e+02   3.2496765136718800e+01
   1.4490000000000001e+02   3.4570999145507798e+01
   1.4500000000000000e+02   1.0347207641601599e+02
   1.4519999999999999e+02   2.4775518417358398e+01
   1.4530000000000001e+02   1.5537973403930700e+01
   1.4590000000000001e+02   4.2478603363037102e+01
   1.4600000000000000e+02   3.4640866088867199e+02
   1.4619999999999999e+02   9.4848775863647496e+00
   1.4690000000000001e+02   2.7584619522094702e+01
   1.4700000000000000e+02   1.5070257568359401e+02
   1.4709999999999999e+02   9.2863054275512695e+00
   1.4800000000000000e+02   3.7413751220703102e+02
   1.4880000000000001e+02   3.0522123336791999e+01
   1.4900000000000000e+02   2.3469293212890599e+02
   1.4909999999999999e+02   5.5586097717285199e+01
   1.4919999999999999e+02   2.7615600585937500e+01
   1.4969999999999999e+02   1.0929172515869100e+01
   1.5009999999999999e+02   7.5614822387695298e+01
   1.5469999999999999e+02   7.0321011543273899e+00
   1.5490000000000001e+02   7.6443920135498002e+00
   1.5509999999999999e+02   8.7400960922241193e+00
   1.5609999999999999e+02   6.8567805290222203e+00
   1.5800000000000000e+02   3.9348094940185497e+01
   1.5880000000000001e+02   3.9659080505371101e+01
   1.5890000000000001e+02   6.8387176513671903e+01
   1.5909999999999999e+02   1.0032289505004901e+01
   1.6000000000000000e+02   4.7649005126953102e+02
   1.6009999999999999e+02   1.4848937988281301e+02
   1.6090000000000001e+02   4.0508480072021499e+01
   1.6100000000000000e+02   2.3075297546386699e+02
   1.6109999999999999e+02   2.3529135131835901e+02
   1.6200000000000000e+02   2.5473397827148401e+02
   1.6209999999999999e+02   5.6482763671875000e+02
   1.6290000000000001e+02   1.9910224914550799e+01
   1.6300000000000000e+02   1.2293602752685500e+02
   1.6319999999999999e+02   8.5570507049560494e+00
   1.7380000000000001e+02   1.9253374099731399e+01
   1.7400000000000000e+02   1.9888212203979499e+01
   1.7419999999999999e+02   4.8567821502685497e+01
   1.7490000000000001e+02   1.3133584976196300e+01
   1.7500000000000000e+02   3.2987182617187500e+01
   1.7509999999999999e+02   3.7474555969238303e+01
   1.7609999999999999e+02   5.0565786132812500e+03
   1.7690000000000001e+02   7.2281814575195298e+01
   1.7700000000000000e+02   2.1455224609375000e+02
   1.7709999999999999e+02   3.5532217407226602e+02
   1.7780000000000001e+02   9.4397926330566406e+00
   1.7809999999999999e+02   2.7131126403808601e+01
   1.7819999999999999e+02   2.5059654235839801e+01
   1.7890000000000001e+02   8.3496147155761705e+01
   1.7909999999999999e+02   1.3551812744140599e+02
   1.7990000000000001e+02   1.7602849960327099e+01
   1.8009999999999999e+02   5.8742763519287102e+01
   1.8080000000000001e+02   7.1556181907653800e+00
   1.8209999999999999e+02   1.0245066642761200e+01
   1.8369999999999999e+02   7.6112742424011204e+00
   1.8400000000000000e+02   1.4223220825195301e+02
   1.8409999999999999e+02   8.3297149658203097e+01
   1.8419999999999999e+02   2.5399778366088899e+01
   1.8480000000000001e+02   1.2757152557373001e+01
   1.8500000000000000e+02   5.0793491363525398e+01
   1.8509999999999999e+02   7.2165168762207003e+01
   1.8590000000000001e+02   2.4332159042358398e+01
   1.8600000000000000e+02   1.5079815673828099e+02
   1.8609999999999999e+02   2.5938079833984398e+02
   1.8690000000000001e+02   3.7726310729980497e+01
   1.8709999999999999e+02   8.0896965026855497e+01
   1.8719999999999999e+02   3.8995185852050803e+01
   1.8790000000000001e+02   1.3290337562561000e+01
   1.8800000000000000e+02   4.5741687011718801e+02
   1.8809999999999999e+02   2.5761251831054699e+02
   1.8890000000000001e+02   2.7358808517456101e+01
   1.8900000000000000e+02   8.1710517883300795e+01
   1.8919999999999999e+02   2.0445291519165000e+01
   1.9009999999999999e+02   3.6747200012207003e+01
   2.0109999999999999e+02   7.4750905036926296e+00
   2.0190000000000001e+02   2.1302362442016602e+01
   2.0209999999999999e+02   1.2008307456970201e+01
   2.0300000000000000e+02   3.7381790161132798e+01
   2.0680000000000001e+02   1.7367065429687500e+01
   2.1090000000000001e+02   6.0494194030761701e+00
   2.1100000000000000e+02   1.9647192001342798e+01
   2.1469999999999999e+02   9.9413318634033203e+00
   2.1490000000000001e+02   2.3780906677246101e+01
   2.1500000000000000e+02   1.1468887329101600e+00
   2.1509999999999999e+02   3.8363861083984403e+01
   2.1680000000000001e+02   1.7774091720581101e+01
   2.1700000000000000e+02   5.3005191802978501e+01
   2.1709999999999999e+02   9.3026565551757798e+01
   2.1780000000000001e+02   8.4448204040527308e+00
   2.1790000000000001e+02   3.4269668579101598e+01
   2.1809999999999999e+02   1.7722418212890599e+02
   2.1819999999999999e+02   3.7093479156494098e+01
   2.1900000000000000e+02   3.9142208099365199e+01
   2.1909999999999999e+02   2.0184291992187500e+03
   2.2000000000000000e+02   5.1085933685302699e+01
   2.2009999999999999e+02   1.4699856567382801e+02
   2.2019999999999999e+02   7.6353981018066406e+01
   2.2100000000000000e+02   7.4946656227111799e+00
   2.3200000000000000e+02   5.1476566314697301e+01
   2.3209999999999999e+02   7.7318072509765602e+02
   2.3209999999999999e+02   6.0563616943359398e+02
   2.3269999999999999e+02   1.4737112998962401e+01
   2.3300000000000000e+02   2.0476031494140599e+02
   2.3309999999999999e+02   3.6218978881835902e+01
   2.3680000000000001e+02   2.4534784317016602e+01
   2.3690000000000001e+02   2.8064067840576200e+01
   2.3700000000000000e+02   1.6619434356689500e+00
   2.4600000000000000e+02   1.8558904647827099e+01
   2.7519999999999999e+02   7.3898696289062500e+03
   2.7610000000000002e+02   5.8978961181640602e+02
   2.7619999999999999e+02   7.7408868408203102e+02
   2.7700000000000000e+02   2.7230443954467798e+01
   2.7710000000000002e+02   8.5633590698242202e+01
   2.7730000000000001e+02   2.8608091354370099e+01
