   4.0100000000000001e+01   8.2868698120117202e+01
   4.1000000000000000e+01   1.5397451782226599e+02
   4.1100000000000001e+01   1.5025346679687500e+03
   4.2000000000000000e+01   6.3501948242187500e+03
   4.3000000000000000e+01   1.0600098876953100e+03
   4.4000000000000000e+01   3.2407231445312500e+03
   4.5000000000000000e+01   1.0368949127197300e+02
   4.5100000000000001e+01   1.3155485153198200e+01
   4.9799999999999997e+01   1.0091599464416500e+01
   4.9899999999999999e+01   1.1925202941894500e+02
   5.0000000000000000e+01   2.4904608154296901e+02
   5.0100000000000001e+01   2.3087806701660199e+01
   5.0899999999999999e+01   1.4231754302978500e+01
   5.1000000000000000e+01   1.3619813232421900e+03
   5.1799999999999997e+01   7.6385698318481401e+00
   5.2000000000000000e+01   4.6380947875976602e+02
   5.2100000000000001e+01   8.7663555145263707e+00
   5.3000000000000000e+01   5.5279754638671898e+02
   5.4000000000000000e+01   2.3274024963378901e+02
   5.4100000000000001e+01   5.2791192626953102e+02
   5.5000000000000000e+01   1.6701701660156300e+03
   5.5899999999999999e+01   3.8830051422119098e+01
   5.6100000000000001e+01   1.4632365722656300e+03
   5.7000000000000000e+01   7.7895712890625000e+03
   5.8000000000000000e+01   1.7804891967773401e+02
   5.8000000000000000e+01   2.5238731384277301e+02
   5.8899999999999999e+01   9.9530158996582003e+01
   5.9899999999999999e+01   6.0397949218750000e+00
   6.1100000000000001e+01   1.1295088768005400e+01
   6.1899999999999999e+01   7.3032875061035199e+01
   6.2000000000000000e+01   3.8572013854980497e+01
   6.2899999999999999e+01   2.2548557281494102e+01
   6.3000000000000000e+01   7.3354284667968795e+02
   6.4000000000000000e+01   2.3715242004394500e+02
   6.4099999999999994e+01   2.1671995544433599e+02
   6.5000000000000000e+01   2.8510886230468800e+03
   6.5799999999999997e+01   1.3755692481994600e+01
   6.6000000000000000e+01   3.2853341674804699e+02
   6.6099999999999994e+01   2.7544213867187500e+02
   6.7000000000000000e+01   1.4613482666015600e+03
   6.8000000000000000e+01   1.7650742187500000e+03
   6.9000000000000000e+01   1.5626120605468800e+03
   7.0000000000000000e+01   1.1034952392578100e+03
   7.0099999999999994e+01   1.5006287841796900e+03
   7.1000000000000000e+01   2.8284445190429699e+02
   7.1099999999999994e+01   2.3623256683349599e+01
   7.2000000000000000e+01   1.8166458129882798e+01
   7.2099999999999994e+01   9.0255966186523402e+00
   7.2900000000000006e+01   3.2689800262451200e+01
   7.3000000000000000e+01   3.8645278930664098e+01
   7.3000000000000000e+01   4.0211725234985402e-01
   7.3799999999999997e+01   2.4365821838378899e+01
   7.4000000000000000e+01   8.5471771240234403e+01
   7.4099999999999994e+01   3.6634532928466797e+01
   7.4900000000000006e+01   1.0457297515869099e+02
   7.5000000000000000e+01   1.3267292785644500e+02
   7.5900000000000006e+01   9.0284538269042997e+01
   7.6099999999999994e+01   3.9606188964843801e+02
   7.7000000000000000e+01   9.5432539062500000e+03
   7.8000000000000000e+01   2.0007113037109400e+03
   7.9000000000000000e+01   3.3934897460937500e+03
   8.0000000000000000e+01   1.5973265075683599e+02
   8.0000000000000000e+01   6.7160577392578102e+02
   8.1000000000000000e+01   3.5778536987304699e+02
   8.2099999999999994e+01   1.4193494873046900e+03
   8.2799999999999997e+01   9.6711578369140607e+00
   8.2900000000000006e+01   2.8411478042602500e+01
   8.3000000000000000e+01   3.9142449951171898e+02
   8.4000000000000000e+01   2.6967620849609398e+02
   8.4099999999999994e+01   3.0253890991210898e+02
   8.5000000000000000e+01   3.6556701660156300e+01
   8.5099999999999994e+01   7.0982543945312500e+01
   8.6000000000000000e+01   4.6633560180664098e+01
   8.9000000000000000e+01   3.0572735595703102e+02
   8.9099999999999994e+01   3.0179302978515602e+02
   8.9900000000000006e+01   1.5899939537048301e+01
   9.0000000000000000e+01   1.1974444580078099e+02
   9.0099999999999994e+01   4.0559097290039102e+02
   9.1000000000000000e+01   9.5476279296875000e+03
   9.2000000000000000e+01   3.5314797973632801e+02
   9.2000000000000000e+01   1.1354499511718800e+03
   9.3000000000000000e+01   2.7336359863281300e+03
   9.3900000000000006e+01   1.1541719055175800e+02
   9.4000000000000000e+01   1.7584549560546900e+03
   9.5000000000000000e+01   4.7685040283203102e+02
   9.5099999999999994e+01   6.7515826416015602e+02
   9.6099999999999994e+01   6.8658525390625000e+03
   9.7000000000000000e+01   6.2041644287109398e+02
   9.7099999999999994e+01   4.1853628540039102e+02
   9.7900000000000006e+01   1.2138563537597700e+02
   9.8099999999999994e+01   1.8058996582031301e+02
   9.8900000000000006e+01   1.6417951583862301e+01
   1.0000000000000000e+02   1.7977416992187500e+01
   1.0100000000000000e+02   2.1429546356201200e+01
   1.0200000000000000e+02   2.7800210571289102e+02
   1.0200000000000000e+02   1.0730540466308599e+02
   1.0300000000000000e+02   3.2127324218750000e+03
   1.0400000000000000e+02   4.9225087890625000e+03
   1.0500000000000000e+02   1.1884629882812500e+04
   1.0600000000000000e+02   2.2371611328125000e+03
   1.0700000000000000e+02   2.8478076171875000e+02
   1.0780000000000000e+02   1.7790767669677699e+01
   1.0800000000000000e+02   1.0559194183349599e+02
   1.0820000000000000e+02   1.3480264663696300e+01
   1.0890000000000001e+02   6.9984329223632798e+01
   1.0900000000000000e+02   3.0002288818359400e+01
   1.0920000000000000e+02   1.2802248954772899e+01
   1.0990000000000001e+02   9.1118831634521502e+00
   1.1000000000000000e+02   2.9706972122192401e+01
   1.1090000000000001e+02   1.6727464675903299e+01
   1.1109999999999999e+02   4.1842578887939503e+01
   1.1200000000000000e+02   8.6624422073364293e+00
   1.1280000000000000e+02   8.8131399154663104e+00
   1.1480000000000000e+02   1.7918500900268601e+01
   1.1490000000000001e+02   1.5760203552246099e+02
   1.1500000000000000e+02   4.6927914428710898e+02
   1.1590000000000001e+02   5.8062423706054702e+01
   1.1600000000000000e+02   3.0834259033203102e+02
   1.1700000000000000e+02   2.3709775390625000e+03
   1.1800000000000000e+02   5.1520585937500000e+03
   1.1900000000000000e+02   1.0235411987304700e+03
   1.1909999999999999e+02   4.6359417724609398e+02
   1.1990000000000001e+02   8.4936017990112305e+00
   1.2000000000000000e+02   6.3534973144531295e+02
   1.2090000000000001e+02   3.1957120895385700e+01
   1.2100000000000000e+02   2.9392236709594702e+01
   1.2200000000000000e+02   8.3429212570190394e+00
   1.2700000000000000e+02   3.1241313934326200e+01
   1.2709999999999999e+02   2.5261550903320298e+01
   1.2790000000000001e+02   4.4529487609863303e+01
   1.2800000000000000e+02   2.7615277099609398e+02
   1.2830000000000001e+02   9.8451566696166992e+00
   1.2900000000000000e+02   1.5933691406250000e+02
   1.2909999999999999e+02   1.5146749877929699e+02
   1.3000000000000000e+02   5.3916088867187500e+03
   1.3100000000000000e+02   3.4345434570312500e+03
   1.3190000000000001e+02   7.9353561401367202e+01
   1.3209999999999999e+02   7.4069023437500000e+03
   1.3309999999999999e+02   1.2035632324218800e+03
   1.3400000000000000e+02   1.3190263366699199e+02
   1.3409999999999999e+02   4.7600430297851602e+02
   1.3490000000000001e+02   3.9524322509765597e+01
   1.3509999999999999e+02   3.7938148498535199e+01
   1.3690000000000001e+02   5.6219329833984403e+01
   1.3790000000000001e+02   1.2869302749633800e+01
   1.3800000000000000e+02   4.1225151062011697e+01
   1.3890000000000001e+02   4.6832054138183601e+01
   1.3900000000000000e+02   5.2383526611328102e+02
   1.3990000000000001e+02   3.2077857971191399e+01
   1.4000000000000000e+02   2.6996557235717798e+01
   1.4100000000000000e+02   6.8436111450195298e+01
   1.4190000000000001e+02   1.4061526298522899e+01
   1.4280000000000001e+02   1.4110321044921900e+01
   1.4300000000000000e+02   1.9717500305175801e+02
   1.4309999999999999e+02   8.9214904785156307e+01
   1.4380000000000001e+02   1.2588041305541999e+01
   1.4400000000000000e+02   1.0826085205078100e+03
   1.4500000000000000e+02   4.9732473754882801e+02
   1.4509999999999999e+02   3.7787350463867199e+02
   1.4609999999999999e+02   3.4294718750000000e+04
   1.4709999999999999e+02   4.0698974609375000e+03
   1.4800000000000000e+02   2.3036001586914099e+02
   1.4809999999999999e+02   3.3106857299804699e+02
   1.4900000000000000e+02   1.4640928649902301e+02
   1.4909999999999999e+02   1.2114051055908200e+02
   1.4919999999999999e+02   2.6396835327148398e+01
   1.4990000000000001e+02   3.3975627899169901e+01
   1.5009999999999999e+02   2.5973364257812500e+02
   1.5090000000000001e+02   2.5178157806396499e+01
   1.5100000000000000e+02   2.4363206863403299e+01
   1.5180000000000001e+02   7.6964883804321298e+00
   1.5200000000000000e+02   1.9882949829101602e+01
   1.5309999999999999e+02   8.8414955139160192e+00
   1.5390000000000001e+02   7.9822354316711399e+00
   1.5490000000000001e+02   3.0129783630371101e+01
   1.5500000000000000e+02   4.8815864562988303e+01
   1.5509999999999999e+02   1.2504722595214799e+01
   1.5590000000000001e+02   6.2734722137451200e+01
   1.5609999999999999e+02   1.5654814147949199e+02
   1.5690000000000001e+02   4.9685733795166001e+01
   1.5709999999999999e+02   1.6309704589843801e+02
   1.5809999999999999e+02   2.9596608886718800e+03
   1.5900000000000000e+02   1.0963719482421900e+03
   1.6000000000000000e+02   2.3186145782470700e+01
   1.6009999999999999e+02   1.4109019775390600e+03
   1.6100000000000000e+02   2.4493850708007801e+02
   1.6119999999999999e+02   9.7833938598632795e+00
   1.6500000000000000e+02   2.4361354827880898e+01
   1.6509999999999999e+02   1.1941188812255900e+01
   1.6700000000000000e+02   3.0887611389160199e+01
   1.6800000000000000e+02   1.0724459648132299e+01
   1.6890000000000001e+02   9.1043720245361293e+00
   1.6980000000000001e+02   9.6503019332885707e+00
   1.7000000000000000e+02   4.5385887145996101e+01
   1.7100000000000000e+02   5.0103538513183601e+01
   1.7200000000000000e+02   3.1144589233398398e+02
   1.7290000000000001e+02   6.0328548431396499e+01
   1.7309999999999999e+02   1.9939443969726599e+02
   1.7330000000000001e+02   8.0270948410034197e+00
   1.7400000000000000e+02   1.9587173461914102e+01
   1.7409999999999999e+02   3.3511360168457003e+01
   1.7809999999999999e+02   7.3972702026367196e+00
   1.8209999999999999e+02   2.0042188644409201e+01
   1.8400000000000000e+02   1.5383900451660199e+02
   1.8409999999999999e+02   3.1141116333007801e+02
   1.8500000000000000e+02   2.9696157836914102e+02
   1.8509999999999999e+02   7.9187248229980497e+01
   1.8600000000000000e+02   3.2308181762695301e+02
   1.8609999999999999e+02   1.0023604125976600e+03
   1.8709999999999999e+02   1.4552709960937500e+03
   1.8800000000000000e+02   2.3382484436035199e+01
   1.8809999999999999e+02   2.1859890136718800e+03
   1.8909999999999999e+02   2.1264466796875000e+04
   1.9009999999999999e+02   2.9719167480468800e+03
   1.9090000000000001e+02   7.0147714614868200e+00
   1.9100000000000000e+02   2.3129864501953099e+02
   1.9409999999999999e+02   1.0275071144104000e+01
   1.9890000000000001e+02   1.7384750366210898e+01
   2.0009999999999999e+02   2.8792400360107401e+01
   2.0100000000000000e+02   4.7954784393310497e+01
   2.0109999999999999e+02   8.9171886444091797e+00
   2.0209999999999999e+02   7.0913823242187500e+03
   2.0300000000000000e+02   3.3816860961914102e+02
   2.0309999999999999e+02   7.0454412841796898e+02
   2.0409999999999999e+02   1.0420901489257800e+02
   2.0690000000000001e+02   2.2822982788085898e+01
   2.0790000000000001e+02   7.7973208427429199e+00
   2.1090000000000001e+02   6.8783050537109403e+01
   2.1109999999999999e+02   1.3138315200805700e+01
   2.1300000000000000e+02   9.0116786956787092e+00
   2.1500000000000000e+02   1.6661143493652301e+02
   2.1600000000000000e+02   3.4513928222656301e+02
   2.1609999999999999e+02   1.4253164672851599e+02
   2.1690000000000001e+02   2.7712476730346701e+01
   2.1709999999999999e+02   6.9891059875488295e+01
   2.1869999999999999e+02   1.7887895584106399e+01
   2.1880000000000001e+02   2.0458183288574201e+00
   2.2900000000000000e+02   3.0858295440673800e+01
   2.3290000000000001e+02   9.9184677124023395e+01
   2.3690000000000001e+02   8.9785278320312500e+01
   2.4309999999999999e+02   4.3313304901122997e+01
   2.4319999999999999e+02   1.8002386093139599e+01
   2.4409999999999999e+02   2.3065493774414099e+02
   2.4519999999999999e+02   5.6809175781250000e+04
   2.4619999999999999e+02   9.7739169921875000e+03
   2.4700000000000000e+02   7.3840202331542997e+01
   2.4719999999999999e+02   8.3738104248046898e+02
   2.4800000000000000e+02   2.5410135269165000e+01
   2.4819999999999999e+02   1.0298577308654799e+01
   2.5109999999999999e+02   1.0255714416503899e+01
   2.7469999999999999e+02   1.0109524726867701e+01
   2.7910000000000002e+02   1.2178452301025401e+02
   2.7930000000000001e+02   1.7082376480102500e+01
   2.8010000000000002e+02   8.5044374465942401e+00
   2.8889999999999998e+02   6.6440567970275897e+00
   2.9260000000000002e+02   1.0287325859069799e+01
   2.9280000000000001e+02   1.0831312179565399e+01
   2.9289999999999998e+02   3.0105979442596400e+00
   3.3400000000000000e+02   1.5017376899719199e+01
   3.3419999999999999e+02   6.0556808471679702e+01
   3.3430000000000001e+02   1.9316762924194300e+01
   3.3510000000000002e+02   1.0122721672058100e+01
