   4.0100000000000001e+01   2.7853201293945301e+02
   4.1100000000000001e+01   5.3594990234375000e+03
   4.2100000000000001e+01   2.4955544921875000e+04
   4.3000000000000000e+01   6.3502990722656300e+01
   4.3100000000000001e+01   2.9730998535156300e+03
   4.4100000000000001e+01   8.3542832031250000e+03
   4.4899999999999999e+01   5.7936992645263700e+01
   4.5000000000000000e+01   1.2127969970703100e+03
   4.6100000000000001e+01   7.2516949462890602e+02
   4.8799999999999997e+01   3.2373851776122997e+01
   4.8899999999999999e+01   2.8549119949340799e+01
   4.9100000000000001e+01   3.8537513732910199e+01
   4.9200000000000003e+01   2.0693149566650401e+01
   4.9899999999999999e+01   1.2873295783996600e+01
   5.0000000000000000e+01   9.9495306396484398e+02
   5.0899999999999999e+01   4.4825569152832003e+01
   5.1000000000000000e+01   7.0196136474609398e+02
   5.1799999999999997e+01   1.8653997421264599e+01
   5.2000000000000000e+01   3.3431802368164102e+02
   5.2100000000000001e+01   7.8282363891601605e+01
   5.2899999999999999e+01   3.3985961914062500e+01
   5.3000000000000000e+01   2.2264729003906300e+03
   5.3200000000000003e+01   3.3742954254150398e+01
   5.4000000000000000e+01   2.2398713378906300e+03
   5.5100000000000001e+01   6.1027988281250000e+03
   5.6100000000000001e+01   1.3969180664062500e+04
   5.7100000000000001e+01   3.0233022460937500e+03
   5.8100000000000001e+01   2.7111810546875000e+04
   5.9100000000000001e+01   1.2348690185546900e+03
   5.9799999999999997e+01   3.3191665649414098e+01
   6.0000000000000000e+01   4.0984436035156300e+01
   6.0799999999999997e+01   6.7112350463867202e+01
   6.0899999999999999e+01   4.8946250915527301e+01
   6.1000000000000000e+01   1.5546908569335901e+02
   6.1299999999999997e+01   1.5396421432495099e+01
   6.1799999999999997e+01   1.9632919311523398e+01
   6.1899999999999999e+01   1.0199178314209000e+02
   6.2000000000000000e+01   5.4715023040771499e+01
   6.2899999999999999e+01   2.0957218933105500e+02
   6.3000000000000000e+01   2.8965658569335898e+02
   6.3899999999999999e+01   6.5118888854980497e+01
   6.4099999999999994e+01   1.2374739646911600e+01
   6.5000000000000000e+01   6.4951141357421898e+02
   6.5099999999999994e+01   1.4575485229492199e+02
   6.6000000000000000e+01   8.5618615722656295e+02
   6.6900000000000006e+01   9.4001747131347699e+01
   6.7000000000000000e+01   2.9286142578125000e+03
   6.8099999999999994e+01   8.7014248046875000e+03
   6.9000000000000000e+01   2.8912573242187500e+03
   6.9099999999999994e+01   2.8807095336914102e+02
   7.0099999999999994e+01   1.6344242187500000e+04
   7.1099999999999994e+01   3.9257789062500000e+04
   7.2099999999999994e+01   3.5836455078125000e+03
   7.3000000000000000e+01   4.4876300048828102e+02
   7.3000000000000000e+01   7.2425842285156295e+02
   7.4000000000000000e+01   6.6774721679687500e+03
   7.5000000000000000e+01   1.0593414062500000e+04
   7.5900000000000006e+01   1.3281826782226599e+02
   7.6000000000000000e+01   7.5065649414062500e+02
   7.7000000000000000e+01   2.1268964843750000e+03
   7.8000000000000000e+01   1.1477510070800800e+02
   7.8099999999999994e+01   4.0713748168945301e+02
   7.9000000000000000e+01   6.2817797851562500e+03
   7.9900000000000006e+01   6.1196243286132798e+01
   8.0000000000000000e+01   2.1159125976562500e+03
   8.1099999999999994e+01   6.0013256835937500e+03
   8.2099999999999994e+01   1.3935101562500000e+04
   8.3099999999999994e+01   8.4342753906250000e+03
   8.4099999999999994e+01   1.8330050000000000e+05
   8.5099999999999994e+01   1.5136490234375000e+04
   8.6000000000000000e+01   1.3437263183593800e+03
   8.6099999999999994e+01   1.9423509597778299e+01
   8.6900000000000006e+01   1.5265846252441401e+02
   8.7000000000000000e+01   5.0589669799804699e+02
   8.7799999999999997e+01   1.3567050933837900e+01
   8.8000000000000000e+01   2.8982271194458001e+01
   8.8900000000000006e+01   3.2866390228271499e+01
   8.9000000000000000e+01   2.0785580444335901e+02
   8.9099999999999994e+01   9.9102470397949205e+01
   8.9900000000000006e+01   2.0780042648315401e+01
   9.0099999999999994e+01   5.2452861785888700e+01
   9.0700000000000003e+01   1.9866733551025401e+01
   9.0900000000000006e+01   2.5680938720703100e+01
   9.1000000000000000e+01   2.9785549926757801e+02
   9.2099999999999994e+01   4.9445106506347699e+01
   9.2200000000000003e+01   3.4062057495117202e+01
   9.3000000000000000e+01   2.2429861450195301e+02
   9.3099999999999994e+01   2.7192767333984398e+02
   9.4000000000000000e+01   3.7825417480468800e+03
   9.4900000000000006e+01   3.1648149490356399e+01
   9.5099999999999994e+01   2.6881611328125000e+03
   9.6099999999999994e+01   6.7193696289062500e+03
   9.7099999999999994e+01   9.1949541015625000e+03
   9.8099999999999994e+01   1.4044529296875000e+04
   9.9099999999999994e+01   3.3767316894531300e+03
   1.0000000000000000e+02   2.0889987182617199e+02
   1.0009999999999999e+02   5.8339147949218795e+02
   1.0090000000000001e+02   8.5671577453613295e+01
   1.0100000000000000e+02   1.1894215393066401e+02
   1.0180000000000000e+02   1.1984824180603001e+01
   1.0200000000000000e+02   2.3639244079589801e+02
   1.0290000000000001e+02   2.3328564453125000e+02
   1.0300000000000000e+02   4.3350976562500000e+02
   1.0380000000000000e+02   1.3426242828369100e+01
   1.0400000000000000e+02   1.8155003356933599e+02
   1.0409999999999999e+02   2.1307975769043001e+01
   1.0490000000000001e+02   5.8458549499511697e+01
   1.0509999999999999e+02   1.2385880470275900e+01
   1.0590000000000001e+02   1.2555889129638700e+02
   1.0600000000000000e+02   1.3835621643066401e+02
   1.0670000000000000e+02   1.7795551300048800e+01
   1.0680000000000000e+02   9.0514663696289105e+01
   1.0700000000000000e+02   1.7633224487304699e+02
   1.0709999999999999e+02   1.1064517974853500e+02
   1.0809999999999999e+02   2.7040571289062500e+03
   1.0900000000000000e+02   2.0621576171875000e+04
   1.1009999999999999e+02   3.5747714843750000e+04
   1.1100000000000000e+02   1.1170458007812500e+04
   1.1209999999999999e+02   1.1606655273437500e+04
   1.1309999999999999e+02   1.8454956054687500e+03
   1.1390000000000001e+02   2.8489192962646499e+01
   1.1400000000000000e+02   2.2344601440429699e+02
   1.1420000000000000e+02   5.2471744537353501e+01
   1.1490000000000001e+02   1.9396043777465799e+01
   1.1500000000000000e+02   2.0320895385742199e+02
   1.1509999999999999e+02   3.5834434509277301e+01
   1.1590000000000001e+02   1.9822164916992199e+02
   1.1609999999999999e+02   1.0128678894043000e+02
   1.1680000000000000e+02   2.9056175231933601e+01
   1.1700000000000000e+02   9.9021125793457003e+01
   1.1770000000000000e+02   3.8712837219238303e+01
   1.1790000000000001e+02   8.2299263000488295e+01
   1.1800000000000000e+02   3.7969596862792997e+01
   1.1880000000000000e+02   4.4559783935546898e+02
   1.1890000000000001e+02   8.0620346069335895e+01
   1.1980000000000000e+02   3.1364030838012699e+01
   1.1990000000000001e+02   1.2279951477050800e+02
   1.2009999999999999e+02   8.5263580322265597e+01
   1.2020000000000000e+02   2.7643449783325199e+01
   1.2080000000000000e+02   1.0029617309570300e+02
   1.2090000000000001e+02   2.1529537963867199e+02
   1.2109999999999999e+02   9.1381546020507798e+01
   1.2200000000000000e+02   3.0806833267211900e+01
   1.2209999999999999e+02   1.5149400634765600e+03
   1.2309999999999999e+02   1.0008848266601600e+03
   1.2320000000000000e+02   3.7037277221679699e+02
   1.2409999999999999e+02   3.5755375000000000e+04
   1.2509999999999999e+02   1.0351455468750000e+05
   1.2609999999999999e+02   1.1150527343750000e+04
   1.2700000000000000e+02   4.7820617675781301e+02
   1.2720000000000000e+02   2.7133139038085898e+02
   1.2790000000000001e+02   3.0037071228027301e+01
   1.2800000000000000e+02   6.5091217041015597e+01
   1.2819999999999999e+02   1.4913228034973100e+01
   1.2869999999999999e+02   2.1122917175293001e+01
   1.2890000000000001e+02   7.2000457763671903e+01
   1.2900000000000000e+02   1.3995397567749000e+01
   1.2990000000000001e+02   2.7861398696899400e+01
   1.3009999999999999e+02   3.2901435852050803e+01
   1.3100000000000000e+02   1.0825617980957000e+02
   1.3190000000000001e+02   1.2875640869140600e+01
   1.3280000000000001e+02   1.3160480499267599e+01
   1.3300000000000000e+02   4.8998966217041001e+01
   1.3480000000000001e+02   2.9110286712646499e+01
   1.3500000000000000e+02   9.5851043701171903e+01
   1.3590000000000001e+02   6.8695915222167997e+01
   1.3600000000000000e+02   1.9910693359375000e+02
   1.3700000000000000e+02   7.8609100341796898e+02
   1.3790000000000001e+02   3.9514308929443402e+01
   1.3800000000000000e+02   2.3792141113281300e+03
   1.3890000000000001e+02   5.1874412536621101e+01
   1.3900000000000000e+02   2.3699045410156300e+03
   1.3990000000000001e+02   4.5250640869140602e+02
   1.4000000000000000e+02   6.0318176269531295e+02
   1.4080000000000001e+02   8.3930343627929702e+01
   1.4100000000000000e+02   6.9834057617187500e+02
   1.4180000000000001e+02   2.7950166702270501e+01
   1.4190000000000001e+02   8.6837600708007798e+01
   1.4300000000000000e+02   2.7552848815918001e+01
   1.4309999999999999e+02   8.4491134643554702e+01
   1.4359999999999999e+02   1.5238832473754901e+01
   1.4400000000000000e+02   1.2197315673828100e+03
   1.4500000000000000e+02   5.2378992187500000e+04
   1.4580000000000001e+02   6.0243740081787102e+01
   1.4600000000000000e+02   4.3867690429687500e+03
   1.4690000000000001e+02   3.3382156250000000e+04
   1.4780000000000001e+02   9.7725616455078097e+01
   1.4800000000000000e+02   2.6355158691406300e+03
   1.4890000000000001e+02   5.4782167968750000e+03
   1.4990000000000001e+02   2.0337522888183599e+02
   1.4990000000000001e+02   3.2352328491210898e+02
   1.5090000000000001e+02   4.8229324340820298e+01
   1.5100000000000000e+02   4.7308297729492199e+02
   1.5180000000000001e+02   3.3387271881103501e+01
   1.5200000000000000e+02   1.0168080139160200e+02
   1.5209999999999999e+02   7.2796508789062500e+01
   1.5219999999999999e+02   1.4150661468505900e+01
   1.5290000000000001e+02   1.0768530273437500e+02
   1.5309999999999999e+02   1.1745167236328100e+03
   1.5319999999999999e+02   2.9128927612304699e+02
   1.5390000000000001e+02   2.1920244216918899e+01
   1.5409999999999999e+02   3.5689849853515602e+02
   1.5500000000000000e+02   3.9805160522460902e+01
   1.5509999999999999e+02   5.1963496093750000e+03
   1.5609999999999999e+02   6.5212219238281295e+02
   1.5690000000000001e+02   5.1260593414306598e+01
   1.5709999999999999e+02   4.5969783782958999e+01
   1.5709999999999999e+02   1.5973405838012701e+01
   1.5790000000000001e+02   1.7741605758666999e+01
   1.5800000000000000e+02   2.6268970489501999e+01
   1.5819999999999999e+02   4.6944919586181598e+01
   1.5859999999999999e+02   1.2715808868408200e+01
   1.5880000000000001e+02   1.4836673736572299e+01
   1.5890000000000001e+02   2.8669152832031301e+02
   1.5900000000000000e+02   3.2977780151367199e+02
   1.5980000000000001e+02   1.3391914367675801e+01
   1.5990000000000001e+02   1.4514988708496099e+02
   1.6000000000000000e+02   3.8039150238037102e+01
   1.6080000000000001e+02   3.5369907379150398e+01
   1.6090000000000001e+02   3.3306677246093801e+02
   1.6109999999999999e+02   4.5653102874755902e+01
   1.6190000000000001e+02   8.7107208251953097e+01
   1.6200000000000000e+02   1.3834544181823700e+01
   1.6219999999999999e+02   1.4672224044799799e+01
   1.6269999999999999e+02   1.2933432579040501e+01
   1.6300000000000000e+02   1.4261222839355500e+02
   1.6390000000000001e+02   8.5511825561523395e+01
   1.6480000000000001e+02   1.3364212036132800e+01
   1.6490000000000001e+02   9.4622650146484403e+01
   1.6590000000000001e+02   3.4058990478515597e+01
   1.6600000000000000e+02   8.8554359436035199e+01
   1.6700000000000000e+02   5.4112506103515602e+02
   1.6790000000000001e+02   5.6005249023437500e+01
   1.6800000000000000e+02   1.0505008697509800e+02
   1.6890000000000001e+02   2.4404249191284201e+01
   1.6900000000000000e+02   4.9789773559570301e+02
   1.6909999999999999e+02   7.3535766601562500e+02
   1.6980000000000001e+02   1.1800850868225099e+01
   1.7000000000000000e+02   1.0180037689209000e+02
   1.7009999999999999e+02   7.9875640869140597e+01
   1.7080000000000001e+02   4.8221431732177699e+01
   1.7090000000000001e+02   5.8636560058593795e+02
   1.7109999999999999e+02   1.2125615119934100e+01
   1.7130000000000001e+02   2.9579732894897500e+01
   1.7180000000000001e+02   5.6718040466308601e+01
   1.7190000000000001e+02   3.4608410644531301e+02
   1.7209999999999999e+02   3.6516921997070301e+02
   1.7290000000000001e+02   4.4888789062500000e+04
   1.7400000000000000e+02   3.8435339355468800e+03
   1.7490000000000001e+02   2.9173787109375000e+04
   1.7600000000000000e+02   2.5572731933593800e+03
   1.7690000000000001e+02   5.0707612304687500e+03
   1.7780000000000001e+02   1.1192041015625000e+02
   1.7800000000000000e+02   3.4114645385742199e+02
   1.7900000000000000e+02   6.9775932312011705e+01
   1.7980000000000001e+02   1.1732596588134800e+02
   1.8000000000000000e+02   2.6416130065918001e+01
   1.8009999999999999e+02   3.0033599853515600e+01
   1.8100000000000000e+02   5.8513816833496101e+01
   1.8109999999999999e+02   1.3802150726318400e+01
   1.8169999999999999e+02   1.3838557243347200e+01
   1.8190000000000001e+02   1.9372959899902301e+02
   1.8300000000000000e+02   1.9355590820312500e+01
   1.8319999999999999e+02   5.6320053100585902e+01
   1.8380000000000001e+02   1.1872314453125000e+01
   1.8390000000000001e+02   5.5896934509277301e+01
   1.8400000000000000e+02   4.8701313018798800e+01
   1.8480000000000001e+02   1.6098743438720700e+01
   1.8490000000000001e+02   4.9977870941162102e+01
   1.8509999999999999e+02   5.1107185363769503e+01
   1.8600000000000000e+02   1.8934005126953100e+03
   1.8690000000000001e+02   1.9450123596191401e+02
   1.8700000000000000e+02   1.8361651611328099e+02
   1.8800000000000000e+02   1.2619687500000000e+03
   1.8880000000000001e+02   8.2968185424804702e+01
   1.8900000000000000e+02   1.0491207122802700e+02
   1.8900000000000000e+02   6.1448024749755902e+01
   1.9000000000000000e+02   2.2271945190429699e+02
   1.9009999999999999e+02   7.3402145385742202e+01
   1.9069999999999999e+02   1.2152692794799799e+01
   1.9100000000000000e+02   6.3334899902343800e+01
   1.9180000000000001e+02   2.6811708450317401e+01
   1.9300000000000000e+02   5.1451210021972699e+01
   1.9390000000000001e+02   6.7785560607910199e+01
   1.9400000000000000e+02   5.2248069763183601e+01
   1.9480000000000001e+02   3.1489200592041001e+01
   1.9500000000000000e+02   3.5901088714599602e+01
   1.9600000000000000e+02   2.6411930084228501e+01
   1.9690000000000001e+02   5.3251701354980497e+01
   1.9700000000000000e+02   1.8356098175048800e+01
   1.9790000000000001e+02   3.7103298187255902e+01
   1.9800000000000000e+02   2.6808809280395501e+01
   1.9900000000000000e+02   7.5917778015136705e+01
   1.9909999999999999e+02   1.4880747795105000e+01
   1.9969999999999999e+02   1.6198976516723601e+01
   1.9990000000000001e+02   2.5449880599975600e+01
   2.0000000000000000e+02   6.5828361511230497e+01
   2.0059999999999999e+02   1.2333729743957500e+01
   2.0090000000000001e+02   2.2659057617187500e+01
   2.0109999999999999e+02   3.6258491516113303e+01
   2.0180000000000001e+02   2.7710006713867199e+02
   2.0190000000000001e+02   1.8751228332519500e+02
   2.0200000000000000e+02   1.0521695709228500e+02
   2.0280000000000001e+02   5.8016342163085902e+01
   2.0290000000000001e+02   9.3636955261230497e+01
   2.0300000000000000e+02   7.6196777343750000e+01
   2.0390000000000001e+02   4.3260223388671898e+02
   2.0400000000000000e+02   3.6514099121093801e+02
   2.0469999999999999e+02   1.2174488067626999e+01
   2.0490000000000001e+02   8.6243118286132798e+01
   2.0500000000000000e+02   9.7210731506347699e+01
   2.0590000000000001e+02   1.2704817962646500e+02
   2.0600000000000000e+02   3.7413934326171898e+02
   2.0690000000000001e+02   1.4094830322265599e+02
   2.0700000000000000e+02   2.2936813354492202e+01
   2.0790000000000001e+02   1.9553079605102500e+01
   2.0800000000000000e+02   9.6678955078125000e+01
   2.0809999999999999e+02   1.6957824707031300e+01
   2.0909999999999999e+02   1.3136659622192401e+01
   2.1090000000000001e+02   1.0679358673095700e+02
   2.1109999999999999e+02   2.3955953598022500e+01
   2.1190000000000001e+02   5.5059379577636697e+01
   2.1209999999999999e+02   8.2327133178710895e+01
   2.1219999999999999e+02   4.1804222106933601e+01
   2.1300000000000000e+02   5.7982833862304702e+01
   2.1380000000000001e+02   1.3109886169433599e+02
   2.1400000000000000e+02   3.0716137695312500e+02
   2.1419999999999999e+02   1.9260953903198200e+01
   2.1490000000000001e+02   3.0856549072265602e+02
   2.1569999999999999e+02   2.8219079971313501e+01
   2.1600000000000000e+02   1.2635567626953100e+03
   2.1690000000000001e+02   1.6021351623535199e+02
   2.1700000000000000e+02   2.0099716186523401e+02
   2.1790000000000001e+02   5.7077800750732401e+01
   2.1800000000000000e+02   6.2683581542968795e+02
   2.1809999999999999e+02   1.5945734977722200e+01
   2.1890000000000001e+02   3.3056915283203097e+01
   2.1900000000000000e+02   1.8644665527343801e+02
   2.1980000000000001e+02   2.6475675582885700e+01
   2.1990000000000001e+02   6.7533782958984403e+01
   2.2009999999999999e+02   8.4551666259765597e+01
   2.2090000000000001e+02   7.5624176025390597e+01
   2.2119999999999999e+02   1.1757564544677701e+01
   2.2380000000000001e+02   1.4923533439636200e+01
   2.2600000000000000e+02   9.2218009948730497e+01
   2.2690000000000001e+02   5.4087833404541001e+01
   2.2700000000000000e+02   3.4807067871093800e+01
   2.2719999999999999e+02   2.0649324417114300e+01
   2.2790000000000001e+02   1.6195265197753901e+02
   2.2800000000000000e+02   4.6073873901367199e+02
   2.2890000000000001e+02   9.1458496093750000e+01
   2.2900000000000000e+02   1.1869612884521500e+02
   2.2980000000000001e+02   6.0842750549316399e+01
   2.3000000000000000e+02   3.4345507812500000e+02
   2.3009999999999999e+02   4.5538326263427699e+01
   2.3100000000000000e+02   3.8756290435791001e+01
   2.3180000000000001e+02   1.3107494354248001e+01
   2.3190000000000001e+02   5.0589134216308601e+01
   2.3209999999999999e+02   3.1631263732910199e+01
   2.3219999999999999e+02   1.7123399734497099e+01
   2.3300000000000000e+02   1.1114595031738300e+02
   2.3309999999999999e+02   4.7488887786865199e+01
   2.3680000000000001e+02   2.3592695236206101e+01
   2.3700000000000000e+02   4.7144943237304702e+01
   2.3790000000000001e+02   1.5758777618408200e+01
   2.3800000000000000e+02   1.4983738899231000e+01
   2.3819999999999999e+02   9.4146499633789098e+00
   2.3890000000000001e+02   1.9208761596679699e+02
   2.3900000000000000e+02   5.5520442962646499e+01
   2.3980000000000001e+02   1.7663417816162099e+01
   2.4000000000000000e+02   1.5170700073242199e+02
   2.4009999999999999e+02   5.4851902008056598e+01
   2.4080000000000001e+02   7.4598907470703097e+01
   2.4100000000000000e+02   1.4095469665527301e+02
   2.4180000000000001e+02   1.9250518798828100e+01
   2.4190000000000001e+02   1.1269170379638700e+02
   2.4200000000000000e+02   5.9847988128662102e+01
   2.4219999999999999e+02   5.2659095764160199e+01
   2.4290000000000001e+02   2.1559553146362301e+01
   2.4380000000000001e+02   6.0139419555664098e+01
   2.4400000000000000e+02   6.4406829833984403e+01
   2.4419999999999999e+02   3.3169204711914098e+01
   2.4569999999999999e+02   1.3041529655456500e+01
   2.4600000000000000e+02   3.3170066833496101e+01
   2.4800000000000000e+02   3.7268550872802699e+01
   2.4819999999999999e+02   1.6703722000122099e+01
   2.5390000000000001e+02   1.7272415161132801e+02
   2.5400000000000000e+02   1.5014613342285199e+02
   2.5409999999999999e+02   3.2937656402587898e+01
   2.5490000000000001e+02   8.9546913146972699e+01
   2.5500000000000000e+02   2.8310177612304699e+02
   2.5590000000000001e+02   5.1614162445068402e+01
   2.5600000000000000e+02   1.1698635253906300e+03
   2.5700000000000000e+02   4.1492355346679699e+02
   2.5800000000000000e+02   1.7022683715820301e+02
   2.5810000000000002e+02   5.5221789550781295e+02
   2.5910000000000002e+02   1.4994407653808599e+02
   2.5910000000000002e+02   1.1910965919494600e+01
   2.5989999999999998e+02   4.6178520202636697e+01
   2.6000000000000000e+02   4.3586124420166001e+01
   2.6680000000000001e+02   1.7432548522949201e+01
   2.6800000000000000e+02   4.5525394439697301e+01
   2.6810000000000002e+02   4.9862747192382798e+01
   2.6880000000000001e+02   2.5480243682861300e+01
   2.6889999999999998e+02   1.1990367889404300e+01
   2.6910000000000002e+02   4.8653732299804702e+01
   2.6989999999999998e+02   1.4880752563476599e+02
   2.7010000000000002e+02   4.9628841400146499e+01
   2.7089999999999998e+02   2.6534269332885700e+01
   2.7110000000000002e+02   7.0945228576660199e+01
   2.7189999999999998e+02   4.2622726440429702e+01
   2.7200000000000000e+02   2.8404914855956999e+01
   2.7289999999999998e+02   2.0617473602294901e+01
   2.7300000000000000e+02   1.2265515327453601e+01
   2.8180000000000001e+02   2.6146829605102500e+01
   2.8200000000000000e+02   2.2965486145019500e+02
   2.8219999999999999e+02   7.1307350158691406e+01
   2.8289999999999998e+02   3.7582466125488303e+01
   2.8310000000000002e+02   2.1652591705322301e+01
   2.8389999999999998e+02   1.1569269561767599e+02
   2.8400000000000000e+02   8.6099908447265602e+02
   2.8410000000000002e+02   1.2225409698486300e+02
   2.8489999999999998e+02   2.1988019943237301e+01
   2.8500000000000000e+02   2.6323864746093801e+02
   2.8510000000000002e+02   6.9648971557617202e+01
   2.8580000000000001e+02   1.3814596176147500e+01
   2.8600000000000000e+02   2.8575762939453102e+02
   2.8610000000000002e+02   3.3018862915039102e+02
   2.8700000000000000e+02   1.0303083801269500e+02
   2.8710000000000002e+02   1.1987034797668500e+01
   2.8789999999999998e+02   1.0102790832519500e+02
   2.8880000000000001e+02   2.9748878479003899e+01
   2.8910000000000002e+02   2.4678730010986300e+01
   2.9280000000000001e+02   1.2777202606201200e+01
   2.9300000000000000e+02   1.7646820068359400e+01
   2.9310000000000002e+02   4.6642906188964801e+01
   2.9319999999999999e+02   3.7677158355712898e+01
   2.9389999999999998e+02   1.2453886985778800e+01
   2.9469999999999999e+02   1.4944778442382800e+01
   2.9500000000000000e+02   1.7274713134765599e+02
   2.9510000000000002e+02   5.1259128570556598e+01
   2.9519999999999999e+02   2.8230785369873001e+01
   2.9610000000000002e+02   3.6474803924560497e+01
   2.9669999999999999e+02   1.3373516082763700e+01
   2.9700000000000000e+02   1.6613291931152301e+02
   2.9719999999999999e+02   5.6529872894287102e+01
   2.9789999999999998e+02   1.1644639015197800e+01
   2.9880000000000001e+02   3.1378019332885700e+01
   2.9889999999999998e+02   1.1891880035400400e+01
   2.9919999999999999e+02   1.2632644653320300e+01
   3.0989999999999998e+02   6.3522792816162102e+01
   3.1010000000000002e+02   4.9251541137695298e+01
   3.1110000000000002e+02   1.9907897949218800e+01
   3.1119999999999999e+02   1.3124009132385300e+01
   3.1189999999999998e+02   5.8834308624267599e+01
   3.1210000000000002e+02   5.4390861511230497e+01
   3.1289999999999998e+02   1.3486209106445301e+02
   3.1310000000000002e+02   4.2073556518554699e+02
   3.1319999999999999e+02   2.5601596832275401e+01
   3.1400000000000000e+02   1.6360261917114300e+01
   3.1419999999999999e+02   1.2284989356994600e+01
   3.1480000000000001e+02   2.2748531341552699e+01
   3.1500000000000000e+02   8.4218635559082003e+01
   3.1510000000000002e+02   2.6458303833007801e+02
   3.1519999999999999e+02   4.1946208953857401e+01
   3.1589999999999998e+02   3.2745582580566399e+01
   3.1619999999999999e+02   1.5013865470886200e+01
   3.1700000000000000e+02   4.2854415893554702e+01
   3.2710000000000002e+02   2.6303237304687500e+03
   3.2789999999999998e+02   4.2603576660156300e+01
   3.2810000000000002e+02   9.4818322753906295e+02
   3.2819999999999999e+02   1.6187013244628901e+02
   3.2910000000000002e+02   1.0782547607421900e+03
   3.2910000000000002e+02   7.6078155517578102e+02
   3.2989999999999998e+02   3.0756975173950199e+01
   3.3010000000000002e+02   4.4825338745117199e+02
   3.3010000000000002e+02   3.1885281372070301e+02
   3.3030000000000001e+02   2.1263994216918899e+01
   3.3100000000000000e+02   1.3990951538085901e+02
   3.3110000000000002e+02   2.9826345825195301e+02
   3.3189999999999998e+02   6.3683006286621101e+01
   3.3210000000000002e+02   5.5419059753417997e+01
