   4.0100000000000001e+01   6.7114097595214801e+01
   4.0200000000000003e+01   1.0809166908264199e+01
   4.0899999999999999e+01   3.5953083038330099e+01
   4.1100000000000001e+01   7.7085168457031295e+02
   4.2000000000000000e+01   1.6702807617187500e+02
   4.2100000000000001e+01   4.1651015625000000e+03
   4.2899999999999999e+01   7.8242958068847699e+01
   4.3100000000000001e+01   6.6398907470703102e+02
   4.3899999999999999e+01   6.8797180175781307e+01
   4.4100000000000001e+01   1.8791351318359401e+02
   4.4899999999999999e+01   1.5636670112609901e+01
   4.5000000000000000e+01   9.3680676269531295e+02
   4.5100000000000001e+01   7.3980323791503906e+01
   4.9000000000000000e+01   1.1816615104675300e+01
   5.0000000000000000e+01   1.6750354003906301e+02
   5.0100000000000001e+01   2.7619768142700199e+01
   5.0899999999999999e+01   1.0072643280029300e+02
   5.1000000000000000e+01   7.2943896484375000e+02
   5.1200000000000003e+01   3.1911798477172901e+01
   5.1899999999999999e+01   7.4225166320800795e+01
   5.2000000000000000e+01   1.2708290100097700e+02
   5.2200000000000003e+01   3.5182716369628899e+01
   5.2899999999999999e+01   3.5302265167236300e+01
   5.3000000000000000e+01   5.3664044189453102e+02
   5.3100000000000001e+01   4.6806988525390602e+02
   5.3700000000000003e+01   1.6067586898803700e+01
   5.4000000000000000e+01   4.4124325561523398e+02
   5.4100000000000001e+01   1.8923515319824199e+02
   5.5000000000000000e+01   1.6075102539062500e+03
   5.6000000000000000e+01   3.1993621826171898e+02
   5.6100000000000001e+01   1.7037958984375000e+03
   5.7100000000000001e+01   9.1253056640625000e+03
   5.8000000000000000e+01   4.7167538452148398e+02
   5.9000000000000000e+01   3.4381245117187500e+03
   5.9899999999999999e+01   5.6452983856201200e+01
   6.0100000000000001e+01   1.2332946777343800e+01
   6.0899999999999999e+01   1.5183363914489700e+01
   6.2000000000000000e+01   2.6469692230224599e+01
   6.2899999999999999e+01   2.1391854858398401e+02
   6.3000000000000000e+01   5.8578090667724602e+01
   6.4000000000000000e+01   1.3143884277343801e+02
   6.4099999999999994e+01   1.5547550964355500e+02
   6.4799999999999997e+01   2.2841577529907202e+01
   6.5000000000000000e+01   8.1078192138671898e+02
   6.5900000000000006e+01   1.4574642944335901e+02
   6.6000000000000000e+01   2.4341152954101599e+02
   6.6900000000000006e+01   1.8018367004394500e+02
   6.7000000000000000e+01   2.8029092407226602e+02
   6.7099999999999994e+01   5.5910968780517599e+01
   6.8000000000000000e+01   4.3823184204101602e+02
   6.8099999999999994e+01   4.2174114227294901e+01
   6.8900000000000006e+01   1.1355821609497101e+01
   6.9000000000000000e+01   3.6791864013671898e+02
   6.9900000000000006e+01   1.7002155303955099e+01
   7.0000000000000000e+01   3.9846380615234398e+02
   7.0099999999999994e+01   3.5521786499023398e+02
   7.0900000000000006e+01   5.0381412506103501e+01
   7.1000000000000000e+01   1.2694812011718800e+02
   7.2000000000000000e+01   3.2996655273437500e+02
   7.2900000000000006e+01   5.7882438659667997e+01
   7.3000000000000000e+01   8.8650581359863295e+01
   7.3799999999999997e+01   2.9470790863037099e+01
   7.4000000000000000e+01   1.0239347839355500e+02
   7.4099999999999994e+01   4.3429973602294901e+01
   7.4799999999999997e+01   1.1307255744934100e+01
   7.5000000000000000e+01   4.5897800445556598e+01
   7.5099999999999994e+01   4.2959850311279297e+01
   7.5900000000000006e+01   4.6581230163574197e+01
   7.6000000000000000e+01   1.5228260803222699e+02
   7.6099999999999994e+01   8.3960289001464801e+01
   7.7000000000000000e+01   5.0232773437500000e+03
   7.7900000000000006e+01   2.8074682235717798e+01
   7.8000000000000000e+01   8.0859185791015602e+02
   7.8799999999999997e+01   3.1928005218505898e+01
   7.9000000000000000e+01   2.4009527587890599e+02
   7.9099999999999994e+01   7.1713005065917997e+01
   8.0000000000000000e+01   1.3121110839843800e+03
   8.1000000000000000e+01   1.6536285400390600e+03
   8.1799999999999997e+01   4.6007762908935497e+01
   8.2000000000000000e+01   1.4551722412109400e+03
   8.2900000000000006e+01   1.5584053993225099e+01
   8.3000000000000000e+01   2.5893997192382801e+02
   8.3099999999999994e+01   9.8298301696777301e+01
   8.3799999999999997e+01   1.7428134918212901e+01
   8.4000000000000000e+01   2.5446134948730500e+02
   8.4000000000000000e+01   1.0019603881835900e+03
   8.4799999999999997e+01   1.3384633064270000e+01
   8.5000000000000000e+01   2.9652642822265602e+02
   8.5200000000000003e+01   3.0756738662719702e+01
   8.5900000000000006e+01   1.7149868011474599e+01
   8.6099999999999994e+01   8.7365104675292997e+01
   8.6799999999999997e+01   1.6276790618896499e+01
   8.7000000000000000e+01   9.9976770019531295e+02
   8.7900000000000006e+01   1.1421960449218800e+02
   8.8000000000000000e+01   8.5996849060058594e+01
   8.8200000000000003e+01   1.3736543655395501e+01
   8.8900000000000006e+01   5.1733268737792997e+01
   8.9000000000000000e+01   3.6096031188964801e+01
   8.9200000000000003e+01   2.0594720840454102e+01
   9.0000000000000000e+01   1.2895776367187500e+02
   9.0900000000000006e+01   2.4529932022094702e+01
   9.1000000000000000e+01   1.3282246093750000e+03
   9.1099999999999994e+01   4.1697963714599602e+01
   9.1799999999999997e+01   3.3431541442871101e+01
   9.1900000000000006e+01   1.1271305847168000e+02
   9.2000000000000000e+01   3.3108782958984398e+02
   9.2099999999999994e+01   1.3461926269531301e+02
   9.3000000000000000e+01   2.7054584960937500e+03
   9.4000000000000000e+01   1.0019899291992200e+03
   9.4099999999999994e+01   1.0277702636718800e+03
   9.5000000000000000e+01   4.3166525268554699e+02
   9.5099999999999994e+01   1.7576155090332000e+02
   9.6000000000000000e+01   2.6608142089843800e+03
   9.6799999999999997e+01   1.1061398506164601e+01
   9.7000000000000000e+01   3.8605548095703102e+02
   9.7799999999999997e+01   1.1152466773986800e+01
   9.7900000000000006e+01   9.0298347473144503e+01
   9.8099999999999994e+01   1.2317184448242200e+01
   9.8900000000000006e+01   2.5789840698242202e+01
   9.9000000000000000e+01   2.8831569671630898e+01
   1.0000000000000000e+02   9.5676086425781307e+01
   1.0009999999999999e+02   6.7947381591796898e+02
   1.0109999999999999e+02   4.3787921905517599e+01
   1.0200000000000000e+02   3.5334667205810497e+01
   1.0209999999999999e+02   2.6332105636596701e+01
   1.0290000000000001e+02   4.9557987213134801e+01
   1.0300000000000000e+02   2.0538061523437500e+02
   1.0309999999999999e+02   2.3631777954101599e+02
   1.0390000000000001e+02   6.4842269897460895e+01
   1.0400000000000000e+02   8.6772131347656295e+02
   1.0500000000000000e+02   5.3814099121093795e+02
   1.0520000000000000e+02   3.1519088745117202e+01
   1.0600000000000000e+02   2.6104629516601602e+02
   1.0600000000000000e+02   6.9822821044921898e+02
   1.0690000000000001e+02   6.9478263854980497e+01
   1.0700000000000000e+02   6.5664505004882798e+01
   1.0780000000000000e+02   1.6334087371826200e+01
   1.0790000000000001e+02   1.5084873962402301e+02
   1.0800000000000000e+02   4.2541131591796898e+02
   1.0809999999999999e+02   2.0328466796875000e+02
   1.0890000000000001e+02   1.5861087036132801e+02
   1.0909999999999999e+02   2.4079014587402301e+02
   1.0990000000000001e+02   3.0273555755615199e+01
   1.1000000000000000e+02   5.2913946533203102e+02
   1.1020000000000000e+02   9.8591148376464801e+01
   1.1100000000000000e+02   7.8582267761230497e+01
   1.1109999999999999e+02   4.5799583435058601e+01
   1.1180000000000000e+02   3.0308061599731399e+01
   1.1200000000000000e+02   8.3667411804199205e+01
   1.1209999999999999e+02   1.0469254302978500e+02
   1.1290000000000001e+02   5.1464107513427699e+01
   1.1300000000000000e+02   2.5247204589843800e+03
   1.1320000000000000e+02   6.5861701965332003e+01
   1.1400000000000000e+02   2.8915603637695301e+02
   1.1409999999999999e+02   5.9606390380859398e+02
   1.1420000000000000e+02   2.7953002929687500e+01
   1.1490000000000001e+02   8.7010948181152301e+01
   1.1500000000000000e+02   1.8631398010253901e+02
   1.1509999999999999e+02   7.1599403381347699e+01
   1.1600000000000000e+02   7.7145086669921898e+02
   1.1609999999999999e+02   1.4014530029296900e+03
   1.1700000000000000e+02   2.1944787597656300e+03
   1.1790000000000001e+02   4.5208644866943402e+01
   1.1800000000000000e+02   3.0307053222656300e+03
   1.1880000000000000e+02   1.6623941421508800e+01
   1.1900000000000000e+02   8.4628063964843795e+02
   1.1980000000000000e+02   5.0518306732177699e+01
   1.2000000000000000e+02   2.3197605895996099e+02
   1.2009999999999999e+02   8.4099594116210895e+01
   1.2100000000000000e+02   5.5045738220214801e+01
   1.2190000000000001e+02   9.4544578552246094e+01
   1.2200000000000000e+02   1.2758149719238300e+02
   1.2290000000000001e+02   2.3673923492431602e+01
   1.2390000000000001e+02   2.7697277069091800e+01
   1.2400000000000000e+02   2.2080979919433599e+02
   1.2409999999999999e+02   1.2434171676635700e+01
   1.2490000000000001e+02   2.4263574600219702e+01
   1.2500000000000000e+02   7.0679748535156307e+01
   1.2509999999999999e+02   1.6018899917602500e+01
   1.2600000000000000e+02   3.6879254150390602e+02
   1.2609999999999999e+02   1.8989457702636699e+02
   1.2680000000000000e+02   1.7259056091308601e+01
   1.2690000000000001e+02   5.7782016754150398e+01
   1.2700000000000000e+02   1.1930798339843800e+02
   1.2790000000000001e+02   2.2250642395019500e+02
   1.2809999999999999e+02   2.5792291259765602e+02
   1.2890000000000001e+02   6.4424484252929702e+01
   1.2909999999999999e+02   1.6603628540039099e+02
   1.3000000000000000e+02   2.1360749511718800e+03
   1.3009999999999999e+02   1.4023251953125000e+03
   1.3100000000000000e+02   7.9060906982421898e+02
   1.3109999999999999e+02   6.6720542907714801e+01
   1.3200000000000000e+02   5.1670483398437500e+02
   1.3209999999999999e+02   9.9523876953125000e+02
   1.3290000000000001e+02   1.1064641571044901e+02
   1.3309999999999999e+02   1.5396080017089801e+02
   1.3380000000000001e+02   2.8936944961547901e+01
   1.3390000000000001e+02   3.6792716979980497e+01
   1.3419999999999999e+02   1.5383828163146999e+01
   1.3600000000000000e+02   8.8977905273437500e+01
   1.3609999999999999e+02   1.1053764343261700e+02
   1.3690000000000001e+02   2.0611763000488299e+01
   1.3700000000000000e+02   1.4766067504882801e+02
   1.3790000000000001e+02   1.1613734436035200e+02
   1.3800000000000000e+02   4.7484725952148398e+02
   1.3880000000000001e+02   6.8487434387207003e+01
   1.3900000000000000e+02   3.6732475280761697e+01
   1.3909999999999999e+02   4.9724052429199197e+01
   1.3930000000000001e+02   2.8045055389404300e+01
   1.4000000000000000e+02   2.2909776306152301e+02
   1.4009999999999999e+02   5.7314970703125000e+03
   1.4100000000000000e+02   5.1169271850585898e+02
   1.4109999999999999e+02   2.8110415649414102e+02
   1.4209999999999999e+02   5.2830815429687500e+03
   1.4309999999999999e+02   2.8371115722656300e+03
   1.4390000000000001e+02   6.6729850769042997e+01
   1.4400000000000000e+02   1.4824791259765600e+03
   1.4480000000000001e+02   1.3681898117065399e+01
   1.4500000000000000e+02   4.1828570556640602e+02
   1.4509999999999999e+02   2.7597517013549801e+01
   1.4519999999999999e+02   1.3808083534240700e+01
   1.4590000000000001e+02   2.6669644165039102e+02
   1.4609999999999999e+02   2.0160140380859400e+03
   1.4619999999999999e+02   2.4612340927123999e+01
   1.4700000000000000e+02   2.0611857604980500e+02
   1.4709999999999999e+02   8.3757255554199205e+01
   1.4800000000000000e+02   1.0868855285644500e+02
   1.4890000000000001e+02   4.9913566589355497e+01
   1.4909999999999999e+02   3.3852639770507801e+02
   1.4919999999999999e+02   1.5933482170105000e+01
   1.5000000000000000e+02   6.2028987884521499e+01
   1.5009999999999999e+02   5.4102160644531295e+02
   1.5100000000000000e+02   4.1035243988037102e+01
   1.5109999999999999e+02   1.8685319900512699e+01
   1.5200000000000000e+02   6.0399298095703102e+02
   1.5209999999999999e+02   1.1350833892822300e+02
   1.5219999999999999e+02   1.9935552597045898e+01
   1.5300000000000000e+02   9.9715812683105497e+01
   1.5309999999999999e+02   4.5840753173828102e+02
   1.5409999999999999e+02   3.4392858886718800e+03
   1.5480000000000001e+02   3.5507446289062500e+01
   1.5500000000000000e+02   6.9857550048828102e+02
   1.5600000000000000e+02   3.0555557250976602e+02
   1.5609999999999999e+02   3.5437741088867199e+02
   1.5700000000000000e+02   2.3835810852050801e+02
   1.5709999999999999e+02   5.8666450500488303e+01
   1.5780000000000001e+02   1.6397481918335000e+01
   1.5809999999999999e+02   1.3190803222656300e+03
   1.5900000000000000e+02   5.4897863769531295e+02
   1.5909999999999999e+02   2.0392642211914099e+02
   1.5990000000000001e+02   7.0250205993652301e+01
   1.6000000000000000e+02   6.0827602386474602e+01
   1.6109999999999999e+02   1.1959525108337401e+01
   1.6190000000000001e+02   1.1495560646057100e+01
   1.6200000000000000e+02   2.7727655410766602e+01
   1.6219999999999999e+02   1.2198640823364300e+01
   1.6380000000000001e+02   1.2489928245544400e+01
   1.6400000000000000e+02   2.7251970291137699e+01
   1.6500000000000000e+02   4.2440090179443402e+01
   1.6519999999999999e+02   2.9984537124633800e+01
   1.6600000000000000e+02   3.4572503662109398e+02
   1.6609999999999999e+02   7.5632952880859398e+02
   1.6630000000000001e+02   1.5655656814575201e+01
   1.6690000000000001e+02   1.4085281372070300e+01
   1.6700000000000000e+02   2.8467784881591800e+01
   1.6719999999999999e+02   4.0781793212890602e+02
   1.6809999999999999e+02   2.7384474609375000e+04
   1.6909999999999999e+02   1.3768675537109400e+03
   1.6909999999999999e+02   1.6040793457031300e+03
   1.7000000000000000e+02   1.7963122558593801e+02
   1.7009999999999999e+02   2.1249069213867199e+02
   1.7100000000000000e+02   2.6498953247070301e+02
   1.7190000000000001e+02   6.8852836608886705e+01
   1.7209999999999999e+02   1.0391446685791000e+02
   1.7290000000000001e+02   1.1052275848388700e+02
   1.7309999999999999e+02   2.8668478393554699e+02
   1.7409999999999999e+02   1.6928535461425801e+02
   1.7590000000000001e+02   5.2727077484130902e+01
   1.7600000000000000e+02   1.1229170227050800e+02
   1.7690000000000001e+02   3.8112094879150398e+01
   1.7709999999999999e+02   1.8520753479003901e+02
   1.7800000000000000e+02   1.9663862609863301e+02
   1.7809999999999999e+02   5.1783160400390602e+02
   1.7900000000000000e+02   5.0277214050292997e+01
   1.7990000000000001e+02   4.2412548065185497e+01
   1.8300000000000000e+02   3.7432762145996101e+01
   1.8390000000000001e+02   1.0915137290954601e+01
   1.8490000000000001e+02   5.0806354522705099e+01
   1.8500000000000000e+02   1.3352844238281300e+01
   1.8509999999999999e+02   1.1843576812744099e+02
   1.8590000000000001e+02   1.0953784179687500e+02
   1.8600000000000000e+02   1.8784693908691401e+02
   1.8619999999999999e+02   6.5008224487304702e+01
   1.8690000000000001e+02   5.3076820373535199e+01
   1.8709999999999999e+02   2.9047224121093800e+03
   1.8800000000000000e+02   5.7775183105468795e+02
   1.8890000000000001e+02   5.3656551361083999e+01
   1.8900000000000000e+02   1.2174247741699200e+02
   1.8990000000000001e+02   1.1263379669189500e+02
   1.9009999999999999e+02   1.9346980285644500e+02
   1.9080000000000001e+02   1.1096890449523899e+01
   1.9090000000000001e+02   1.3002914428710900e+01
   1.9390000000000001e+02   8.4308456420898395e+01
   1.9409999999999999e+02   3.1214052200317401e+01
   1.9500000000000000e+02   1.5585194396972699e+02
   1.9509999999999999e+02   9.5685043334960895e+01
   1.9580000000000001e+02   2.4492946624755898e+01
   1.9600000000000000e+02   1.6821801757812500e+02
   1.9619999999999999e+02   2.1825286865234400e+01
   1.9680000000000001e+02   2.3149730682373001e+01
   1.9700000000000000e+02   2.1632685852050801e+02
   1.9709999999999999e+02   5.0384033203125000e+01
   1.9780000000000001e+02   2.0576486587524400e+01
   1.9790000000000001e+02   4.3302917480468800e+01
   1.9809999999999999e+02   3.1274871826171900e+01
   1.9880000000000001e+02   1.1586830139160201e+01
   1.9900000000000000e+02   9.8280433654785199e+01
   1.9909999999999999e+02   3.8308769226074197e+01
   2.0000000000000000e+02   7.1636558532714801e+01
   2.0090000000000001e+02   4.7315063476562500e+01
   2.0100000000000000e+02   8.0538810729980497e+01
   2.0109999999999999e+02   3.5719974517822301e+01
   2.0190000000000001e+02   2.9193750381469702e+01
   2.0209999999999999e+02   7.2571936035156295e+02
   2.0300000000000000e+02   1.0062442779541000e+02
   2.0319999999999999e+02   1.3949531555175801e+01
   2.0400000000000000e+02   7.9207382202148395e+01
   2.0690000000000001e+02   1.2769927024841300e+01
   2.1000000000000000e+02   1.6694531250000000e+02
   2.1019999999999999e+02   1.5111938476562500e+01
   2.1080000000000001e+02   4.2655952453613303e+01
   2.1100000000000000e+02   8.6266647338867202e+01
   2.1109999999999999e+02   6.8241569519042997e+01
   2.1209999999999999e+02   1.3432860351562500e+04
   2.1290000000000001e+02   6.6094551086425795e+01
   2.1309999999999999e+02   1.5782077636718800e+03
   2.1400000000000000e+02   8.8710838317871094e+01
   2.1409999999999999e+02   1.6109902954101599e+02
   2.1419999999999999e+02   6.0914577484130902e+01
   2.1490000000000001e+02   5.7223892211914098e+00
   2.1500000000000000e+02   2.6788793945312500e+02
   2.1600000000000000e+02   3.1561029434204102e+01
   2.1609999999999999e+02   8.9978324890136705e+01
   2.1680000000000001e+02   3.3131107330322301e+01
   2.1700000000000000e+02   4.2992805480957003e+01
   2.1800000000000000e+02   2.3901859283447301e+01
   2.1890000000000001e+02   2.7802143096923800e+01
   2.1900000000000000e+02   4.8912303924560497e+01
   2.1909999999999999e+02   2.8011640548706101e+01
   2.2400000000000000e+02   4.8203456878662102e+01
   2.2409999999999999e+02   4.5580085754394503e+01
   2.2469999999999999e+02   1.4652005195617701e+01
   2.2490000000000001e+02   3.1344568252563501e+01
   2.2500000000000000e+02   1.8714185714721701e+01
   2.2519999999999999e+02   2.1459880828857401e+01
   2.2530000000000001e+02   1.7811588287353501e+01
   2.2609999999999999e+02   3.5909645996093800e+03
   2.2709999999999999e+02   1.4282409179687500e+04
   2.2809999999999999e+02   3.1949982910156300e+03
   2.2900000000000000e+02   1.7350450515747099e+01
   2.2909999999999999e+02   4.3640063476562500e+02
   2.2930000000000001e+02   1.6461450576782202e+01
   2.3000000000000000e+02   1.4953809738159199e+01
   2.3009999999999999e+02   4.5838623046875000e+01
   2.3090000000000001e+02   1.1111771583557100e+01
   2.3109999999999999e+02   4.2640144348144503e+01
   2.3269999999999999e+02   9.7385101318359393e+00
   2.3290000000000001e+02   3.3477207183837898e+01
   2.3319999999999999e+02   3.0773977279663100e+01
   2.3400000000000000e+02   6.2870971679687500e+01
   2.3409999999999999e+02   2.5086069107055700e+01
   2.3669999999999999e+02   3.8498069763183601e+01
   2.3690000000000001e+02   1.0334516525268601e+01
   2.3709999999999999e+02   1.1137414932251000e+01
   2.3909999999999999e+02   1.2701828002929700e+01
   2.4080000000000001e+02   1.1740967750549300e+01
   2.4300000000000000e+02   2.2820832824707000e+02
   2.4309999999999999e+02   5.4065612792968795e+02
   2.4400000000000000e+02   1.2153614807128901e+02
   2.4409999999999999e+02   8.6254554748535199e+01
   2.4500000000000000e+02   4.4174495697021499e+01
   2.4519999999999999e+02   1.6918479919433601e+01
   2.4600000000000000e+02   1.0661719512939500e+02
   2.4709999999999999e+02   2.8433139038085898e+02
   2.4719999999999999e+02   1.2991952514648401e+02
   2.4790000000000001e+02   3.2311882019042997e+01
   2.4800000000000000e+02   7.4282707214355497e+01
   2.4819999999999999e+02   1.5307863235473601e+01
   2.5719999999999999e+02   1.1058144569396999e+01
   2.5910000000000002e+02   5.8387371826171898e+02
   2.5919999999999999e+02   3.5327319335937500e+02
   2.5989999999999998e+02   2.1653268814086900e+01
   2.6000000000000000e+02   1.0688729095459000e+02
   2.6019999999999999e+02   3.4485603332519503e+01
   2.6030000000000001e+02   3.6854187011718800e+01
   2.6080000000000001e+02   2.5758609771728501e+01
   2.6110000000000002e+02   5.1558709716796898e+02
   2.6119999999999999e+02   8.0503471374511705e+01
   2.6210000000000002e+02   1.3182626342773401e+02
   2.6919999999999999e+02   1.8209400177001999e+01
   2.7210000000000002e+02   7.5350349426269503e+01
   2.7389999999999998e+02   3.0990350723266602e+01
   2.7410000000000002e+02   9.7647644042968807e+01
   2.7500000000000000e+02   8.7107398986816406e+01
   2.7510000000000002e+02   2.8081417846679699e+02
   2.7530000000000001e+02   7.1278701782226605e+01
   2.7610000000000002e+02   3.8883586883544901e+01
   2.7619999999999999e+02   3.8171867370605497e+01
   2.8500000000000000e+02   2.4955265045166001e+01
   2.8510000000000002e+02   4.4102268218994098e+01
   2.8789999999999998e+02   1.0812113761901900e+01
   2.8889999999999998e+02   2.2769319534301800e+01
   2.8910000000000002e+02   1.2841660499572800e+01
   2.9110000000000002e+02   4.4111904144287102e+01
   2.9489999999999998e+02   1.0406277656555201e+01
   3.0110000000000002e+02   1.3803599357605000e+01
   3.0319999999999999e+02   6.9182773437500000e+03
   3.0400000000000000e+02   1.1094319343566900e+01
   3.0419999999999999e+02   1.3048780517578100e+03
   3.0500000000000000e+02   5.4916736602783203e+01
   3.0510000000000002e+02   1.0741307830810500e+02
   3.1710000000000002e+02   2.4222610473632801e+02
   3.1719999999999999e+02   1.8486251831054699e+02
   3.1910000000000002e+02   3.3554107666015602e+02
   3.1919999999999999e+02   9.4849914550781295e+02
   3.1989999999999998e+02   1.3808243751525900e+01
   3.2000000000000000e+02   1.0167994689941401e+02
   3.2019999999999999e+02   1.1951231384277300e+02
   3.4519999999999999e+02   1.0789467620849599e+02
   3.4719999999999999e+02   1.5476188659668001e+01
   3.7619999999999999e+02   1.2253377914428700e+01
   3.7630000000000001e+02   2.2974386215210000e+01
