   4.0100000000000001e+01   1.4977087402343801e+02
   4.1000000000000000e+01   3.5111901855468800e+03
   4.2100000000000001e+01   1.5136531250000000e+04
   4.3000000000000000e+01   2.0528107421875000e+04
   4.4100000000000001e+01   6.9087475585937500e+03
   4.5000000000000000e+01   1.0680702209472700e+02
   4.5100000000000001e+01   6.4091552734375000e+01
   4.9899999999999999e+01   4.9556396484375000e+01
   5.0000000000000000e+01   4.6746267700195301e+02
   5.0100000000000001e+01   2.5355709838867199e+02
   5.1000000000000000e+01   2.8042270507812500e+03
   5.1899999999999999e+01   1.9534797668456999e+01
   5.2000000000000000e+01   8.0682696533203102e+02
   5.2100000000000001e+01   2.4416273117065401e+01
   5.2899999999999999e+01   1.4946588134765599e+02
   5.3000000000000000e+01   7.7838073730468795e+02
   5.3799999999999997e+01   2.3841947555541999e+01
   5.4000000000000000e+01   1.1947194824218800e+03
   5.5000000000000000e+01   2.2187963867187500e+03
   5.6000000000000000e+01   2.1777197265625000e+03
   5.6899999999999999e+01   3.9159332275390597e+01
   5.7000000000000000e+01   9.1941113281250000e+02
   5.7100000000000001e+01   2.5010684204101599e+02
   5.7899999999999999e+01   3.4128360748291001e+01
   5.8000000000000000e+01   9.6558288574218807e+01
   5.8200000000000003e+01   5.7594474792480497e+01
   5.8799999999999997e+01   2.1976642608642599e+01
   5.8899999999999999e+01   1.3885908508300801e+02
   6.0899999999999999e+01   9.5831708908081108e+00
   6.1100000000000001e+01   1.6178768157958999e+01
   6.1799999999999997e+01   2.6748210906982401e+01
   6.1899999999999999e+01   1.9542160034179699e+02
   6.2100000000000001e+01   1.5512118530273401e+02
   6.2899999999999999e+01   2.1072122192382801e+02
   6.3000000000000000e+01   1.1473754882812500e+03
   6.3799999999999997e+01   1.6857795715331999e+01
   6.4000000000000000e+01   4.7922729492187500e+02
   6.4099999999999994e+01   3.2464144897460898e+02
   6.5000000000000000e+01   6.2792119140625000e+03
   6.6000000000000000e+01   8.9319537353515602e+02
   6.6099999999999994e+01   3.2260192871093801e+02
   6.7000000000000000e+01   2.0210882568359400e+03
   6.7099999999999994e+01   3.9097479248046898e+02
   6.7900000000000006e+01   3.3644233703613303e+01
   6.8000000000000000e+01   1.4093455810546900e+03
   6.8099999999999994e+01   1.1690318603515600e+03
   6.8900000000000006e+01   1.9699983596801800e+01
   6.9000000000000000e+01   2.1038537597656300e+03
   7.0099999999999994e+01   3.3490322265625000e+03
   7.1000000000000000e+01   3.7910424804687500e+02
   7.1799999999999997e+01   1.9658338546752901e+01
   7.1900000000000006e+01   6.6786437988281307e+01
   7.2000000000000000e+01   3.1022201538085898e+01
   7.2099999999999994e+01   4.2582458496093800e+01
   7.2700000000000003e+01   1.0446557044982899e+01
   7.2900000000000006e+01   3.2976665496826200e+01
   7.3000000000000000e+01   3.4839977264404297e+01
   7.3200000000000003e+01   1.0428085327148400e+01
   7.4000000000000000e+01   3.3300112915039102e+02
   7.4799999999999997e+01   6.1132862091064503e+01
   7.5000000000000000e+01   3.7878579711914102e+02
   7.6000000000000000e+01   4.4699850463867199e+02
   7.6099999999999994e+01   3.9466741943359398e+02
   7.7000000000000000e+01   1.6592873046875000e+04
   7.8000000000000000e+01   3.6541594238281300e+03
   7.9000000000000000e+01   5.0225214843750000e+03
   8.0000000000000000e+01   8.4652825927734398e+02
   8.0099999999999994e+01   3.7247973632812500e+02
   8.0700000000000003e+01   7.8533010482788104e+00
   8.1000000000000000e+01   3.8570956420898398e+02
   8.1099999999999994e+01   2.4334353637695301e+02
   8.2000000000000000e+01   1.0495301513671900e+03
   8.2099999999999994e+01   1.2173198242187500e+03
   8.2799999999999997e+01   1.2482040405273400e+01
   8.2900000000000006e+01   1.9554975509643601e+01
   8.3000000000000000e+01   4.5257739257812500e+02
   8.3200000000000003e+01   3.7827358245849602e+01
   8.3900000000000006e+01   1.0739250183105500e+02
   8.4000000000000000e+01   3.9223474121093801e+02
   8.4099999999999994e+01   1.2032386779785200e+02
   8.4900000000000006e+01   3.4969253540039098e+01
   8.5099999999999994e+01   6.8834815979003906e+01
   8.5900000000000006e+01   1.4622006225585901e+02
   8.6200000000000003e+01   2.9779468536376999e+01
   8.6599999999999994e+01   1.1183873176574700e+01
   8.6799999999999997e+01   2.5226577758789102e+01
   8.7000000000000000e+01   2.1170375823974599e+01
   8.7200000000000003e+01   9.8962087631225604e+00
   8.7900000000000006e+01   1.5364706039428700e+01
   8.8000000000000000e+01   9.7153701782226598e+00
   8.9000000000000000e+01   1.5911771240234400e+03
   8.9900000000000006e+01   9.1514060974121094e+01
   9.0099999999999994e+01   5.9092584228515602e+02
   9.0200000000000003e+01   4.3429190063476602e+02
   9.0299999999999997e+01   5.1322639465332003e+01
   9.1000000000000000e+01   2.4142947265625000e+04
   9.1900000000000006e+01   2.9263151168823200e+01
   9.2000000000000000e+01   2.9709145507812500e+03
   9.2200000000000003e+01   6.0963214874267599e+01
   9.3000000000000000e+01   4.3467802734375000e+03
   9.3900000000000006e+01   4.3540157318115199e+01
   9.4099999999999994e+01   2.7977348632812500e+03
   9.5000000000000000e+01   1.6718485107421900e+03
   9.6099999999999994e+01   9.8166054687500000e+03
   9.7099999999999994e+01   1.3087841796875000e+03
   9.7900000000000006e+01   6.4766876220703097e+01
   9.8099999999999994e+01   4.0900729370117199e+02
   9.8200000000000003e+01   9.8571166992187500e+01
   9.8799999999999997e+01   2.2237876892089801e+01
   9.9000000000000000e+01   1.2370677947998001e+01
   1.0100000000000000e+02   2.4041978836059599e+01
   1.0120000000000000e+02   1.9332311630248999e+01
   1.0190000000000001e+02   1.8984913635253901e+02
   1.0209999999999999e+02   4.3480841064453102e+02
   1.0230000000000000e+02   2.1566513061523398e+01
   1.0309999999999999e+02   5.1337070312500000e+03
   1.0400000000000000e+02   4.6442144775390602e+02
   1.0400000000000000e+02   6.3463422851562500e+03
   1.0509999999999999e+02   1.4359128906250000e+04
   1.0600000000000000e+02   3.4284389648437500e+03
   1.0690000000000001e+02   1.2327283477783200e+02
   1.0709999999999999e+02   2.4033108520507801e+02
   1.0800000000000000e+02   1.6931762695312500e+02
   1.0809999999999999e+02   4.1295387268066399e+01
   1.0870000000000000e+02   8.4081077575683594e+00
   1.0890000000000001e+02   6.7139404296875000e+01
   1.0900000000000000e+02   1.2440267944335901e+02
   1.1000000000000000e+02   1.3947621154785199e+02
   1.1009999999999999e+02   1.4621203613281301e+02
   1.1090000000000001e+02   1.1410827636718800e+02
   1.1109999999999999e+02   1.7140424728393601e+01
   1.1200000000000000e+02   2.7699748992919901e+01
   1.1209999999999999e+02   4.4804347991943402e+01
   1.1490000000000001e+02   1.3866148948669400e+01
   1.1500000000000000e+02   2.3711483764648401e+02
   1.1500000000000000e+02   6.3500714111328102e+02
   1.1580000000000000e+02   1.0627728271484401e+02
   1.1600000000000000e+02   3.9481564331054699e+02
   1.1620000000000000e+02   4.3716560363769503e+01
   1.1630000000000000e+02   3.8414501190185497e+01
   1.1690000000000001e+02   4.4554786682128899e+01
   1.1700000000000000e+02   3.6263886718750000e+03
   1.1800000000000000e+02   9.4306552734375000e+03
   1.1880000000000000e+02   2.6034788131713899e+01
   1.1900000000000000e+02   1.1520587158203100e+03
   1.1909999999999999e+02   9.2387280273437500e+02
   1.1990000000000001e+02   9.4418952941894503e+01
   1.2000000000000000e+02   7.5299707031250000e+02
   1.2090000000000001e+02   1.6507904052734400e+01
   1.2209999999999999e+02   9.5930871963500994e+00
   1.2280000000000000e+02   1.0593365669250501e+01
   1.2400000000000000e+02   2.3547492980956999e+01
   1.2590000000000001e+02   1.2280194282531699e+01
   1.2609999999999999e+02   2.9194486618041999e+01
   1.2690000000000001e+02   5.1534301757812500e+01
   1.2700000000000000e+02   7.0308555603027301e+01
   1.2720000000000000e+02   1.8422899246215799e+01
   1.2790000000000001e+02   4.7246307373046903e+01
   1.2800000000000000e+02   3.1090704345703102e+02
   1.2850000000000000e+02   1.1835310935974100e+01
   1.2890000000000001e+02   1.1705667114257800e+02
   1.2900000000000000e+02   2.4588346862793000e+02
   1.2919999999999999e+02   4.4862915039062500e+01
   1.3000000000000000e+02   7.0290380859375000e+03
   1.3090000000000001e+02   6.5598190307617202e+01
   1.3109999999999999e+02   3.9373906250000000e+03
   1.3209999999999999e+02   9.2554150390625000e+03
   1.3309999999999999e+02   1.4261433105468800e+03
   1.3380000000000001e+02   2.0420747756958001e+01
   1.3400000000000000e+02   5.7827416992187500e+02
   1.3500000000000000e+02   2.7897470092773398e+02
   1.3509999999999999e+02   3.3376422119140602e+02
   1.3519999999999999e+02   2.3389123916626001e+01
   1.3590000000000001e+02   3.5193962097167997e+01
   1.3600000000000000e+02   5.0852175903320301e+02
   1.3619999999999999e+02   2.3047863006591800e+01
   1.3690000000000001e+02   4.6462047576904297e+01
   1.3700000000000000e+02   1.5448698425293000e+02
   1.3790000000000001e+02   2.0256832122802699e+01
   1.3800000000000000e+02   1.0843412399291999e+01
   1.3819999999999999e+02   1.2562786102294901e+01
   1.3830000000000001e+02   1.0332766532897899e+01
   1.3880000000000001e+02   3.7527114868164098e+01
   1.3900000000000000e+02   1.7552906799316401e+02
   1.3909999999999999e+02   1.8044281005859401e+02
   1.4090000000000001e+02   6.8865432739257798e+01
   1.4200000000000000e+02   2.9182945251464801e+01
   1.4209999999999999e+02   5.0415935516357401e+01
   1.4230000000000001e+02   1.1526530265808100e+01
   1.4300000000000000e+02   1.7328674316406301e+02
   1.4309999999999999e+02   2.6360537719726602e+02
   1.4319999999999999e+02   2.4649227142333999e+01
   1.4390000000000001e+02   7.4385528564453097e+01
   1.4400000000000000e+02   7.6996630859375000e+02
   1.4409999999999999e+02   8.1222479248046898e+02
   1.4490000000000001e+02   4.3987979888916001e+01
   1.4500000000000000e+02   8.2733178710937500e+02
   1.4519999999999999e+02   3.1236151123046898e+02
   1.4530000000000001e+02   1.0361085510253901e+02
   1.4609999999999999e+02   3.5460066406250000e+04
   1.4709999999999999e+02   4.0604772949218800e+03
   1.4790000000000001e+02   1.6224637985229499e+01
   1.4809999999999999e+02   6.5867828369140602e+02
   1.4890000000000001e+02   1.4449572563171399e+01
   1.4900000000000000e+02   3.6071254730224602e+01
   1.5090000000000001e+02   2.9437530517578100e+01
   1.5400000000000000e+02   3.0264469146728501e+01
   1.5490000000000001e+02   1.4127591133117701e+01
   1.5519999999999999e+02   1.0356646537780801e+01
   1.5559999999999999e+02   1.6258874893188501e+01
   1.5590000000000001e+02   5.4469463348388700e+01
   1.5600000000000000e+02   2.9065747070312500e+02
   1.5609999999999999e+02   5.5017158508300803e+01
   1.5680000000000001e+02   1.7906450271606399e+01
   1.5690000000000001e+02   1.1702191162109401e+02
   1.5709999999999999e+02   1.6738992309570301e+02
   1.5800000000000000e+02   4.7333041381835898e+02
   1.5809999999999999e+02   4.1104746093750000e+03
   1.5900000000000000e+02   9.4429492187500000e+02
   1.5909999999999999e+02   4.5702743530273398e+02
   1.6000000000000000e+02   1.0288519287109400e+03
   1.6009999999999999e+02   5.9401922607421898e+02
   1.6100000000000000e+02   5.3466556549072301e+01
   1.6109999999999999e+02   2.1811245727539099e+02
   1.6500000000000000e+02   1.4434110641479499e+01
   1.6690000000000001e+02   1.0263646125793500e+01
   1.6700000000000000e+02   5.8773807525634801e+01
   1.6800000000000000e+02   1.2299019813537599e+01
   1.6819999999999999e+02   9.7817983627319300e+00
   1.7000000000000000e+02   6.3456340789794901e+01
   1.7009999999999999e+02   4.9625408172607401e+01
   1.7090000000000001e+02   4.5392539978027301e+01
   1.7109999999999999e+02   1.0940449714660600e+01
   1.7119999999999999e+02   1.7006158828735401e+01
   1.7209999999999999e+02   3.7720269775390602e+02
   1.7290000000000001e+02   1.9216610717773401e+02
   1.7300000000000000e+02   2.0015684509277301e+02
   1.7309999999999999e+02   8.8396736145019503e+01
   1.7390000000000001e+02   1.0030421257019000e+01
   1.7400000000000000e+02   1.1424206542968800e+02
   1.7480000000000001e+02   1.1162121772766101e+01
   1.7490000000000001e+02   1.4396405029296901e+02
   1.7509999999999999e+02   5.2123207092285199e+01
   1.8100000000000000e+02   4.0934036254882798e+01
   1.8190000000000001e+02   4.6521949768066399e+01
   1.8200000000000000e+02   3.4233978271484403e+01
   1.8280000000000001e+02   1.0800366401672401e+01
   1.8290000000000001e+02   2.7808664321899400e+01
   1.8390000000000001e+02   2.0745929718017599e+01
   1.8409999999999999e+02   7.7693621826171898e+02
   1.8419999999999999e+02   9.2148605346679702e+01
   1.8480000000000001e+02   2.1815448760986300e+01
   1.8490000000000001e+02   2.0711032867431602e+01
   1.8509999999999999e+02   5.0674468994140602e+02
   1.8519999999999999e+02   8.1579185485839801e+01
   1.8600000000000000e+02   2.4906404113769500e+02
   1.8609999999999999e+02   1.4724211425781300e+03
   1.8680000000000001e+02   1.8978197097778299e+01
   1.8700000000000000e+02   3.3371440887451200e+01
   1.8709999999999999e+02   1.6395227050781300e+03
   1.8730000000000001e+02   3.8194301605224602e+01
   1.8809999999999999e+02   2.3510558593750000e+04
   1.8909999999999999e+02   1.0431415039062500e+04
   1.8980000000000001e+02   1.9231967926025401e+01
   1.9009999999999999e+02   1.3142746582031300e+03
   1.9090000000000001e+02   4.4610816955566399e+01
   1.9109999999999999e+02   1.6019702911376999e+01
   1.9309999999999999e+02   1.2892720222473100e+01
   2.0090000000000001e+02   1.7657314300537099e+01
   2.0190000000000001e+02   3.9515228271484403e+01
   2.0209999999999999e+02   5.2377130126953102e+02
   2.0300000000000000e+02   7.8072929382324205e+01
   2.1090000000000001e+02   1.4458882331848100e+01
   2.1109999999999999e+02   2.2489496231079102e+01
   2.1290000000000001e+02   3.6539367675781300e+01
   2.1490000000000001e+02   8.8081085205078097e+01
   2.1500000000000000e+02   4.0442573547363303e+01
   2.1609999999999999e+02   1.2144292831420900e+01
   2.2830000000000001e+02   3.5923175811767599e+01
   2.2859999999999999e+02   2.0934507369995099e+01
   2.2869999999999999e+02   3.2791820526122997e+01
   2.2890000000000001e+02   1.1343540954589800e+02
   2.2909999999999999e+02   3.1913694381713899e+01
   2.2950000000000000e+02   2.3789449691772500e+01
   2.2969999999999999e+02   4.7059867858886697e+01
   2.3000000000000000e+02   7.2361633300781307e+01
   2.3019999999999999e+02   4.9377111816406301e+02
   2.3030000000000001e+02   2.7948133468627901e+01
   2.3119999999999999e+02   7.0307921875000000e+04
   2.3209999999999999e+02   1.2459065246582000e+02
   2.3219999999999999e+02   1.0827462890625000e+04
   2.3300000000000000e+02   1.7922961425781301e+02
   2.3309999999999999e+02   9.1286578369140602e+02
   2.3680000000000001e+02   2.4316286087036101e+01
   2.3700000000000000e+02   5.8493141174316399e+01
   2.7900000000000000e+02   5.8929298400878899e+01
   3.2000000000000000e+02   4.2293556213378899e+01
   3.2010000000000002e+02   3.7754135131835902e+01
   3.2019999999999999e+02   2.9734161376953100e+01
   3.2100000000000000e+02   1.0731348991394000e+01
   3.2119999999999999e+02   2.2077064514160199e+01
   3.2219999999999999e+02   9.4352331161499006e+00
   3.2330000000000001e+02   3.5765682220458999e+01
