   4.0000000000000000e+01   8.2388473510742202e+01
   4.0100000000000001e+01   5.3321601867675803e+01
   4.1100000000000001e+01   4.0405075683593800e+03
   4.2100000000000001e+01   4.1750346679687500e+03
   4.2200000000000003e+01   1.7175325393676800e+01
   4.3100000000000001e+01   6.9512436523437500e+03
   4.4000000000000000e+01   1.6174890136718800e+03
   4.4899999999999999e+01   1.1268998146057100e+01
   4.9899999999999999e+01   7.8502014160156307e+01
   5.0000000000000000e+01   1.4735636901855500e+02
   5.0100000000000001e+01   3.2044597625732401e+01
   5.1000000000000000e+01   8.7019781494140602e+02
   5.1899999999999999e+01   2.4874666213989300e+01
   5.2000000000000000e+01   1.6071589660644500e+02
   5.2100000000000001e+01   9.4784286499023395e+01
   5.2200000000000003e+01   1.3502120018005400e+01
   5.2799999999999997e+01   6.6714501380920401e+00
   5.2899999999999999e+01   9.1135616302490199e+00
   5.3000000000000000e+01   2.0104161071777301e+02
   5.3100000000000001e+01   1.9913307189941401e+02
   5.3899999999999999e+01   1.2064127349853500e+02
   5.4100000000000001e+01   3.4474972534179699e+02
   5.5000000000000000e+01   3.4078823852539102e+02
   5.5000000000000000e+01   1.2871583251953100e+03
   5.5899999999999999e+01   7.5154701232910199e+01
   5.6000000000000000e+01   6.8544372558593795e+02
   5.6200000000000003e+01   5.8865089416503899e+01
   5.6899999999999999e+01   1.5938901901245099e+01
   5.7000000000000000e+01   5.1526147460937500e+02
   5.8000000000000000e+01   3.4392330169677699e+01
   5.8100000000000001e+01   5.6710643768310502e+00
   5.8799999999999997e+01   2.5067161560058601e+01
   5.8899999999999999e+01   1.2746181488037099e+02
   6.1899999999999999e+01   2.3393938064575199e+01
   6.2000000000000000e+01   4.7537399291992202e+01
   6.2899999999999999e+01   6.7931213378906307e+01
   6.3000000000000000e+01   3.8095333862304699e+02
   6.3700000000000003e+01   1.2321479797363301e+01
   6.3899999999999999e+01   5.6029605865478501e+01
   6.4000000000000000e+01   2.3254278564453099e+02
   6.4200000000000003e+01   1.0014426231384300e+01
   6.5000000000000000e+01   1.7737509765625000e+03
   6.5200000000000003e+01   4.0197990417480497e+01
   6.5900000000000006e+01   5.0332542419433601e+01
   6.6000000000000000e+01   2.4165763854980500e+02
   6.6200000000000003e+01   3.8657085418701200e+01
   6.6799999999999997e+01   9.7765464782714808e+00
   6.6900000000000006e+01   2.4952043533325199e+01
   6.7000000000000000e+01   7.2272668457031295e+02
   6.7900000000000006e+01   3.4667572021484403e+01
   6.8000000000000000e+01   2.6169183349609398e+02
   6.8099999999999994e+01   9.7909283447265602e+02
   6.9000000000000000e+01   3.7496994018554699e+02
   6.9099999999999994e+01   1.3286405029296900e+03
   6.9900000000000006e+01   1.3918519592285199e+02
   7.0099999999999994e+01   1.2807022705078100e+03
   7.0099999999999994e+01   3.8858084106445301e+02
   7.1099999999999994e+01   2.0524429687500000e+04
   7.2000000000000000e+01   9.5974682617187500e+02
   7.2200000000000003e+01   3.3282665252685497e+01
   7.2900000000000006e+01   3.0983890533447301e+01
   7.3000000000000000e+01   1.0977611541748000e+02
   7.3099999999999994e+01   4.3655967712402301e+01
   7.3799999999999997e+01   8.3333978652954102e+00
   7.3900000000000006e+01   4.5197708129882798e+01
   7.4900000000000006e+01   7.3409233093261705e+01
   7.5000000000000000e+01   2.9436244964599599e+01
   7.5900000000000006e+01   7.2839102745056197e+00
   7.6000000000000000e+01   1.9639834594726599e+02
   7.6099999999999994e+01   1.0636101531982401e+02
   7.7000000000000000e+01   5.5893422851562500e+03
   7.8000000000000000e+01   6.3011218261718795e+02
   7.8099999999999994e+01   8.5542419433593795e+02
   7.9000000000000000e+01   9.4797552490234398e+02
   7.9099999999999994e+01   1.4967991943359400e+03
   7.9799999999999997e+01   5.8096461296081499e+00
   8.0000000000000000e+01   5.5180426025390602e+02
   8.0200000000000003e+01   9.5596666336059606e+00
   8.1000000000000000e+01   2.0146580505371099e+02
   8.1099999999999994e+01   6.5378280639648395e+01
   8.2000000000000000e+01   1.1825391845703100e+03
   8.2900000000000006e+01   1.5605145263671901e+02
   8.3000000000000000e+01   6.7904724121093807e+01
   8.3200000000000003e+01   4.4116771697997997e+01
   8.3900000000000006e+01   2.4537637710571300e+01
   8.4000000000000000e+01   1.8320823669433599e+02
   8.4099999999999994e+01   2.2967076110839801e+02
   8.4200000000000003e+01   1.7536153793335000e+01
   8.4900000000000006e+01   5.9638113975524902e+00
   8.5000000000000000e+01   2.6949417114257798e+01
   8.5200000000000003e+01   7.8281979560852104e+00
   8.6099999999999994e+01   7.7393579483032200e+00
   8.7000000000000000e+01   1.1675964355468800e+01
   8.8900000000000006e+01   1.1939142227172900e+01
   8.9000000000000000e+01   3.3972503662109398e+02
   8.9099999999999994e+01   6.9768562316894503e+01
   8.9700000000000003e+01   9.1048536300659197e+00
   8.9900000000000006e+01   5.2706501007080099e+01
   9.0000000000000000e+01   1.9981916809082000e+02
   9.0200000000000003e+01   1.3289962768554699e+02
   9.0200000000000003e+01   1.3320439338684100e+01
   9.1000000000000000e+01   5.6055815429687500e+03
   9.2000000000000000e+01   4.4978555297851602e+02
   9.2099999999999994e+01   5.5725030517578102e+02
   9.2799999999999997e+01   3.2149532318115199e+01
   9.3000000000000000e+01   4.3390142822265602e+02
   9.3099999999999994e+01   7.2557263183593795e+02
   9.4000000000000000e+01   5.9508581542968795e+02
   9.4099999999999994e+01   5.3456115722656295e+02
   9.4900000000000006e+01   9.6577348709106392e+00
   9.5000000000000000e+01   6.0814953613281295e+02
   9.5099999999999994e+01   3.8861172485351602e+02
   9.5299999999999997e+01   8.2184638977050799e+00
   9.6000000000000000e+01   5.4916997070312500e+03
   9.6900000000000006e+01   3.6421524047851598e+01
   9.7000000000000000e+01   1.1601182861328100e+03
   9.7099999999999994e+01   1.4870396423339801e+02
   9.7900000000000006e+01   2.9401584625244102e+01
   9.8000000000000000e+01   3.4807302856445301e+02
   9.8099999999999994e+01   8.4142951965332003e+01
   9.8900000000000006e+01   8.0777597427368200e+00
   9.9099999999999994e+01   1.5054933547973601e+01
   1.0100000000000000e+02   6.8892779350280797e+00
   1.0180000000000000e+02   5.6884002685546902e+00
   1.0190000000000001e+02   1.6159899902343801e+02
   1.0200000000000000e+02   8.3777877807617202e+01
   1.0220000000000000e+02   4.3208450317382798e+01
   1.0290000000000001e+02   5.2848545074462898e+01
   1.0300000000000000e+02   2.4274155273437500e+03
   1.0390000000000001e+02   1.1220631408691401e+02
   1.0400000000000000e+02   2.1016701660156300e+03
   1.0409999999999999e+02   1.1138095703125000e+03
   1.0500000000000000e+02   1.1108800781250000e+04
   1.0590000000000001e+02   2.9843278884887699e+01
   1.0600000000000000e+02   1.3660689697265600e+03
   1.0609999999999999e+02   1.6187385559082000e+02
   1.0680000000000000e+02   1.0072907447814901e+01
   1.0700000000000000e+02   3.6711444854736300e+01
   1.0709999999999999e+02   6.5552841186523395e+01
   1.0790000000000001e+02   3.6353485107421903e+01
   1.0800000000000000e+02   6.2665161132812500e+01
   1.0820000000000000e+02   1.5639564514160201e+01
   1.0880000000000000e+02   2.4722630977630602e+00
   1.0900000000000000e+02   5.1657123565673800e+01
   1.0920000000000000e+02   8.4124402999877894e+00
   1.0980000000000000e+02   1.4097475051879901e+01
   1.1000000000000000e+02   5.9008994102478001e+00
   1.1100000000000000e+02   1.5954072952270501e+01
   1.1500000000000000e+02   2.9050723266601602e+02
   1.1509999999999999e+02   1.5028556823730500e+02
   1.1580000000000000e+02   2.4388643264770501e+01
   1.1600000000000000e+02   2.2157025146484401e+02
   1.1690000000000001e+02   2.3792451858520501e+01
   1.1700000000000000e+02   1.0703785400390600e+03
   1.1709999999999999e+02   2.6179147338867199e+02
   1.1800000000000000e+02   7.7620898437500000e+02
   1.1809999999999999e+02   1.6372003173828100e+03
   1.1890000000000001e+02   1.5278570556640599e+02
   1.1900000000000000e+02   1.0691868896484400e+03
   1.1990000000000001e+02   2.2782035827636701e+01
   1.2000000000000000e+02   4.0502856445312500e+02
   1.2020000000000000e+02   7.2132725715637198e+00
   1.2080000000000000e+02   6.5518321990966797e+00
   1.2100000000000000e+02   2.0630725860595700e+01
   1.2109999999999999e+02   1.6649898529052699e+01
   1.2690000000000001e+02   1.4106788635253899e+01
   1.2700000000000000e+02   4.0676418304443402e+01
   1.2780000000000000e+02   8.8793096542358398e+00
   1.2790000000000001e+02   7.5395416259765597e+01
   1.2800000000000000e+02   1.0737695312500000e+02
   1.2880000000000001e+02   8.2901639938354492e+00
   1.2900000000000000e+02   1.4586895751953099e+02
   1.2919999999999999e+02   8.2239898681640597e+01
   1.3000000000000000e+02   7.4982153320312500e+02
   1.3009999999999999e+02   2.6304946289062500e+03
   1.3100000000000000e+02   4.2046447753906301e+02
   1.3109999999999999e+02   1.9154718017578100e+03
   1.3190000000000001e+02   2.5508224487304702e+01
   1.3200000000000000e+02   1.6498404541015600e+03
   1.3209999999999999e+02   1.7730122070312500e+03
   1.3290000000000001e+02   1.6240255737304699e+02
   1.3300000000000000e+02   5.2968481445312500e+02
   1.3380000000000001e+02   1.0087551116943400e+01
   1.3400000000000000e+02   2.1460090637207000e+02
   1.3409999999999999e+02   1.8932316589355500e+02
   1.3490000000000001e+02   2.4097862243652301e+01
   1.3509999999999999e+02   5.3248668670654297e+01
   1.3700000000000000e+02   8.9973587036132798e+01
   1.3709999999999999e+02   4.7087936401367202e+01
   1.3800000000000000e+02   2.0973043441772500e+01
   1.3890000000000001e+02   1.2391965866088899e+01
   1.3909999999999999e+02   6.8271490478515602e+02
   1.3919999999999999e+02   8.5453042984008807e+00
   1.3990000000000001e+02   6.2428078651428196e+00
   1.4009999999999999e+02   1.3048500061035201e+01
   1.4019999999999999e+02   8.7508716583252006e+00
   1.4069999999999999e+02   4.9998927116393999e+00
   1.4090000000000001e+02   4.2500867843627903e+00
   1.4100000000000000e+02   2.3319660186767599e+01
   1.4200000000000000e+02   2.2774898529052699e+01
   1.4219999999999999e+02   1.4985710144043001e+01
   1.4280000000000001e+02   8.4454736709594709e+00
   1.4290000000000001e+02   7.9030570983886705e+01
   1.4300000000000000e+02   1.1334329986572300e+02
   1.4319999999999999e+02   8.6378593444824201e+00
   1.4380000000000001e+02   1.5269187927246101e+01
   1.4400000000000000e+02   4.9833944702148398e+02
   1.4409999999999999e+02   2.0682530212402301e+02
   1.4500000000000000e+02   2.1257371520996099e+02
   1.4509999999999999e+02   3.8948669433593801e+02
   1.4609999999999999e+02   1.4900775390625000e+04
   1.4690000000000001e+02   1.5279349327087401e+01
   1.4709999999999999e+02   1.6682337646484400e+03
   1.4780000000000001e+02   1.5857535362243700e+01
   1.4800000000000000e+02   7.7328796386718807e+01
   1.4809999999999999e+02   2.4878204345703099e+02
   1.4900000000000000e+02   1.2828131675720201e+01
   1.5190000000000001e+02   7.5040545463562003e+00
   1.5400000000000000e+02   1.8868293762206999e+01
   1.5490000000000001e+02   2.2251289367675799e+01
   1.5500000000000000e+02   2.9721961975097699e+01
   1.5580000000000001e+02   1.0038979530334499e+01
   1.5590000000000001e+02   5.7562686920166001e+01
   1.5609999999999999e+02   1.2316525268554700e+02
   1.5619999999999999e+02   1.6391283035278299e+01
   1.5690000000000001e+02   3.7264175415039098e+01
   1.5709999999999999e+02   1.0468794250488300e+02
   1.5790000000000001e+02   3.3723075866699197e+01
   1.5800000000000000e+02   3.4583493041992199e+02
   1.5809999999999999e+02   5.3493823242187500e+02
   1.5890000000000001e+02   3.3098701477050803e+01
   1.5900000000000000e+02   5.2192352294921898e+02
   1.5909999999999999e+02   6.9560852050781307e+01
   1.6000000000000000e+02   1.4758543395996099e+02
   1.6009999999999999e+02   7.6427972412109398e+02
   1.6019999999999999e+02   1.0906929016113300e+02
   1.6100000000000000e+02   5.9329963684082003e+01
   1.6109999999999999e+02   8.1842613220214801e+01
   1.6119999999999999e+02   1.9938503265380898e+01
   1.6290000000000001e+02   4.6754779815673800e+01
   1.6319999999999999e+02   1.4353800773620600e+01
   1.6690000000000001e+02   6.4250078201293901e+00
   1.6700000000000000e+02   1.3537759780883800e+01
   1.6800000000000000e+02   3.4505233764648402e+01
   1.6919999999999999e+02   5.5705018043518102e+00
   1.7000000000000000e+02   4.3395965576171903e+01
   1.7009999999999999e+02   4.3956912994384801e+01
   1.7109999999999999e+02   2.3289810180664102e+01
   1.7190000000000001e+02   1.5351119041442900e+01
   1.7200000000000000e+02   5.4158275604247997e+01
   1.7209999999999999e+02   9.4922760009765597e+01
   1.7300000000000000e+02   1.7516389465332000e+02
   1.7309999999999999e+02   9.4606590270996094e+01
   1.7380000000000001e+02   9.0903387069702095e+00
   1.7400000000000000e+02   1.7645246887207000e+02
   1.7409999999999999e+02   1.2114420318603500e+02
   1.7500000000000000e+02   5.3020908355712898e+01
   1.7690000000000001e+02   5.7796440124511701e+00
   1.7890000000000001e+02   6.1856122016906703e+00
   1.8100000000000000e+02   5.8566212654113796e+00
   1.8190000000000001e+02   2.7025672912597699e+01
   1.8219999999999999e+02   1.4301423072814901e+01
   1.8290000000000001e+02   6.1190462112426802e+00
   1.8390000000000001e+02   2.1946205139160199e+01
   1.8400000000000000e+02   1.9509872436523401e+02
   1.8409999999999999e+02   3.6651934814453102e+02
   1.8419999999999999e+02   7.1412895202636705e+01
   1.8490000000000001e+02   1.6370426177978501e+01
   1.8500000000000000e+02   3.6826733398437500e+02
   1.8509999999999999e+02   3.0783367156982401e+01
   1.8530000000000001e+02   2.0258102416992202e+01
   1.8590000000000001e+02   1.0052032470703100e+01
   1.8600000000000000e+02   2.8568063354492199e+02
   1.8609999999999999e+02   1.4140229492187500e+03
   1.8680000000000001e+02   9.5577354431152308e+00
   1.8709999999999999e+02   8.6191534423828102e+02
   1.8709999999999999e+02   3.6362365722656301e+02
   1.8800000000000000e+02   2.4708869934081999e+01
   1.8809999999999999e+02   4.0507514648437500e+03
   1.8819999999999999e+02   2.4575235366821300e+01
   1.8909999999999999e+02   1.1369504882812500e+04
   1.9000000000000000e+02   2.1306339263916001e+01
   1.9009999999999999e+02   5.3659063720703102e+02
   1.9009999999999999e+02   1.0432645263671900e+03
   1.9100000000000000e+02   2.4047734069824199e+02
   1.9109999999999999e+02   1.0876972961425800e+02
   1.9200000000000000e+02   1.3241229057311999e+01
   1.9290000000000001e+02   4.6843190193176296e+00
   1.9690000000000001e+02   7.8043122291564897e+00
   1.9709999999999999e+02   5.6943707466125497e+00
   1.9790000000000001e+02   5.6602029800415004e+00
   1.9800000000000000e+02   1.3258982658386200e+01
   1.9890000000000001e+02   6.8529758453369096e+00
   1.9990000000000001e+02   8.1831626892089808e+00
   2.0000000000000000e+02   1.8642221450805700e+01
   2.0009999999999999e+02   3.0166368484497099e+01
   2.0100000000000000e+02   1.4825573921203601e+01
   2.0190000000000001e+02   3.0172286987304702e+01
   2.0200000000000000e+02   8.7575454711914105e+01
   2.0209999999999999e+02   5.5521366119384801e+01
   2.0680000000000001e+02   8.9168739318847701e-01
   2.0700000000000000e+02   4.5464115142822301e+00
   2.0709999999999999e+02   1.9466190338134799e+00
   2.1069999999999999e+02   2.1980292797088601e+00
   2.1200000000000000e+02   5.0265216827392596e+00
   2.1390000000000001e+02   6.2846169471740696e+00
   2.1400000000000000e+02   4.6657436370849602e+01
   2.1409999999999999e+02   9.7283277511596697e+00
   2.1480000000000001e+02   8.6375740051269503e+01
   2.1490000000000001e+02   2.0417974853515599e+02
   2.1519999999999999e+02   1.9269559860229499e+01
   2.1590000000000001e+02   1.0374497413635300e+01
   2.1609999999999999e+02   1.4241522216796901e+02
   2.1690000000000001e+02   4.2833602905273402e+01
   2.1709999999999999e+02   6.9177764892578097e+01
   2.1730000000000001e+02   1.0706322669982899e+01
   2.1869999999999999e+02   2.3540298461914102e+01
   2.1890000000000001e+02   1.1597358703613301e+01
   2.1909999999999999e+02   8.4942760467529297e+00
   2.2080000000000001e+02   7.0833439826965297e+00
   2.2290000000000001e+02   1.4310111045837401e+01
   2.2890000000000001e+02   3.2536907196044901e+01
   2.2909999999999999e+02   4.1704849243164098e+01
   2.2919999999999999e+02   3.1736576080322301e+01
   2.3000000000000000e+02   5.9991941452026403e+00
   2.3100000000000000e+02   8.1317024230956996e+00
   2.3109999999999999e+02   8.3159324645996094e+01
   2.3119999999999999e+02   7.7841766357421903e+01
   2.3259999999999999e+02   5.7413601875305202e+00
   2.3280000000000001e+02   1.8725822448730501e+01
   2.3300000000000000e+02   9.5372230529785199e+01
   2.3690000000000001e+02   7.0864151000976605e+01
   2.3700000000000000e+02   1.0855831146240201e+01
   2.4319999999999999e+02   6.8715829849243200e+00
   2.4409999999999999e+02   2.4910618591308599e+02
   2.4419999999999999e+02   3.5499505615234398e+02
   2.4500000000000000e+02   3.3323162078857401e+01
   2.4509999999999999e+02   1.6652262878418000e+02
   2.4519999999999999e+02   2.0494295120239300e+01
   2.5090000000000001e+02   7.1966152191162100e+00
   2.5710000000000002e+02   3.9928310394287102e+01
   2.5810000000000002e+02   7.4922628402709996e+00
   2.5900000000000000e+02   2.3234493255615199e+01
   2.5910000000000002e+02   6.3375751495361300e+01
   2.6930000000000001e+02   6.5826935768127397e+00
   2.7810000000000002e+02   5.8783988952636701e+00
   2.7889999999999998e+02   5.5997223854064897e+00
   2.7910000000000002e+02   7.5966743469238295e+01
   2.7919999999999999e+02   2.5669578552246101e+01
   2.8469999999999999e+02   7.5978035926818803e+00
   2.8489999999999998e+02   1.2938450813293500e+01
   2.8510000000000002e+02   9.7216484069824205e+01
   2.8530000000000001e+02   2.4969331741333001e+01
   2.8600000000000000e+02   7.5974340438842800e+00
   2.8619999999999999e+02   1.3194799804687500e+02
   2.8719999999999999e+02   3.4328695312500000e+04
   2.8819999999999999e+02   6.6134287109375000e+03
   2.8889999999999998e+02   1.3179735183715801e+01
   2.8900000000000000e+02   4.7465511322021499e+01
   2.8910000000000002e+02   5.4501318359375000e+02
   2.8930000000000001e+02   1.4184516906738301e+02
   2.9000000000000000e+02   3.4411247253417997e+01
   2.9269999999999999e+02   1.6323402404785199e+01
   3.0739999999999998e+02   6.2150430679321298e+00
   3.7619999999999999e+02   2.6204748153686499e+01
   3.7630000000000001e+02   1.3386547088623001e+01
   3.7710000000000002e+02   1.2836841583251999e+01
   3.7730000000000001e+02   5.8345880508422896e+00
