   4.0100000000000001e+01   6.5652679443359403e+01
   4.0899999999999999e+01   2.3245550155639599e+01
   4.1000000000000000e+01   1.5750637207031300e+03
   4.2100000000000001e+01   1.3782888671875000e+04
   4.2899999999999999e+01   1.5675837516784700e+01
   4.3000000000000000e+01   1.1363779296875000e+03
   4.3200000000000003e+01   3.6860221862792997e+01
   4.4000000000000000e+01   2.6516143798828102e+02
   4.4100000000000001e+01   2.3290605163574199e+02
   4.4899999999999999e+01   1.2886563110351599e+02
   4.5000000000000000e+01   4.6760833740234398e+02
   4.5100000000000001e+01   3.5966785430908203e+01
   4.8899999999999999e+01   8.4902896881103498e+00
   4.9899999999999999e+01   3.1071687698364300e+01
   5.0000000000000000e+01   3.0855218505859398e+02
   5.0100000000000001e+01   1.2882113647460901e+02
   5.1000000000000000e+01   1.7528006591796900e+03
   5.2000000000000000e+01   2.6127972412109398e+02
   5.2100000000000001e+01   2.4119592285156301e+02
   5.2899999999999999e+01   1.5074697494506800e+01
   5.3000000000000000e+01   1.3692579345703100e+03
   5.3100000000000001e+01   3.4434268951416001e+01
   5.4000000000000000e+01   2.3578918457031301e+02
   5.4100000000000001e+01   5.4109106445312500e+02
   5.5000000000000000e+01   1.3673999023437500e+03
   5.5899999999999999e+01   2.5124490737915000e+01
   5.6100000000000001e+01   1.7562711181640600e+03
   5.7000000000000000e+01   1.7462957031250000e+04
   5.8000000000000000e+01   3.3085079956054699e+02
   5.8100000000000001e+01   2.6008047485351602e+02
   5.9000000000000000e+01   2.4354541015625000e+03
   6.0000000000000000e+01   7.6304807662963903e+00
   6.0899999999999999e+01   1.0456680297851600e+01
   6.1000000000000000e+01   2.8817953109741200e+01
   6.1899999999999999e+01   6.8423263549804702e+01
   6.2000000000000000e+01   1.5009887695312500e+02
   6.2700000000000003e+01   1.4895606994628899e+01
   6.3000000000000000e+01   7.5627960205078102e+02
   6.3100000000000001e+01   6.1331260681152301e+01
   6.3899999999999999e+01   2.3301852416992199e+02
   6.4000000000000000e+01   3.6917538452148398e+02
   6.5000000000000000e+01   3.8814707031250000e+03
   6.6000000000000000e+01   7.6793255615234398e+02
   6.6900000000000006e+01   1.1601900482177700e+02
   6.7000000000000000e+01   1.3156458740234400e+03
   6.7200000000000003e+01   2.0120861053466800e+01
   6.7900000000000006e+01   1.9274944305419901e+01
   6.8000000000000000e+01   1.0798383789062500e+03
   6.9000000000000000e+01   1.1394768066406300e+03
   6.9099999999999994e+01   2.2909957885742199e+02
   7.0000000000000000e+01   6.8728820800781295e+02
   7.0099999999999994e+01   4.4294061279296898e+02
   7.0900000000000006e+01   8.4411857604980497e+01
   7.1000000000000000e+01   2.2761445617675801e+02
   7.1799999999999997e+01   8.3308973312377894e+00
   7.2000000000000000e+01   5.6588329315185497e+01
   7.2299999999999997e+01   9.2090291976928693e+00
   7.2900000000000006e+01   3.9935237884521499e+01
   7.3000000000000000e+01   5.4074642181396499e+01
   7.3900000000000006e+01   1.8244760131835901e+02
   7.4099999999999994e+01   8.3262809753417997e+01
   7.4900000000000006e+01   2.1331909179687500e+02
   7.5099999999999994e+01   3.1508169174194300e+01
   7.5900000000000006e+01   1.2663352012634300e+01
   7.6000000000000000e+01   5.3465301513671898e+02
   7.6200000000000003e+01   6.3552246093750000e+01
   7.7000000000000000e+01   1.2793696289062500e+04
   7.8000000000000000e+01   2.6838024902343800e+03
   7.8900000000000006e+01   1.2132366180419901e+02
   7.9000000000000000e+01   4.6909770507812500e+03
   7.9900000000000006e+01   1.5414509582519500e+02
   8.0000000000000000e+01   1.1949302978515600e+03
   8.1000000000000000e+01   1.5967139892578100e+03
   8.2000000000000000e+01   2.0983232116699199e+02
   8.2000000000000000e+01   1.4658385009765600e+03
   8.2900000000000006e+01   1.6985803604126001e+01
   8.3000000000000000e+01   2.7300915527343801e+02
   8.3099999999999994e+01   1.2141979980468800e+02
   8.3200000000000003e+01   1.2362478256225600e+01
   8.3900000000000006e+01   1.0513269042968800e+02
   8.4000000000000000e+01   1.8124763488769500e+02
   8.4200000000000003e+01   9.8432598114013707e+00
   8.4799999999999997e+01   1.2048328399658200e+01
   8.5000000000000000e+01   1.8497039794921901e+02
   8.5099999999999994e+01   1.5394277954101599e+02
   8.5799999999999997e+01   1.1663178443908700e+01
   8.5900000000000006e+01   1.0117881774902300e+02
   8.6099999999999994e+01   9.1897308349609403e+01
   8.7000000000000000e+01   2.0787048339843800e+01
   8.8799999999999997e+01   2.1612480163574201e+01
   8.9000000000000000e+01   6.4914733886718795e+02
   8.9099999999999994e+01   1.9976361083984401e+02
   8.9900000000000006e+01   4.3538291931152301e+01
   9.0000000000000000e+01   3.9960278320312500e+02
   9.0200000000000003e+01   2.2115344238281301e+02
   9.1000000000000000e+01   1.5415440429687500e+04
   9.2000000000000000e+01   2.1207719726562500e+03
   9.3000000000000000e+01   3.8608996582031300e+03
   9.3900000000000006e+01   4.0098628997802699e+01
   9.4000000000000000e+01   3.1760729980468800e+03
   9.4799999999999997e+01   1.8642293930053700e+01
   9.5000000000000000e+01   8.7506607055664105e+01
   9.5099999999999994e+01   1.2682368164062500e+03
   9.5299999999999997e+01   9.3319730758666992e+00
   9.6099999999999994e+01   1.1434871093750000e+04
   9.6900000000000006e+01   3.5598663330078097e+01
   9.7000000000000000e+01   1.1370506591796900e+03
   9.7099999999999994e+01   2.6278656005859398e+02
   9.7900000000000006e+01   6.3310741424560497e+01
   9.8000000000000000e+01   1.4593460083007801e+02
   9.8200000000000003e+01   1.6853750228881800e+01
   9.9000000000000000e+01   1.7579777526855500e+02
   9.9099999999999994e+01   1.6342533111572301e+01
   9.9799999999999997e+01   4.4146369934082003e+01
   9.9900000000000006e+01   5.4075309753417997e+01
   1.0000000000000000e+02   4.9335861206054702e+01
   1.0009999999999999e+02   5.3745014190673800e+01
   1.0080000000000000e+02   7.5895109176635698e+00
   1.0090000000000001e+02   4.1588699340820298e+01
   1.0109999999999999e+02   3.1471424102783200e+01
   1.0190000000000001e+02   8.1758861541747994e+00
   1.0200000000000000e+02   2.2323535156250000e+02
   1.0209999999999999e+02   2.1711698913574199e+02
   1.0300000000000000e+02   4.6434169921875000e+03
   1.0390000000000001e+02   1.0589866638183599e+02
   1.0400000000000000e+02   3.6912016601562500e+03
   1.0509999999999999e+02   1.6831308593750000e+04
   1.0600000000000000e+02   3.8783066406250000e+03
   1.0690000000000001e+02   9.9157844543457003e+01
   1.0700000000000000e+02   2.1446382141113301e+02
   1.0720000000000000e+02   4.0914497375488303e+01
   1.0790000000000001e+02   9.3444305419921903e+01
   1.0800000000000000e+02   2.5247563171386699e+02
   1.0820000000000000e+02   2.8297668457031300e+01
   1.0880000000000000e+02   2.2111230850219702e+01
   1.0900000000000000e+02   1.3436782836914099e+02
   1.0909999999999999e+02   4.5616088867187500e+01
   1.1000000000000000e+02   2.6989935302734398e+02
   1.1009999999999999e+02   2.7762390136718801e+02
   1.1090000000000001e+02   1.5987921142578099e+02
   1.1120000000000000e+02   1.8866128921508800e+01
   1.1180000000000000e+02   1.2584460258483899e+01
   1.1200000000000000e+02   4.9014422607421898e+02
   1.1209999999999999e+02   4.6972572326660199e+01
   1.1290000000000001e+02   2.8074436187744102e+01
   1.1300000000000000e+02   2.4946032714843800e+03
   1.1390000000000001e+02   7.6324874877929702e+01
   1.1409999999999999e+02   2.5512387695312500e+03
   1.1500000000000000e+02   4.0296463012695301e+02
   1.1500000000000000e+02   4.2857354736328102e+02
   1.1520000000000000e+02   1.2392576217651399e+01
   1.1600000000000000e+02   2.8483374023437500e+02
   1.1609999999999999e+02   1.4242849731445301e+02
   1.1690000000000001e+02   1.0928112792968800e+02
   1.1700000000000000e+02   2.6417573242187500e+03
   1.1709999999999999e+02   1.6653038024902301e+01
   1.1800000000000000e+02   4.5342660522460898e+02
   1.1809999999999999e+02   3.8678815917968800e+03
   1.1900000000000000e+02   1.1021652832031300e+03
   1.1900000000000000e+02   3.7237377929687500e+02
   1.1990000000000001e+02   1.4101609802246099e+02
   1.2000000000000000e+02   4.5433071899414102e+02
   1.2080000000000000e+02   1.4079380989074700e+01
   1.2100000000000000e+02   2.7185199737548800e+01
   1.2109999999999999e+02   2.4604209899902301e+01
   1.2180000000000000e+02   3.8772506713867202e+01
   1.2190000000000001e+02   1.7799217224121099e+02
   1.2209999999999999e+02   3.0479495239257801e+02
   1.2290000000000001e+02   9.0941600799560494e+00
   1.2300000000000000e+02   3.9771335601806598e+01
   1.2309999999999999e+02   3.1342660903930700e+01
   1.2400000000000000e+02   3.2872305297851602e+02
   1.2409999999999999e+02   2.0225195312500000e+02
   1.2420000000000000e+02   1.0602665901184100e+01
   1.2490000000000001e+02   9.3808128356933594e+01
   1.2500000000000000e+02   2.4305178833007801e+02
   1.2509999999999999e+02   5.5486267089843800e+01
   1.2580000000000000e+02   3.5753791809082003e+01
   1.2590000000000001e+02   1.1432759857177700e+02
   1.2600000000000000e+02   1.6607691650390600e+03
   1.2680000000000000e+02   8.2695016860961896e+00
   1.2690000000000001e+02   2.6099423217773398e+02
   1.2709999999999999e+02   2.1601724243164099e+02
   1.2780000000000000e+02   2.1237422943115199e+01
   1.2800000000000000e+02   3.3589257812500000e+02
   1.2800000000000000e+02   1.3994163513183599e+02
   1.2869999999999999e+02   8.0661849975585902e+00
   1.2880000000000001e+02   4.7944160461425803e+01
   1.2900000000000000e+02   1.4768026733398401e+02
   1.2909999999999999e+02   2.8357293701171898e+02
   1.2930000000000001e+02   1.5782272338867200e+01
   1.3000000000000000e+02   9.8576894531250000e+03
   1.3019999999999999e+02   6.6230995178222699e+01
   1.3100000000000000e+02   2.2303811035156300e+03
   1.3209999999999999e+02   4.3624809570312500e+03
   1.3280000000000001e+02   2.1014301300048800e+01
   1.3300000000000000e+02   2.3517236328125000e+02
   1.3309999999999999e+02   3.4103216552734398e+02
   1.3319999999999999e+02   8.0062122344970703e+00
   1.3390000000000001e+02   2.4501016616821300e+01
   1.3409999999999999e+02   1.6300599365234400e+03
   1.3490000000000001e+02   3.9467658996582003e+01
   1.3500000000000000e+02   9.3633758544921903e+01
   1.3509999999999999e+02   1.0493528747558599e+02
   1.3590000000000001e+02   5.5673114776611300e+01
   1.3600000000000000e+02   1.3374076843261699e+02
   1.3609999999999999e+02   1.4395455932617199e+02
   1.3680000000000001e+02   6.6683120727539098e+00
   1.3700000000000000e+02   2.0977810668945301e+02
   1.3780000000000001e+02   9.7205238342285192e+00
   1.3790000000000001e+02   2.6075430297851602e+02
   1.3800000000000000e+02   1.8460937500000000e+02
   1.3869999999999999e+02   2.4944339752197301e+01
   1.3880000000000001e+02   5.7197559356689503e+01
   1.3900000000000000e+02   1.2458135986328099e+02
   1.3909999999999999e+02   4.3770454406738303e+01
   1.4000000000000000e+02   1.1554782714843800e+03
   1.4009999999999999e+02   8.4252893066406295e+02
   1.4090000000000001e+02   1.8086886596679699e+02
   1.4100000000000000e+02   2.2716860961914099e+02
   1.4109999999999999e+02   8.6466690063476605e+01
   1.4130000000000001e+02   8.1876277923584002e+00
   1.4190000000000001e+02   5.3374401092529297e+01
   1.4200000000000000e+02   5.0938427734375000e+02
   1.4219999999999999e+02   9.8688331604003906e+01
   1.4290000000000001e+02   7.3366920471191406e+01
   1.4300000000000000e+02   5.6512268066406295e+02
   1.4309999999999999e+02   1.3174359130859401e+02
   1.4400000000000000e+02   1.3953732910156300e+03
   1.4409999999999999e+02   8.3174023437500000e+02
   1.4490000000000001e+02   6.0248451232910199e+01
   1.4500000000000000e+02   4.8750518798828102e+02
   1.4519999999999999e+02   6.1850749969482401e+01
   1.4609999999999999e+02   3.9157468261718800e+03
   1.4690000000000001e+02   3.9037303924560497e+01
   1.4700000000000000e+02   4.7964337158203102e+02
   1.4759999999999999e+02   8.2683200836181605e+00
   1.4800000000000000e+02   1.1651664733886700e+02
   1.4809999999999999e+02   1.0799465179443401e+02
   1.4830000000000001e+02   1.7226131439208999e+01
   1.4890000000000001e+02   6.4205741882324205e+01
   1.4900000000000000e+02   2.8912158203125000e+02
   1.4909999999999999e+02   9.9922286987304702e+01
   1.4990000000000001e+02   1.3878372192382801e+02
   1.5009999999999999e+02   3.1844360351562500e+02
   1.5080000000000001e+02   1.2827891349792500e+01
   1.5090000000000001e+02   4.6165111541747997e+01
   1.5109999999999999e+02   7.4090415954589801e+01
   1.5180000000000001e+02   2.1171131134033200e+01
   1.5190000000000001e+02   1.9764566040039099e+02
   1.5209999999999999e+02   1.2040794372558599e+02
   1.5280000000000001e+02   1.1867509841918899e+01
   1.5300000000000000e+02   5.5649890899658203e+01
   1.5309999999999999e+02   1.1398964843750000e+03
   1.5319999999999999e+02   1.1675175476074200e+02
   1.5409999999999999e+02   1.0907469726562500e+04
   1.5500000000000000e+02   5.0662292480468800e+01
   1.5509999999999999e+02   2.2341301269531300e+03
   1.5590000000000001e+02   2.0830032348632798e+01
   1.5600000000000000e+02   1.1553206787109400e+03
   1.5609999999999999e+02   1.5767648315429699e+02
   1.5700000000000000e+02   5.0816143798828102e+02
   1.5719999999999999e+02   9.5758735656738295e+01
   1.5809999999999999e+02   6.1273349609375000e+03
   1.5900000000000000e+02   2.6778745117187500e+03
   1.5909999999999999e+02   2.7525512695312500e+02
   1.6009999999999999e+02   2.4149875488281300e+03
   1.6090000000000001e+02   1.8755619049072301e+01
   1.6100000000000000e+02   2.0734371948242199e+02
   1.6119999999999999e+02   1.0635417175293000e+02
   1.6180000000000001e+02   2.0446197509765600e+01
   1.6190000000000001e+02   8.9116134643554702e+01
   1.6209999999999999e+02   1.0379184722900401e+02
   1.6500000000000000e+02   3.4217906951904297e+01
   1.6509999999999999e+02   2.4800495147705099e+01
   1.6600000000000000e+02   2.7069686889648398e+01
   1.6690000000000001e+02   9.6956748962402308e+00
   1.6709999999999999e+02   5.1830078125000000e+01
   1.6780000000000001e+02   2.8059432983398398e+01
   1.6800000000000000e+02   8.1301475524902301e+01
   1.6809999999999999e+02   3.4479705810546903e+01
   1.6890000000000001e+02   2.8734951019287099e+01
   1.6909999999999999e+02   6.0479942321777301e+01
   1.6909999999999999e+02   4.2244426727294901e+01
   1.7000000000000000e+02   2.5028361511230500e+02
   1.7009999999999999e+02   3.3528244018554699e+02
   1.7080000000000001e+02   7.6884910583496094e+01
   1.7100000000000000e+02   1.9544712829589801e+02
   1.7109999999999999e+02   1.1080588531494099e+02
   1.7200000000000000e+02   1.9657283020019500e+02
   1.7209999999999999e+02   1.5042181396484401e+02
   1.7300000000000000e+02   1.2462757873535200e+02
   1.7309999999999999e+02   1.7196424865722699e+02
   1.7390000000000001e+02   6.3967090606689503e+01
   1.7409999999999999e+02   6.0308067321777301e+01
   1.7500000000000000e+02   8.0241413116455096e+00
   1.7600000000000000e+02   2.5552097320556602e+01
   1.7609999999999999e+02   4.3530876159667997e+01
   1.7709999999999999e+02   3.0650440216064499e+01
   1.7780000000000001e+02   3.2411979675292997e+01
   1.7800000000000000e+02   1.4351287841796900e+01
   1.7809999999999999e+02   1.0100065612793000e+02
   1.7990000000000001e+02   1.1258030891418500e+01
   1.8009999999999999e+02   8.9964199066162092e+00
   1.8100000000000000e+02   1.9852291107177699e+01
   1.8169999999999999e+02   1.0070213317871101e+01
   1.8180000000000001e+02   1.9490749359130898e+01
   1.8200000000000000e+02   1.0425778961181599e+02
   1.8219999999999999e+02   2.9341125488281300e+01
   1.8300000000000000e+02   4.0158454895019503e+01
   1.8319999999999999e+02   2.2524089813232401e+01
   1.8400000000000000e+02   4.3696502685546898e+02
   1.8409999999999999e+02   3.9506463623046898e+02
   1.8480000000000001e+02   3.2620918273925803e+01
   1.8500000000000000e+02   4.4969451904296898e+02
   1.8509999999999999e+02   1.5316348266601599e+02
   1.8609999999999999e+02   3.7372297363281300e+03
   1.8609999999999999e+02   5.4163421630859398e+02
   1.8709999999999999e+02   1.7659394531250000e+04
   1.8809999999999999e+02   1.5015938720703100e+03
   1.8809999999999999e+02   1.2281623535156300e+03
   1.8890000000000001e+02   2.9809665679931602e+01
   1.8909999999999999e+02   7.9198449707031295e+02
   1.8980000000000001e+02   1.5166000366210900e+01
   1.9000000000000000e+02   1.0953952636718800e+03
   1.9090000000000001e+02   8.6135320663452095e+00
   1.9100000000000000e+02   1.9385688781738301e+02
   1.9190000000000001e+02   2.5458948135376001e+01
   1.9209999999999999e+02   2.4554595947265600e+01
   1.9219999999999999e+02   9.0481891632080096e+00
   1.9419999999999999e+02   9.1291332244872994e+00
   1.9590000000000001e+02   9.0035438537597692e+00
   1.9609999999999999e+02   9.0550870895385707e+00
   1.9700000000000000e+02   1.3423582458496099e+02
   1.9709999999999999e+02   2.4527017211914099e+02
   1.9719999999999999e+02   3.6841388702392599e+01
   1.9780000000000001e+02   9.1167182922363299e+00
   1.9809999999999999e+02   5.5541065216064503e+01
   1.9819999999999999e+02   4.5920955657958999e+01
   1.9880000000000001e+02   2.6031097412109400e+01
   1.9900000000000000e+02   8.6289234161377006e+00
   1.9990000000000001e+02   1.3727409362793001e+01
   2.0009999999999999e+02   3.4231304168701200e+01
   2.0109999999999999e+02   3.0828557968139599e+01
   2.0190000000000001e+02   3.3805328369140597e+01
   2.0200000000000000e+02   5.0679522705078102e+02
   2.0209999999999999e+02   6.6682550048828102e+02
   2.0290000000000001e+02   4.6535270690917997e+01
   2.0300000000000000e+02   6.3274578094482401e+01
   2.0309999999999999e+02   9.6277610778808594e+01
   2.0330000000000001e+02   9.2000961303710902e+00
   2.0390000000000001e+02   1.7372863769531300e+01
   2.0390000000000001e+02   2.3236902236938501e+01
   2.0400000000000000e+02   2.1267123413085901e+02
   2.1080000000000001e+02   1.4443695068359400e+01
   2.1100000000000000e+02   1.0027902221679700e+02
   2.1219999999999999e+02   1.9587532043456999e+01
   2.1290000000000001e+02   1.6617015838623001e+01
   2.1309999999999999e+02   3.3800189971923800e+01
   2.1319999999999999e+02   8.3194990158081108e+00
   2.1380000000000001e+02   1.3286552429199199e+01
   2.1400000000000000e+02   7.0336372375488295e+01
   2.1409999999999999e+02   6.3442779541015597e+01
   2.1419999999999999e+02   1.5158143997192401e+01
   2.1500000000000000e+02   4.1052801513671898e+02
   2.1509999999999999e+02   1.4496463012695301e+02
   2.1590000000000001e+02   1.1993503570556600e+01
   2.1600000000000000e+02   2.4157812500000000e+02
   2.1619999999999999e+02   1.1801065444946300e+01
   2.1690000000000001e+02   5.5196838378906303e+00
   2.1700000000000000e+02   9.8959487915039105e+01
   2.1790000000000001e+02   9.9998340606689506e+00
   2.1800000000000000e+02   1.4068166732788100e+01
   2.1900000000000000e+02   1.1631619262695300e+02
   2.1909999999999999e+02   4.0511053466796898e+02
   2.2000000000000000e+02   5.5078208923339801e+01
   2.2009999999999999e+02   6.9492927551269503e+01
   2.2490000000000001e+02   9.8493442535400408e+00
   2.2709999999999999e+02   1.8359970092773398e+01
   2.2800000000000000e+02   8.8183395385742202e+01
   2.2819999999999999e+02   2.5502035140991200e+01
   2.2890000000000001e+02   1.9228086471557599e+01
   2.2919999999999999e+02   3.3109733581542997e+01
   2.3000000000000000e+02   4.2685272216796898e+02
   2.3009999999999999e+02   4.4528067016601602e+02
   2.3090000000000001e+02   1.5017039299011200e+01
   2.3100000000000000e+02   1.8872885131835901e+02
   2.3109999999999999e+02   1.2420291900634800e+02
   2.3200000000000000e+02   1.7235998153686499e+01
   2.3209999999999999e+02   7.6689696311950701e+00
   2.3290000000000001e+02   4.3780319213867202e+01
   2.3300000000000000e+02   7.9636735916137704e+00
   2.3680000000000001e+02   3.0414733886718800e+01
   2.3690000000000001e+02   1.4476043701171900e+01
   2.3709999999999999e+02   4.4310464859008798e+00
   2.4019999999999999e+02   9.3136243820190394e+00
   2.4090000000000001e+02   1.3981245040893601e+01
   2.4100000000000000e+02   2.1819326400756800e+01
   2.4180000000000001e+02   4.0212913513183601e+01
   2.4200000000000000e+02   2.2417451477050801e+02
   2.4219999999999999e+02   6.9614356994628906e+01
   2.4309999999999999e+02   7.4846474609375000e+03
   2.4409999999999999e+02   1.3997089843750000e+03
   2.4409999999999999e+02   9.8647772216796898e+02
   2.4490000000000001e+02   2.4993349075317401e+01
   2.4500000000000000e+02   3.2450039672851602e+02
   2.4519999999999999e+02   2.9855972290039102e+02
   2.4600000000000000e+02   1.3939445495605500e+02
   2.4609999999999999e+02   5.7816754150390602e+02
   2.4619999999999999e+02   4.1436920166015602e+02
   2.4700000000000000e+02   3.5585563659667997e+01
   2.4709999999999999e+02   3.8967890625000000e+03
   2.4719999999999999e+02   4.4443914794921898e+02
   2.4730000000000001e+02   4.3415222167968800e+01
   2.4809999999999999e+02   8.1244769287109398e+02
   2.4869999999999999e+02   8.1513996124267596e+00
   2.4890000000000001e+02   1.6136020660400401e+01
   2.4909999999999999e+02   2.5588001251220700e+01
   2.5500000000000000e+02   8.3075637817382795e+00
   2.7089999999999998e+02   2.8935413360595700e+01
   2.7100000000000000e+02   1.7149411010742199e+02
   2.7110000000000002e+02   3.0956231689453102e+02
   2.7119999999999999e+02   8.5882369995117202e+01
   2.7189999999999998e+02   1.1051294326782200e+01
   2.7210000000000002e+02   3.6767436981201200e+01
   2.7219999999999999e+02   5.5133594512939503e+01
   2.7280000000000001e+02   1.8566122055053700e+01
   2.7310000000000002e+02   2.9201038360595700e+01
   2.7410000000000002e+02   6.2038714599609398e+02
   2.7419999999999999e+02   4.5497021484375000e+02
   2.7519999999999999e+02   5.2464467773437500e+03
   2.7530000000000001e+02   3.6246166229247997e+01
   2.7600000000000000e+02   3.4175483703613303e+01
   2.7610000000000002e+02   1.0308562011718800e+03
   2.7619999999999999e+02   8.4837379455566406e+01
   2.7700000000000000e+02   7.7018234252929702e+01
   2.7719999999999999e+02   2.0418032836914099e+02
   2.7739999999999998e+02   1.4237203598022500e+01
   2.7900000000000000e+02   9.3154277801513707e+00
   2.7910000000000002e+02   2.5755020141601602e+02
   2.7919999999999999e+02   3.1301077270507801e+02
   2.8000000000000000e+02   2.1272848129272500e+01
   2.8019999999999999e+02   4.3156669616699197e+01
   2.8889999999999998e+02   1.0624301910400400e+01
   2.8910000000000002e+02   7.8299398422241202e+00
   2.9300000000000000e+02   6.0619974136352504e+00
   3.0089999999999998e+02   3.1083902359008800e+01
   3.0110000000000002e+02   8.8417396545410192e+00
   3.0130000000000001e+02   2.6853725433349599e+01
   3.0150000000000000e+02   2.5823513031005898e+01
   3.0169999999999999e+02   9.5452547073364293e+00
   3.0189999999999998e+02   4.9806224822997997e+01
   3.0210000000000002e+02   1.3762585449218801e+02
   3.0219999999999999e+02   1.1286491394043000e+02
   3.0319999999999999e+02   7.3317046875000000e+04
   3.0419999999999999e+02   1.4860354492187500e+04
   3.0519999999999999e+02   1.5473077392578100e+03
   3.0530000000000001e+02   2.5787869262695301e+02
   3.0589999999999998e+02   1.1962378501892101e+01
   3.0610000000000002e+02   7.6389274597167997e+01
   3.0630000000000001e+02   4.9164409637451200e+01
   3.0900000000000000e+02   9.2359762191772496e+00
   3.3500000000000000e+02   3.2136054992675803e+01
   3.3519999999999999e+02   1.6042441406250000e+03
   3.3589999999999998e+02   3.2190067291259801e+01
   3.3600000000000000e+02   6.6168685913085895e+01
   3.3610000000000002e+02   1.5639372253418000e+02
   3.3619999999999999e+02   1.8303671264648401e+02
   3.3689999999999998e+02   8.0790424346923793e+00
   3.3730000000000001e+02   2.3593294143676800e+01
   3.6310000000000002e+02   8.7141975402832003e+01
   3.6330000000000001e+02   4.9017475128173800e+01
   3.6330000000000001e+02   4.6365196228027301e+01
   3.6410000000000002e+02   9.4598245620727504e+00
   3.9200000000000000e+02   2.2515834808349599e+01
   3.9219999999999999e+02   1.1216847991943401e+02
   3.9230000000000001e+02   8.4117908477783203e+00
   3.9330000000000001e+02   1.0887651443481399e+01
