   4.0100000000000001e+01   8.2220039367675795e+01
   4.1100000000000001e+01   2.5523835449218800e+03
   4.2000000000000000e+01   6.4035004882812500e+03
   4.3000000000000000e+01   1.0353924560546900e+03
   4.4000000000000000e+01   2.5998422851562500e+03
   4.5000000000000000e+01   2.9067077636718800e+01
   4.5100000000000001e+01   4.0121017456054702e+01
   4.9899999999999999e+01   1.8983444213867199e+02
   5.0000000000000000e+01   1.5681303405761699e+02
   5.0899999999999999e+01   3.9499591827392599e+01
   5.1000000000000000e+01   1.1729924316406300e+03
   5.2000000000000000e+01   2.6976818847656301e+02
   5.2100000000000001e+01   7.5528923034667997e+01
   5.2200000000000003e+01   5.1562244415283203e+01
   5.2899999999999999e+01   3.9993186950683601e+01
   5.3000000000000000e+01   4.9805673217773398e+02
   5.3799999999999997e+01   1.1039991378784199e+01
   5.4000000000000000e+01   2.5399267578125000e+02
   5.4100000000000001e+01   1.7129228210449199e+02
   5.4899999999999999e+01   6.1686592102050803e+01
   5.5000000000000000e+01   7.8558630371093795e+02
   5.5100000000000001e+01   6.2990130615234398e+02
   5.6000000000000000e+01   5.4010278320312500e+02
   5.6100000000000001e+01   6.1431378173828102e+02
   5.7000000000000000e+01   9.8188085937500000e+03
   5.7899999999999999e+01   9.3920799255371094e+01
   5.8000000000000000e+01   1.0263663330078100e+03
   5.8799999999999997e+01   1.6904483795166001e+01
   5.8899999999999999e+01   2.6965827941894499e+01
   5.9100000000000001e+01   9.2811576843261705e+01
   6.1000000000000000e+01   1.0398649215698200e+01
   6.1899999999999999e+01   1.6030755996704102e+01
   6.2000000000000000e+01   8.3619171142578097e+01
   6.2100000000000001e+01   2.2160251617431602e+01
   6.2899999999999999e+01   6.1121691894531295e+02
   6.3899999999999999e+01   9.8060173034667997e+01
   6.4000000000000000e+01   2.6200640869140602e+02
   6.4099999999999994e+01   2.7862880706787099e+01
   6.5000000000000000e+01   5.3789294433593795e+02
   6.5099999999999994e+01   2.1325847167968800e+03
   6.5900000000000006e+01   1.1884082031250000e+02
   6.6000000000000000e+01   4.8064157104492199e+02
   6.6799999999999997e+01   3.4184951782226598e+01
   6.7000000000000000e+01   8.8509515380859398e+02
   6.7099999999999994e+01   2.4206502914428700e+01
   6.7900000000000006e+01   1.9177452087402301e+01
   6.8000000000000000e+01   1.2702126464843800e+03
   6.8099999999999994e+01   1.2753999328613300e+02
   6.9000000000000000e+01   1.4143684082031300e+03
   7.0000000000000000e+01   1.3809570312500000e+02
   7.0099999999999994e+01   1.2934514160156300e+03
   7.1000000000000000e+01   1.8979580688476599e+02
   7.1099999999999994e+01   3.2785926818847699e+01
   7.1200000000000003e+01   3.4945552825927699e+01
   7.1799999999999997e+01   2.5739139556884801e+01
   7.1900000000000006e+01   2.8194480895996101e+01
   7.3799999999999997e+01   2.9484697341918899e+01
   7.4000000000000000e+01   9.3986587524414105e+01
   7.4799999999999997e+01   1.2456512451171900e+01
   7.4900000000000006e+01   1.7590505981445301e+02
   7.5000000000000000e+01   2.3240142822265600e+01
   7.5099999999999994e+01   3.5476993560791001e+01
   7.6000000000000000e+01   2.9108944702148398e+02
   7.6099999999999994e+01   1.6081410217285199e+02
   7.7000000000000000e+01   8.2764472656250000e+03
   7.8000000000000000e+01   1.7452836914062500e+03
   7.8200000000000003e+01   4.6390766143798800e+01
   7.9000000000000000e+01   3.0572263183593800e+03
   7.9900000000000006e+01   5.9019207000732401e+01
   8.0000000000000000e+01   5.6376245117187500e+02
   8.0900000000000006e+01   2.5162733078002901e+01
   8.1000000000000000e+01   7.1191113281250000e+02
   8.2000000000000000e+01   3.9917041015625000e+02
   8.2099999999999994e+01   6.1134210205078102e+02
   8.3000000000000000e+01   3.6849008178710898e+02
   8.4000000000000000e+01   5.5633526611328102e+02
   8.4099999999999994e+01   1.0027136840820300e+03
   8.5000000000000000e+01   5.8595687866210902e+01
   8.5900000000000006e+01   1.1159699440002401e+01
   8.8799999999999997e+01   2.8471696853637699e+01
   8.9000000000000000e+01   3.4751477050781301e+02
   8.9099999999999994e+01   2.2569987487793000e+02
   8.9799999999999997e+01   8.3739212036132798e+01
   9.0099999999999994e+01   2.1491629028320301e+02
   9.0200000000000003e+01   2.0725344848632801e+02
   9.1000000000000000e+01   1.1449640625000000e+04
   9.1900000000000006e+01   5.0695014953613303e+01
   9.2000000000000000e+01   1.6100179443359400e+03
   9.3000000000000000e+01   3.4348632812500000e+03
   9.3900000000000006e+01   4.0912188720703102e+02
   9.4000000000000000e+01   1.1416148681640600e+03
   9.5000000000000000e+01   2.5821319580078102e+02
   9.5200000000000003e+01   5.4821166992187500e+01
   9.5700000000000003e+01   1.1587341308593800e+01
   9.5900000000000006e+01   1.8511648178100600e+01
   9.6000000000000000e+01   1.0297636718750000e+03
   9.6200000000000003e+01   9.3533515930175795e+01
   9.7000000000000000e+01   2.7244377136230501e+01
   9.7099999999999994e+01   1.0433492279052700e+02
   9.7200000000000003e+01   1.2952843666076699e+01
   9.8000000000000000e+01   3.3335882568359398e+02
   9.8099999999999994e+01   5.1454990386962898e+01
   1.0120000000000000e+02   1.7184957504272500e+01
   1.0200000000000000e+02   1.2169532775878901e+02
   1.0209999999999999e+02   2.8104232788085898e+02
   1.0290000000000001e+02   9.8061058044433594e+01
   1.0300000000000000e+02   2.6479033203125000e+03
   1.0390000000000001e+02   9.6566825866699205e+01
   1.0400000000000000e+02   4.1121967773437500e+03
   1.0509999999999999e+02   9.5118779296875000e+03
   1.0600000000000000e+02   6.5732336425781295e+02
   1.0600000000000000e+02   1.2083649902343800e+03
   1.0690000000000001e+02   1.2506644439697300e+02
   1.0700000000000000e+02   1.2264006042480500e+02
   1.0709999999999999e+02   7.7909896850585895e+01
   1.0790000000000001e+02   2.1955236434936499e+01
   1.0800000000000000e+02   2.0626283264160199e+02
   1.0809999999999999e+02   4.9927224731445301e+02
   1.0900000000000000e+02   1.1496552276611300e+02
   1.0909999999999999e+02   5.1330010986328102e+02
   1.1009999999999999e+02   4.3478940429687500e+03
   1.1100000000000000e+02   4.2867483520507801e+02
   1.1120000000000000e+02   1.1330740356445300e+02
   1.1190000000000001e+02   6.5424339294433594e+01
   1.1209999999999999e+02   3.0173867797851602e+02
   1.1290000000000001e+02   1.1281255722045900e+01
   1.1500000000000000e+02   3.1292526245117199e+02
   1.1509999999999999e+02   1.9674235534668000e+02
   1.1580000000000000e+02   8.2220085144042997e+01
   1.1600000000000000e+02   1.2718428039550800e+02
   1.1609999999999999e+02   6.0048011779785199e+01
   1.1630000000000000e+02   1.4422245025634799e+01
   1.1690000000000001e+02   1.0656533813476599e+02
   1.1709999999999999e+02   1.6704591064453100e+03
   1.1800000000000000e+02   3.2519533691406300e+03
   1.1890000000000001e+02   2.9167001724243200e+01
   1.1900000000000000e+02   1.1944862060546900e+03
   1.2000000000000000e+02   2.6155822753906301e+02
   1.2009999999999999e+02   3.9382681274414102e+02
   1.2100000000000000e+02   2.6783763885498001e+01
   1.2109999999999999e+02   6.5322273254394503e+01
   1.2200000000000000e+02   1.0902859687805201e+01
   1.2220000000000000e+02   1.3824713706970201e+01
   1.2400000000000000e+02   2.5627790451049801e+01
   1.2680000000000000e+02   1.1587722778320300e+01
   1.2809999999999999e+02   2.1383122253418000e+02
   1.2890000000000001e+02   1.7867697143554699e+02
   1.2919999999999999e+02   1.1585782051086399e+01
   1.2930000000000001e+02   1.9715501785278299e+01
   1.3000000000000000e+02   3.2632634277343800e+03
   1.3109999999999999e+02   2.1665808105468800e+03
   1.3209999999999999e+02   5.9425830078125000e+03
   1.3300000000000000e+02   3.5091864013671898e+02
   1.3309999999999999e+02   8.3743176269531295e+02
   1.3409999999999999e+02   7.0784851074218795e+02
   1.3509999999999999e+02   2.4046682357788100e+01
   1.3690000000000001e+02   2.4106979370117201e+00
   1.3700000000000000e+02   1.3232348632812500e+02
   1.4100000000000000e+02   2.5220552444458001e+01
   1.4200000000000000e+02   1.0605505943298301e+01
   1.4300000000000000e+02   2.0204254150390599e+02
   1.4390000000000001e+02   2.4337499618530298e+01
   1.4400000000000000e+02   1.5534046630859400e+03
   1.4490000000000001e+02   1.4197611999511699e+02
   1.4509999999999999e+02   7.6072845458984398e+02
   1.4519999999999999e+02   7.9802001953125000e+01
   1.4609999999999999e+02   1.3194991455078100e+03
   1.4700000000000000e+02   9.2672653198242202e+01
   1.4709999999999999e+02   1.2648031616210901e+02
   1.4719999999999999e+02   1.4061924934387200e+01
   1.4800000000000000e+02   9.9326034545898395e+01
   1.4809999999999999e+02   2.3901335144043000e+02
   1.4819999999999999e+02   1.6259119033813501e+01
   1.4890000000000001e+02   6.2266307830810497e+01
   1.4900000000000000e+02   2.9243435668945301e+02
   1.4909999999999999e+02   9.4712089538574205e+01
   1.5000000000000000e+02   1.2182822418212901e+02
   1.5009999999999999e+02   6.3032485961914098e+01
   1.5100000000000000e+02   1.2174799919128400e+01
   1.5300000000000000e+02   2.1187211608886699e+02
   1.5309999999999999e+02   6.0722175598144503e+01
   1.5380000000000001e+02   1.9260383605956999e+01
   1.5409999999999999e+02   4.5871879577636697e+01
   1.5490000000000001e+02   1.2654602050781300e+01
   1.5580000000000001e+02   1.6859888076782202e+01
   1.5600000000000000e+02   1.2001653289794901e+02
   1.5609999999999999e+02   6.2066307067871101e+01
   1.5690000000000001e+02   7.7299194335937500e+01
   1.5709999999999999e+02   7.7714179992675795e+01
   1.5800000000000000e+02   2.3903744506835901e+02
   1.5809999999999999e+02   2.8827557373046898e+02
   1.5819999999999999e+02   8.1013298034667997e+01
   1.5890000000000001e+02   2.2467956542968801e+02
   1.5909999999999999e+02   7.1961639404296898e+02
   1.5919999999999999e+02   2.9634807586669901e+01
   1.6009999999999999e+02   1.5498845703125000e+04
   1.6100000000000000e+02   2.2182006835937500e+02
   1.6109999999999999e+02   1.8187816162109400e+03
   1.6180000000000001e+02   1.3423476219177200e+01
   1.6200000000000000e+02   9.3645225524902301e+01
   1.6209999999999999e+02   1.0367684173584000e+02
   1.6690000000000001e+02   1.5196548461914100e+01
   1.6709999999999999e+02   1.1252358436584499e+01
   1.6980000000000001e+02   1.6883581161498999e+01
   1.6990000000000001e+02   3.1040019989013700e+01
   1.7000000000000000e+02   5.8629348754882798e+01
   1.7009999999999999e+02   1.0349939727783200e+02
   1.7090000000000001e+02   1.2881677627563500e+01
   1.7100000000000000e+02   7.1603805541992202e+01
   1.7119999999999999e+02   1.8013648986816399e+01
   1.7209999999999999e+02   1.4693059082031300e+03
   1.7300000000000000e+02   2.9413250732421898e+02
   1.7309999999999999e+02   1.6230413818359401e+02
   1.7390000000000001e+02   4.1976436614990199e+01
   1.7409999999999999e+02   8.6193164062500000e+02
   1.7490000000000001e+02   4.3761531829833999e+01
   1.7509999999999999e+02   9.7097877502441406e+01
   1.8109999999999999e+02   1.0137409210205099e+01
   1.8209999999999999e+02   4.1594684600830099e+01
   1.8390000000000001e+02   1.2790654754638700e+02
   1.8400000000000000e+02   1.3020768737793000e+02
   1.8409999999999999e+02   3.9595558166503899e+01
   1.8500000000000000e+02   1.1405519485473601e+01
   1.8509999999999999e+02   4.0196453094482401e+01
   1.8580000000000001e+02   1.3882472038269000e+01
   1.8609999999999999e+02   2.7538055419921898e+02
   1.8700000000000000e+02   4.6894382476806598e+01
   1.8709999999999999e+02   1.1530388641357401e+02
   1.8719999999999999e+02   7.0297996520996094e+01
   1.8790000000000001e+02   3.5707080841064503e+01
   1.9600000000000000e+02   5.2050975799560497e+01
   1.9619999999999999e+02   1.4480245590210000e+01
   1.9700000000000000e+02   2.6924657821655298e+01
   1.9780000000000001e+02   3.0506845474243200e+01
   1.9800000000000000e+02   1.7150363159179699e+02
   1.9809999999999999e+02   5.8891656494140602e+02
   1.9890000000000001e+02   2.4076601028442401e+01
   1.9909999999999999e+02   4.0385711669921898e+02
   1.9980000000000001e+02   1.6494699478149400e+01
   2.0009999999999999e+02   9.4206475830078102e+02
   2.0019999999999999e+02   1.4160014152526900e+01
   2.0100000000000000e+02   2.4303170776367199e+02
   2.0109999999999999e+02   6.8642938232421898e+02
   2.0190000000000001e+02   3.2468265533447301e+01
   2.0200000000000000e+02   3.5194577026367199e+02
   2.0209999999999999e+02   1.0107883300781300e+03
   2.0309999999999999e+02   9.2501806640625000e+03
   2.0409999999999999e+02   2.7881301879882801e+02
   2.0419999999999999e+02   1.0905694580078100e+03
   2.0500000000000000e+02   2.8753255844116200e+01
   2.0509999999999999e+02   4.0366142272949197e+01
   2.1100000000000000e+02   1.8830577850341800e+01
   2.1409999999999999e+02   1.0439663887023899e+01
   2.1419999999999999e+02   3.2577323913574197e+01
   2.1490000000000001e+02   1.0678674316406300e+02
   2.1509999999999999e+02   7.8196136474609403e+01
   2.1519999999999999e+02   3.2083873748779297e+01
   2.1609999999999999e+02   7.3733833007812500e+03
   2.1690000000000001e+02   1.3999177932739300e+01
   2.1709999999999999e+02   4.0192645263671898e+02
   2.1709999999999999e+02   8.0408178710937500e+02
   2.1809999999999999e+02   4.3224040985107401e+01
   2.1819999999999999e+02   3.0289079666137699e+01
   2.3000000000000000e+02   1.2622142791748001e+01
   2.3009999999999999e+02   3.9905265808105497e+01
   2.3280000000000001e+02   1.1836464881896999e+01
   2.3300000000000000e+02   1.2688890457153301e+01
   2.3700000000000000e+02   3.2715690612792997e+01
   2.3709999999999999e+02   1.3178984642028800e+01
   2.4109999999999999e+02   5.0128196716308601e+01
   2.4309999999999999e+02   4.9411270141601598e+01
   2.5710000000000002e+02   7.5406944274902301e+01
   2.5719999999999999e+02   2.4970476150512699e+01
   2.5750000000000000e+02   2.8914150238037099e+01
   2.5769999999999999e+02   1.5359320640564000e+01
   2.5810000000000002e+02   5.2647575378417997e+01
   2.5819999999999999e+02   9.4927780151367202e+01
   2.5919999999999999e+02   2.8947025390625000e+04
   2.6019999999999999e+02   5.2658515625000000e+03
   2.6110000000000002e+02   3.5788189697265602e+02
   2.6130000000000001e+02   1.2462168121337901e+02
   2.9310000000000002e+02   4.9284927368164098e+01
   2.9319999999999999e+02   1.1067821502685501e+01
   3.4810000000000002e+02   1.0473524093627899e+01
   3.4819999999999999e+02   8.7704627990722699e+01
   3.5119999999999999e+02   1.4639208793640099e+01
