   4.0100000000000001e+01   4.0827059936523398e+02
   4.1100000000000001e+01   1.0783181640625000e+04
   4.2100000000000001e+01   6.9525488281250000e+03
   4.3000000000000000e+01   1.3399121093750000e+02
   4.3000000000000000e+01   9.5942559814453102e+02
   4.4000000000000000e+01   2.4846445312500000e+03
   4.5000000000000000e+01   1.5715070724487299e+01
   4.5100000000000001e+01   1.1531254768371600e+01
   4.8899999999999999e+01   1.1053534507751500e+01
   4.9899999999999999e+01   4.4874294281005902e+01
   5.0000000000000000e+01   3.1029595947265602e+02
   5.0100000000000001e+01   3.6517112731933601e+01
   5.1000000000000000e+01   1.1028568115234400e+03
   5.1100000000000001e+01   2.0535791015625000e+02
   5.2000000000000000e+01   3.9711584472656301e+02
   5.2100000000000001e+01   8.8400878906250000e+01
   5.3000000000000000e+01   3.4180197143554699e+02
   5.3100000000000001e+01   1.6916340637207000e+02
   5.4000000000000000e+01   6.6369238281250000e+02
   5.5000000000000000e+01   1.5755356445312500e+03
   5.5899999999999999e+01   2.1677282333373999e+01
   5.6000000000000000e+01   1.1424660644531300e+03
   5.7000000000000000e+01   8.2514898681640602e+02
   5.7100000000000001e+01   1.0701804161071800e+01
   5.7899999999999999e+01   6.6346466064453097e+01
   5.8000000000000000e+01   5.0498146057128899e+01
   5.8299999999999997e+01   1.5363083839416500e+01
   5.8799999999999997e+01   5.0912704467773402e+01
   5.9000000000000000e+01   2.3659042358398398e+01
   5.9200000000000003e+01   1.1997583389282200e+01
   6.1799999999999997e+01   1.0401736259460399e+01
   6.2000000000000000e+01   6.4819129943847699e+01
   6.2100000000000001e+01   9.1437377929687500e+01
   6.2899999999999999e+01   4.8754161834716797e+01
   6.3000000000000000e+01   6.2510400390625000e+02
   6.3200000000000003e+01   1.2229174613952599e+01
   6.3899999999999999e+01   8.1564178466796903e+01
   6.4099999999999994e+01   3.5200280761718801e+02
   6.5000000000000000e+01   2.8149672851562500e+03
   6.5900000000000006e+01   1.9467044067382801e+02
   6.6000000000000000e+01   3.2507208251953102e+02
   6.7000000000000000e+01   4.6630154418945301e+02
   6.7099999999999994e+01   7.4773571777343795e+02
   6.8099999999999994e+01   1.9425823974609400e+03
   6.9000000000000000e+01   2.0613228515625000e+04
   7.0000000000000000e+01   2.9347861328125000e+03
   7.0900000000000006e+01   1.0958954811096200e+01
   7.1000000000000000e+01   2.7001107788085898e+02
   7.2000000000000000e+01   1.4157744407653800e+01
   7.2900000000000006e+01   1.2511859893798800e+01
   7.3900000000000006e+01   5.9951301574707003e+01
   7.4000000000000000e+01   7.0092048645019503e+01
   7.5000000000000000e+01   1.4643194580078099e+02
   7.5200000000000003e+01   3.3588802337646499e+01
   7.5700000000000003e+01   1.1185849189758301e+01
   7.5900000000000006e+01   3.5547782897949197e+01
   7.6000000000000000e+01   1.9808990478515599e+02
   7.6099999999999994e+01   2.2359361267089801e+02
   7.7000000000000000e+01   8.6733867187500000e+03
   7.7900000000000006e+01   1.6158493041992199e+02
   7.8000000000000000e+01   1.7221726074218800e+03
   7.9000000000000000e+01   2.7542407226562500e+03
   8.0000000000000000e+01   4.0913870239257801e+02
   8.0099999999999994e+01   3.0812960815429699e+02
   8.0799999999999997e+01   1.3936910629272500e+01
   8.1000000000000000e+01   2.0580625915527301e+02
   8.1099999999999994e+01   9.9351036071777301e+01
   8.1900000000000006e+01   1.5410361289978001e+01
   8.2000000000000000e+01   1.3126365966796900e+03
   8.2900000000000006e+01   1.3727095031738301e+02
   8.3000000000000000e+01   1.4446701049804699e+02
   8.3200000000000003e+01   2.7349206924438501e+01
   8.3799999999999997e+01   1.3211382865905801e+01
   8.3900000000000006e+01   1.5474824523925801e+02
   8.4099999999999994e+01   2.8420684814453102e+02
   8.4099999999999994e+01   2.3756284713745099e+01
   8.5000000000000000e+01   1.6118619918823200e+01
   8.8099999999999994e+01   1.0131114959716800e+01
   8.9000000000000000e+01   5.4820922851562500e+02
   8.9099999999999994e+01   2.0514463806152301e+02
   8.9900000000000006e+01   1.7316278457641602e+01
   9.0099999999999994e+01   3.2526693725585898e+02
   9.0099999999999994e+01   2.2244035339355500e+02
   9.1000000000000000e+01   1.1657496093750000e+04
   9.2000000000000000e+01   6.5701519775390602e+02
   9.2099999999999994e+01   7.3595385742187500e+02
   9.2900000000000006e+01   9.3331871032714801e+01
   9.3000000000000000e+01   2.5955886230468800e+03
   9.3900000000000006e+01   2.2763174057006800e+01
   9.4000000000000000e+01   1.4052034912109400e+03
   9.4900000000000006e+01   1.3657717704772899e+01
   9.5000000000000000e+01   3.3781436157226602e+02
   9.5099999999999994e+01   5.6080535888671898e+02
   9.5200000000000003e+01   1.5178257942199700e+01
   9.6099999999999994e+01   5.8127749023437500e+03
   9.6900000000000006e+01   3.4302116394042997e+01
   9.7099999999999994e+01   7.2076910400390602e+02
   9.7200000000000003e+01   4.4233848571777301e+01
   9.8000000000000000e+01   2.9628262329101602e+02
   9.8099999999999994e+01   1.0380908203125000e+02
   1.0200000000000000e+02   1.0338660430908200e+02
   1.0209999999999999e+02   2.0891886901855500e+02
   1.0209999999999999e+02   5.9820217132568402e+01
   1.0300000000000000e+02   2.8996457519531300e+03
   1.0400000000000000e+02   3.9962458496093800e+03
   1.0500000000000000e+02   5.2076898193359398e+02
   1.0509999999999999e+02   9.3023935546875000e+03
   1.0590000000000001e+02   5.3464675903320298e+01
   1.0600000000000000e+02   1.5555993652343800e+03
   1.0680000000000000e+02   1.1579859733581500e+01
   1.0700000000000000e+02   1.2524648284912099e+02
   1.0709999999999999e+02   1.5966334342956500e+01
   1.0800000000000000e+02   1.1012958526611300e+02
   1.0900000000000000e+02   1.0900217056274400e+01
   1.0909999999999999e+02   2.2552934646606399e+01
   1.0990000000000001e+02   1.0076509475708001e+01
   1.1009999999999999e+02   1.0071088790893601e+01
   1.1020000000000000e+02   1.4566640853881800e+01
   1.1100000000000000e+02   1.7785512924194300e+01
   1.1120000000000000e+02   1.1074926376342800e+01
   1.1190000000000001e+02   3.7163688659667997e+01
   1.1209999999999999e+02   1.5616745948791500e+01
   1.1490000000000001e+02   1.2132758331298800e+02
   1.1500000000000000e+02   3.9014053344726602e+02
   1.1509999999999999e+02   1.3306784057617199e+02
   1.1580000000000000e+02   8.9719642639160199e+01
   1.1600000000000000e+02   1.4964909362793000e+02
   1.1609999999999999e+02   8.2292167663574205e+01
   1.1700000000000000e+02   1.6515277099609400e+03
   1.1800000000000000e+02   1.4790551757812500e+03
   1.1809999999999999e+02   1.6246132812500000e+03
   1.1900000000000000e+02   1.0540023193359400e+03
   1.1980000000000000e+02   4.0177585601806598e+01
   1.1990000000000001e+02   1.5811714172363301e+02
   1.2009999999999999e+02   2.7393649291992199e+02
   1.2020000000000000e+02   8.0804641723632798e+01
   1.2090000000000001e+02   1.3873659133911101e+01
   1.2690000000000001e+02   2.3727453231811499e+01
   1.2709999999999999e+02   1.2413951873779300e+01
   1.2790000000000001e+02   4.7203254699707003e+01
   1.2800000000000000e+02   1.4248648071289099e+02
   1.2869999999999999e+02   1.1544536590576200e+01
   1.2900000000000000e+02   1.4422309875488301e+02
   1.2919999999999999e+02   7.7825180053710895e+01
   1.3000000000000000e+02   4.3485786132812500e+03
   1.3100000000000000e+02   4.9940231323242199e+02
   1.3100000000000000e+02   1.9545506591796900e+03
   1.3209999999999999e+02   4.2612592773437500e+03
   1.3219999999999999e+02   1.1737590789794901e+02
   1.3300000000000000e+02   1.1062792968750000e+02
   1.3309999999999999e+02   7.4946386718750000e+02
   1.3400000000000000e+02   1.7329519653320301e+02
   1.3409999999999999e+02   2.2986068725585901e+02
   1.3490000000000001e+02   2.5486030578613299e+01
   1.3509999999999999e+02   1.1056679725646999e+01
   1.3700000000000000e+02   2.5695144653320298e+01
   1.3700000000000000e+02   1.0475053405761700e+02
   1.3880000000000001e+02   1.5453213691711399e+01
   1.3900000000000000e+02   1.4907833862304699e+02
   1.3909999999999999e+02   3.0526371002197301e+01
   1.4100000000000000e+02   1.2496814727783200e+01
   1.4109999999999999e+02   1.1960562705993700e+01
   1.4190000000000001e+02   3.8099567413330099e+01
   1.4200000000000000e+02   2.5417596817016602e+01
   1.4219999999999999e+02   1.0871928215026900e+01
   1.4290000000000001e+02   1.6337715148925801e+02
   1.4309999999999999e+02   1.7148138427734401e+02
   1.4390000000000001e+02   1.2856482505798301e+01
   1.4409999999999999e+02   1.2375000000000000e+03
   1.4500000000000000e+02   4.1961676025390602e+02
   1.4509999999999999e+02   3.6462170410156301e+02
   1.4609999999999999e+02   1.5562219726562500e+04
   1.4700000000000000e+02   6.9455108642578097e+01
   1.4709999999999999e+02   1.7000985107421900e+03
   1.4790000000000001e+02   3.5864665985107401e+01
   1.4809999999999999e+02   1.6845884704589801e+02
   1.4900000000000000e+02   1.0438885688781699e+01
   1.5419999999999999e+02   3.9601123809814503e+01
   1.5490000000000001e+02   1.2836582183837900e+01
   1.5590000000000001e+02   4.3319904327392599e+01
   1.5600000000000000e+02   1.1796915435791000e+02
   1.5619999999999999e+02   3.8456790924072301e+01
   1.5680000000000001e+02   2.6685188293456999e+01
   1.5700000000000000e+02   1.0029308319091800e+02
   1.5709999999999999e+02   4.8751544952392599e+01
   1.5730000000000001e+02   1.6409244537353501e+01
   1.5790000000000001e+02   2.0322309494018601e+01
   1.5809999999999999e+02   1.4426342773437500e+03
   1.5880000000000001e+02   1.4180373191833500e+01
   1.5900000000000000e+02   4.1435549926757801e+02
   1.5909999999999999e+02   3.1859570312500000e+02
   1.5990000000000001e+02   1.0933432769775401e+02
   1.6009999999999999e+02   8.2809735107421898e+02
   1.6019999999999999e+02   1.1408690643310500e+02
   1.6090000000000001e+02   1.8403411865234400e+01
   1.6100000000000000e+02   4.8211752319335898e+02
   1.6119999999999999e+02   1.1702989959716800e+02
   1.6190000000000001e+02   8.0176742553710895e+01
   1.6200000000000000e+02   1.0943671417236300e+02
   1.6690000000000001e+02   1.5263430595397899e+01
   1.6790000000000001e+02   1.1833060264587401e+01
   1.6909999999999999e+02   1.0476124763488800e+01
   1.6990000000000001e+02   3.5935863494872997e+01
   1.7009999999999999e+02   1.1398900985717800e+01
   1.7100000000000000e+02   1.6217613220214801e+01
   1.7119999999999999e+02   1.1112192153930700e+01
   1.7190000000000001e+02   5.5665218353271499e+01
   1.7200000000000000e+02   2.1196122741699199e+02
   1.7300000000000000e+02   8.1643997192382798e+01
   1.7309999999999999e+02   1.4773907470703099e+02
   1.7400000000000000e+02   4.8817661285400398e+01
   1.7509999999999999e+02   2.4060024261474599e+01
   1.8190000000000001e+02   1.3988184928894000e+01
   1.8319999999999999e+02   2.0814243316650401e+01
   1.8409999999999999e+02   6.3838671875000000e+02
   1.8419999999999999e+02   2.2941455841064499e+01
   1.8500000000000000e+02   4.5376113891601598e+01
   1.8509999999999999e+02   4.1618325805664102e+02
   1.8600000000000000e+02   1.2197988891601599e+02
   1.8609999999999999e+02   1.1512413330078100e+03
   1.8709999999999999e+02   1.1448753662109400e+03
   1.8719999999999999e+02   5.3442424774169901e+01
   1.8800000000000000e+02   1.2110136413574200e+02
   1.8809999999999999e+02   1.4905164794921900e+03
   1.8819999999999999e+02   2.7600860595703102e+02
   1.8840000000000001e+02   3.6267452239990199e+01
   1.8909999999999999e+02   1.6170514648437500e+04
   1.9009999999999999e+02   2.1550461425781300e+03
   1.9100000000000000e+02   1.1510673522949200e+02
   1.9119999999999999e+02   1.4711299896240201e+01
   1.9990000000000001e+02   4.0101024627685497e+01
   2.0009999999999999e+02   2.2267704010009801e+01
   2.1080000000000001e+02   7.2675619125366202e+00
   2.1090000000000001e+02   1.6102153778076200e+01
   2.1219999999999999e+02   1.1435361862182599e+01
   2.1309999999999999e+02   2.6632259368896499e+01
   2.1400000000000000e+02   2.5694375610351602e+02
   2.1409999999999999e+02   2.6745021972656300e+03
   2.1500000000000000e+02   3.2841268920898398e+02
   2.1519999999999999e+02   2.6356542968750000e+02
   2.1590000000000001e+02   5.1489215850830099e+01
   2.2800000000000000e+02   6.1507991790771499e+01
   2.2809999999999999e+02   8.8043487548828097e+01
   2.2830000000000001e+02   1.8700258255004901e+01
   2.2890000000000001e+02   1.2171749114990201e+01
   2.2909999999999999e+02   8.4170310974121094e+01
   2.2919999999999999e+02   2.7105346679687500e+01
   2.2930000000000001e+02   1.7357532501220700e+01
   2.3280000000000001e+02   2.0829118728637699e+01
   2.3680000000000001e+02   4.1418777465820298e+01
   2.3700000000000000e+02   1.8953758239746101e+01
   2.5309999999999999e+02   1.0895566940307599e+01
   2.5400000000000000e+02   1.5759438514709499e+01
   2.5419999999999999e+02   1.0336551666259799e+01
   2.5459999999999999e+02   1.3280807495117200e+01
   2.5490000000000001e+02   1.1099425315856900e+01
   2.5509999999999999e+02   2.2837837219238299e+01
   2.5519999999999999e+02   6.5335380554199205e+01
   2.5550000000000000e+02   1.5384240150451699e+01
   2.5569999999999999e+02   3.4269794464111300e+01
   2.5600000000000000e+02   5.7040302276611300e+01
   2.5619999999999999e+02   7.1063323974609403e+01
   2.5619999999999999e+02   9.6217895507812500e+01
   2.5719999999999999e+02   3.5342046875000000e+04
   2.5819999999999999e+02   6.3791269531250000e+03
   2.5900000000000000e+02   4.3814868927002003e+01
   2.5910000000000002e+02   6.1683276367187500e+02
   2.5930000000000001e+02   2.5030473709106399e+01
   2.6010000000000002e+02   2.3781887054443398e+01
   2.7910000000000002e+02   2.7051477432251001e+01
   2.7930000000000001e+02   1.7872121810913100e+01
   3.4610000000000002e+02   3.8333766937255902e+01
   3.4619999999999999e+02   2.0418846130371101e+01
   3.5019999999999999e+02   1.1746982574462900e+01
