   4.0000000000000000e+01   1.2700388908386200e+01
   4.0200000000000003e+01   8.1378593444824201e+00
   4.1000000000000000e+01   1.3917668151855500e+02
   4.1100000000000001e+01   2.9599768066406301e+02
   4.1899999999999999e+01   6.0504984855651900e+00
   4.2000000000000000e+01   7.6220599365234398e+02
   4.2100000000000001e+01   5.0524737548828102e+02
   4.3000000000000000e+01   1.1214739227294901e+02
   4.3100000000000001e+01   8.2914657592773395e+01
   4.3899999999999999e+01   1.5675558471679699e+02
   4.4000000000000000e+01   1.5550033569335901e+02
   4.9899999999999999e+01   3.3217063903808601e+01
   5.0100000000000001e+01   8.2772102355957003e+01
   5.0899999999999999e+01   8.8189666748046903e+01
   5.1000000000000000e+01   2.2944569396972699e+02
   5.1100000000000001e+01   4.5809089660644503e+01
   5.2000000000000000e+01   7.3541297912597699e+01
   5.2799999999999997e+01   7.0338616371154803e+00
   5.3000000000000000e+01   8.9840118408203097e+01
   5.3100000000000001e+01   2.1877597808837901e+01
   5.3899999999999999e+01   6.1650100708007798e+01
   5.4100000000000001e+01   3.6425655364990199e+01
   5.5000000000000000e+01   2.1661054992675801e+02
   5.5100000000000001e+01   1.8653399658203099e+02
   5.5899999999999999e+01   6.9595535278320298e+01
   5.6000000000000000e+01   1.2437973022460901e+02
   5.6100000000000001e+01   1.3245422363281300e+01
   5.6799999999999997e+01   2.4012512207031300e+01
   5.7000000000000000e+01   8.1239662170410199e+01
   5.7100000000000001e+01   1.9887229919433601e+01
   5.8000000000000000e+01   6.5692467689514196e+00
   5.9000000000000000e+01   4.7350749969482401e+01
   5.9100000000000001e+01   2.6221561431884801e+01
   6.1899999999999999e+01   6.5751013755798304e+00
   6.2799999999999997e+01   2.1012159347534201e+01
   6.2899999999999999e+01   5.0457416534423800e+01
   6.3000000000000000e+01   1.1263681030273401e+02
   6.3100000000000001e+01   1.5995349884033200e+01
   6.4000000000000000e+01   3.9591896057128899e+01
   6.4099999999999994e+01   2.8071401596069300e+01
   6.4900000000000006e+01   1.7380531311035199e+02
   6.5000000000000000e+01   6.4814819335937500e+02
   6.5799999999999997e+01   8.1937274932861293e+00
   6.6000000000000000e+01   1.2045520782470700e+02
   6.6099999999999994e+01   1.9752685546875000e+01
   6.6700000000000003e+01   6.0361633300781303e+00
   6.7000000000000000e+01   5.9526928710937500e+02
   6.7099999999999994e+01   1.2504886627197299e+01
   6.7799999999999997e+01   1.1694672584533700e+01
   6.8000000000000000e+01   2.7087283325195301e+02
   6.8099999999999994e+01   7.3727218627929702e+01
   6.8900000000000006e+01   6.8535980224609403e+01
   6.9000000000000000e+01   2.4435929870605500e+02
   6.9200000000000003e+01   7.3707580566406303e+00
   6.9900000000000006e+01   7.5233757019042997e+01
   7.0099999999999994e+01   3.4894622802734398e+02
   7.2799999999999997e+01   3.8542413711547902e-01
   7.2900000000000006e+01   4.6924076080322301e+00
   7.3099999999999994e+01   3.9982433319091801e+00
   7.3900000000000006e+01   1.4318100929260300e+01
   7.4000000000000000e+01   8.1157245635986293e+00
   7.4799999999999997e+01   6.4939837455749503e+00
   7.5000000000000000e+01   2.2210546493530298e+01
   7.5099999999999994e+01   1.7526475906372099e+01
   7.5799999999999997e+01   1.8040336608886701e+01
   7.6000000000000000e+01   3.3601264953613303e+01
   7.6099999999999994e+01   7.1807624816894503e+01
   7.7000000000000000e+01   2.1736872558593800e+03
   7.7799999999999997e+01   2.1441837310791001e+01
   7.7900000000000006e+01   2.3496180725097699e+02
   7.8000000000000000e+01   2.3166525268554699e+02
   7.8799999999999997e+01   7.0325169563293501e+00
   7.8900000000000006e+01   1.0610330963134800e+02
   7.9000000000000000e+01   3.7918597412109398e+02
   7.9099999999999994e+01   2.0946200561523401e+02
   7.9900000000000006e+01   1.9912940979003899e+01
   8.0000000000000000e+01   6.3963741302490199e+01
   8.0099999999999994e+01   6.9368911743164105e+01
   8.0200000000000003e+01   8.7873601913452095e+00
   8.0700000000000003e+01   6.1976680755615199e+00
   8.0799999999999997e+01   9.3167556762695298e+01
   8.1000000000000000e+01   4.7702468872070298e+01
   8.1799999999999997e+01   8.2232542037963903e+00
   8.1900000000000006e+01   7.8758995056152301e+01
   8.2000000000000000e+01   1.7815965270996099e+02
   8.2099999999999994e+01   3.7189327239990199e+01
   8.3000000000000000e+01   2.1631429672241200e+01
   8.3900000000000006e+01   3.7456539154052699e+01
   8.4900000000000006e+01   6.4055433273315403e+00
   8.8900000000000006e+01   4.5312725067138700e+01
   8.9000000000000000e+01   1.2432068634033200e+02
   8.9099999999999994e+01   9.4464988708496094e+00
   8.9799999999999997e+01   5.8591279983520499e+00
   9.0000000000000000e+01   2.1489440917968800e+01
   9.0099999999999994e+01   7.6393997192382798e+01
   9.0299999999999997e+01   7.1602048873901403e+00
   9.1000000000000000e+01   1.2129816894531300e+03
   9.1099999999999994e+01   1.3859711914062500e+03
   9.1799999999999997e+01   1.3540038108825700e+01
   9.1900000000000006e+01   2.6011617660522500e+01
   9.2000000000000000e+01   2.9277877807617199e+02
   9.2200000000000003e+01   7.2458672523498500e+00
   9.2799999999999997e+01   3.1352413177490199e+01
   9.3000000000000000e+01   1.1450244903564500e+02
   9.3099999999999994e+01   1.1939488220214800e+02
   9.3799999999999997e+01   1.5173939704895000e+01
   9.3900000000000006e+01   1.0451261901855500e+02
   9.4099999999999994e+01   3.0336935424804699e+02
   9.5000000000000000e+01   1.3958821289062500e+04
   9.6000000000000000e+01   1.7092474365234400e+03
   9.6099999999999994e+01   5.2887945556640602e+02
   9.6900000000000006e+01   1.0047550201416000e+02
   9.7000000000000000e+01   1.5626052856445301e+02
   9.7200000000000003e+01   1.8184810638427699e+01
   9.8000000000000000e+01   1.9894223022460901e+02
   9.8099999999999994e+01   7.1847310066223100e+00
   9.8299999999999997e+01   9.2056903839111293e+00
   1.0180000000000000e+02   9.8266229629516602e+00
   1.0200000000000000e+02   3.0537818908691399e+01
   1.0209999999999999e+02   3.9690940856933601e+01
   1.0280000000000000e+02   4.3506660461425803e+01
   1.0300000000000000e+02   3.3393731689453102e+02
   1.0309999999999999e+02   4.5156494140625000e+02
   1.0390000000000001e+02   1.0314111328125000e+02
   1.0400000000000000e+02   9.0023352050781295e+02
   1.0420000000000000e+02   1.2557849884033200e+01
   1.0490000000000001e+02   2.0092708587646499e+01
   1.0500000000000000e+02   2.0423598632812500e+03
   1.0580000000000000e+02   4.0458477020263700e+01
   1.0590000000000001e+02   1.3032420349121099e+02
   1.0600000000000000e+02   1.1321804809570300e+02
   1.0900000000000000e+02   1.0793204307556200e+01
   1.1490000000000001e+02   2.3214458465576200e+01
   1.1500000000000000e+02   1.2277640533447300e+02
   1.1509999999999999e+02   1.0390164184570300e+02
   1.1590000000000001e+02   6.7503314018249503e+00
   1.1600000000000000e+02   5.6122726440429702e+01
   1.1690000000000001e+02   7.6910118103027301e+01
   1.1700000000000000e+02   2.3751036071777301e+02
   1.1709999999999999e+02   6.1417377471923800e+01
   1.1770000000000000e+02   7.8007588386535600e+00
   1.1790000000000001e+02   2.1367869567871099e+02
   1.1800000000000000e+02   2.9888092041015602e+02
   1.1809999999999999e+02   9.8700037002563494e+00
   1.1870000000000000e+02   9.8844308853149396e+00
   1.1890000000000001e+02   5.6371311187744098e+01
   1.1909999999999999e+02   5.0064826965332003e+01
   1.1990000000000001e+02   1.4513634681701699e+01
   1.2000000000000000e+02   4.4986293792724602e+01
   1.2800000000000000e+02   3.0383213043212901e+01
   1.2809999999999999e+02   4.1566520690917997e+01
   1.2880000000000001e+02   2.0942108154296900e+01
   1.2890000000000001e+02   3.7147689819335902e+01
   1.2909999999999999e+02   1.7434518814086900e+01
   1.2990000000000001e+02   3.1891727447509801e+01
   1.3000000000000000e+02   1.1051817626953100e+03
   1.3009999999999999e+02   3.0358974456787099e+01
   1.3080000000000001e+02   1.3446794509887701e+01
   1.3100000000000000e+02   4.3300112915039102e+02
   1.3109999999999999e+02   1.5090963745117199e+02
   1.3190000000000001e+02   8.9212028503417997e+01
   1.3200000000000000e+02   7.6095245361328102e+02
   1.3209999999999999e+02   8.0355133056640597e+01
   1.3290000000000001e+02   8.8622238159179702e+01
   1.3309999999999999e+02   8.8435195922851605e+01
   1.3390000000000001e+02   1.8557329177856399e+01
   1.3690000000000001e+02   2.5857812500000000e+02
   1.3790000000000001e+02   9.7068510055541992e+00
   1.3809999999999999e+02   5.7697386741638201e+00
   1.3890000000000001e+02   8.5291032791137695e+00
   1.3909999999999999e+02   2.0917490005493200e+01
   1.4209999999999999e+02   8.6050739288330096e+00
   1.4290000000000001e+02   2.4194139480590799e+01
   1.4309999999999999e+02   4.9971977233886697e+01
   1.4390000000000001e+02   9.2763229370117202e+01
   1.4400000000000000e+02   3.1815767288208001e+01
   1.4409999999999999e+02   5.9494056701660199e+01
   1.4500000000000000e+02   9.0215616226196307e+00
   1.4509999999999999e+02   6.3811119079589801e+01
   1.4590000000000001e+02   1.0566081237793000e+02
   1.4609999999999999e+02   1.7399044799804699e+02
   1.4690000000000001e+02   1.2723784446716300e+01
   1.4809999999999999e+02   5.8806467056274396e+00
   1.5480000000000001e+02   2.3885450363159202e+00
   1.5500000000000000e+02   2.6301223754882798e+01
   1.5580000000000001e+02   9.8109798431396502e+00
   1.5600000000000000e+02   3.0317569732666001e+01
   1.5609999999999999e+02   2.7891559600830099e+01
   1.5700000000000000e+02   2.7937959671020501e+01
   1.5709999999999999e+02   1.6550212860107401e+01
   1.5780000000000001e+02   1.9758451461791999e+01
   1.5800000000000000e+02   3.8048764038085898e+02
   1.5809999999999999e+02   6.4708551025390602e+02
   1.5900000000000000e+02   2.9247454833984398e+02
   1.5909999999999999e+02   2.4089965820312500e+01
   1.5980000000000001e+02   1.0647462844848601e+01
   1.6000000000000000e+02   1.0096571350097700e+02
   1.6009999999999999e+02   9.5843338012695298e+01
   1.6780000000000001e+02   6.8336029052734402e+00
   1.6990000000000001e+02   2.7897790527343801e+02
   1.7000000000000000e+02   2.8149700927734398e+02
   1.7069999999999999e+02   7.7553091049194300e+00
   1.7100000000000000e+02   1.1664550018310500e+02
   1.7109999999999999e+02   5.7200866699218800e+01
   1.7200000000000000e+02   3.8637214660644503e+01
   1.7690000000000001e+02   9.0488061904907209e+00
   1.8200000000000000e+02   4.0159065246582003e+01
   1.8209999999999999e+02   6.4934973716735804e+00
   1.8290000000000001e+02   6.5702657699584996e+00
   1.8300000000000000e+02   6.7989950180053702e+00
   1.8390000000000001e+02   3.6889034271240199e+01
   1.8400000000000000e+02   1.7919618225097699e+02
   1.8409999999999999e+02   1.3566073608398401e+02
   1.8490000000000001e+02   5.7210697174072301e+01
   1.8500000000000000e+02   9.0297470092773395e+01
   1.8509999999999999e+02   6.3409919738769503e+01
   1.8530000000000001e+02   1.1259588241577100e+01
   1.8590000000000001e+02   2.6860280990600600e+01
   1.8600000000000000e+02   1.4230978393554699e+02
   1.8609999999999999e+02   2.2623941040039099e+02
   1.8630000000000001e+02   1.0733093261718800e+01
   1.8690000000000001e+02   8.5367881774902301e+01
   1.8709999999999999e+02   5.8666448974609398e+02
   1.8730000000000001e+02   1.0503230094909700e+01
   1.8780000000000001e+02   5.9797825813293501e+00
   1.8790000000000001e+02   6.2578170776367202e+01
   1.8800000000000000e+02   1.4313053894043000e+02
   1.8809999999999999e+02   2.6870788574218801e+02
   1.8900000000000000e+02   3.9489780426025398e+01
   1.8909999999999999e+02   3.7552101135253899e+01
   1.8919999999999999e+02   4.7245925903320298e+01
   1.9800000000000000e+02   6.3277325630187997e+00
   2.0700000000000000e+02   2.5488315582275401e+01
   2.1090000000000001e+02   5.6805877685546903e+01
   2.1190000000000001e+02   1.3393887519836399e+01
   2.1490000000000001e+02   1.6746560668945301e+02
   2.1680000000000001e+02   1.6838254928588900e+00
   2.1880000000000001e+02   4.4060989379882798e+01
   2.2000000000000000e+02   8.3807010650634801e+00
   2.3300000000000000e+02   8.5962829589843807e+01
   2.3680000000000001e+02   1.4443115234375000e+01
   2.3690000000000001e+02   3.4994720458984403e+01
   2.3780000000000001e+02   9.3169746398925799e+00
   2.3800000000000000e+02   3.0339605331420898e+01
   2.4009999999999999e+02   5.7821464843750000e+03
   2.4090000000000001e+02   7.5062240600585895e+01
   2.4109999999999999e+02   9.3938739013671898e+02
   2.4119999999999999e+02   4.1061759948730497e+01
   2.4190000000000001e+02   1.1640003204345700e+01
   2.4200000000000000e+02   3.6927631378173800e+01
   2.4209999999999999e+02   2.9431770324706999e+01
   2.7310000000000002e+02   6.3518977165222203e+00
   2.7919999999999999e+02   6.3789296150207502e+00
   2.7930000000000001e+02   6.3660631179809597e+00
   2.7950000000000000e+02   6.3551478385925302e+00
   2.8089999999999998e+02   7.2501668930053702e+00
   2.8219999999999999e+02   5.9055361747741699e+00
   2.8310000000000002e+02   1.0476012695312500e+04
   2.8400000000000000e+02   4.1936241149902301e+01
   2.8410000000000002e+02   1.7785822753906300e+03
   2.8419999999999999e+02   1.1209054565429700e+02
   2.8500000000000000e+02   7.2511253356933594e+01
   2.8510000000000002e+02   9.1214271545410199e+01
   2.8519999999999999e+02   9.7915290832519503e+01
   2.8539999999999998e+02   6.3739752769470197e+00
   2.8889999999999998e+02   8.2277755737304705e+00
   2.9300000000000000e+02   4.1968832015991202e+00
   3.3210000000000002e+02   6.9807716369628906e+01
   3.3219999999999999e+02   9.3763313293457003e+01
   3.3300000000000000e+02   6.4421505928039604e+00
   3.3319999999999999e+02   1.1134224891662599e+01
   3.7239999999999998e+02   5.9732861518859899e+00
   3.7519999999999999e+02   5.9460024833679199e+00
