   4.0100000000000001e+01   2.7453222656250000e+02
   4.0200000000000003e+01   2.8598548889160199e+01
   4.1000000000000000e+01   4.6884833984375000e+03
   4.2000000000000000e+01   1.6336291503906301e+02
   4.2000000000000000e+01   3.6663259277343800e+03
   4.2899999999999999e+01   1.0533272552490200e+02
   4.3000000000000000e+01   4.5410919189453102e+02
   4.3200000000000003e+01   5.6334457397460902e+01
   4.4000000000000000e+01   1.2684382324218800e+03
   4.5100000000000001e+01   8.6282939910888707e+00
   4.9799999999999997e+01   2.6721965789794901e+01
   5.0000000000000000e+01   2.3232141113281301e+02
   5.0100000000000001e+01   8.6091651916503906e+00
   5.0899999999999999e+01   2.1165973663330099e+01
   5.1000000000000000e+01   9.2219433593750000e+02
   5.1899999999999999e+01   4.7039653778076200e+01
   5.2100000000000001e+01   2.4385414123535199e+02
   5.2899999999999999e+01   6.8094100952148395e+01
   5.3000000000000000e+01   2.4720491027832000e+02
   5.4000000000000000e+01   1.8293603515625000e+02
   5.4100000000000001e+01   2.0444454956054699e+02
   5.5000000000000000e+01   5.5156579589843795e+02
   5.5100000000000001e+01   2.8691500854492199e+02
   5.5899999999999999e+01   8.4624271392822301e+00
   5.6000000000000000e+01   6.5067108154296898e+02
   5.6100000000000001e+01   5.7185317993164098e+01
   5.6899999999999999e+01   4.5981044769287102e+01
   5.7000000000000000e+01   3.9403009033203102e+02
   5.7100000000000001e+01   1.1601519012451200e+02
   5.9000000000000000e+01   8.2478286743164105e+01
   5.9100000000000001e+01   2.0460136413574201e+01
   6.1899999999999999e+01   4.7729892730712898e+01
   6.2000000000000000e+01   5.0686813354492202e+01
   6.2899999999999999e+01   5.4203285217285199e+01
   6.3000000000000000e+01   4.2072747802734398e+02
   6.3899999999999999e+01   7.4446708679199205e+01
   6.4000000000000000e+01   9.5494064331054702e+01
   6.4099999999999994e+01   1.0784057617187500e+02
   6.4900000000000006e+01   3.6978393554687500e+01
   6.5000000000000000e+01   1.8986799316406300e+03
   6.6000000000000000e+01   2.7941714477539102e+02
   6.6099999999999994e+01   9.1788139343261705e+01
   6.7000000000000000e+01   7.1011560058593795e+02
   6.7099999999999994e+01   1.6058531188964801e+02
   6.8099999999999994e+01   1.2892869873046900e+03
   6.9000000000000000e+01   1.7378367187500000e+04
   6.9900000000000006e+01   5.9404872894287102e+01
   7.0000000000000000e+01   2.0909958496093800e+03
   7.0900000000000006e+01   7.1423500061035199e+01
   7.1000000000000000e+01   8.6546661376953097e+01
   7.1099999999999994e+01   4.2659187316894503e+01
   7.3099999999999994e+01   1.2208538055419901e+01
   7.3700000000000003e+01   1.0699894905090300e+01
   7.4000000000000000e+01   4.9941871643066399e+01
   7.4099999999999994e+01   1.0474031448364300e+01
   7.5000000000000000e+01   6.8785392761230497e+01
   7.5099999999999994e+01   5.4018043518066399e+01
   7.5900000000000006e+01   9.6173103332519503e+01
   7.6099999999999994e+01   1.9611994934082000e+02
   7.6200000000000003e+01   1.4221280097961399e+01
   7.7000000000000000e+01   5.5226518554687500e+03
   7.7900000000000006e+01   1.0441418457031300e+02
   7.8000000000000000e+01   1.2217109375000000e+03
   7.9000000000000000e+01   6.3468731689453102e+02
   7.9000000000000000e+01   1.4115144042968800e+03
   7.9799999999999997e+01   2.4331686019897500e+01
   7.9900000000000006e+01   1.6562054443359401e+02
   8.0099999999999994e+01   2.5353317260742199e+02
   8.0200000000000003e+01   2.9111457824706999e+01
   8.0900000000000006e+01   1.5434744262695301e+02
   8.1000000000000000e+01   8.7412193298339801e+01
   8.1099999999999994e+01   4.0049026489257798e+01
   8.1900000000000006e+01   2.3233163833618200e+01
   8.2000000000000000e+01   7.0804669189453102e+02
   8.2099999999999994e+01   1.0765994262695300e+02
   8.3000000000000000e+01   1.9881777954101599e+02
   8.3200000000000003e+01   3.4748729705810497e+01
   8.3900000000000006e+01   1.3949477195739700e+01
   8.4000000000000000e+01   3.5266619873046898e+02
   8.4200000000000003e+01   1.7432746887206999e+01
   8.4900000000000006e+01   8.7068443298339808e+00
   8.7000000000000000e+01   8.6740674972534197e+00
   8.8900000000000006e+01   2.1819606781005898e+01
   8.9000000000000000e+01   3.9000311279296898e+02
   8.9200000000000003e+01   9.1229724884033203e+00
   8.9799999999999997e+01   1.3781788825988800e+01
   8.9900000000000006e+01   1.6991668701171901e+02
   9.0099999999999994e+01   2.0350285339355500e+02
   9.0900000000000006e+01   2.6661227416992199e+02
   9.1099999999999994e+01   6.0386201171875000e+03
   9.1799999999999997e+01   2.0431629180908200e+01
   9.2000000000000000e+01   4.6006188964843801e+02
   9.2099999999999994e+01   3.6684628295898398e+02
   9.3000000000000000e+01   1.5799462890625000e+03
   9.3099999999999994e+01   1.2634258270263700e+01
   9.4000000000000000e+01   8.5744885253906295e+02
   9.4099999999999994e+01   2.9058065795898398e+02
   9.5000000000000000e+01   2.1089819335937500e+02
   9.5099999999999994e+01   4.3965335083007801e+02
   9.6099999999999994e+01   5.0676699218750000e+03
   9.6900000000000006e+01   1.2748494720459000e+02
   9.7099999999999994e+01   4.8163287353515602e+02
   9.7200000000000003e+01   1.1518863677978500e+01
   9.7900000000000006e+01   1.0553111267089800e+02
   9.8000000000000000e+01   2.4211366271972699e+02
   9.8099999999999994e+01   1.0826864624023401e+02
   1.0090000000000001e+02   1.0288167953491200e+01
   1.0190000000000001e+02   1.7323435974121099e+02
   1.0200000000000000e+02   8.9588600158691406e+01
   1.0290000000000001e+02   1.7623538208007801e+02
   1.0300000000000000e+02   1.8102681884765600e+03
   1.0390000000000001e+02   1.5739218139648401e+02
   1.0400000000000000e+02   2.7242507324218800e+03
   1.0500000000000000e+02   4.7615800781250000e+03
   1.0509999999999999e+02   1.9020600585937500e+03
   1.0600000000000000e+02   8.2347740173339801e+01
   1.0600000000000000e+02   7.9246124267578102e+02
   1.0609999999999999e+02   2.3590066528320301e+02
   1.0690000000000001e+02   2.8061723709106399e+01
   1.0700000000000000e+02   4.9066570281982401e+01
   1.0790000000000001e+02   3.9072952270507798e+01
   1.0809999999999999e+02   2.2610919952392599e+01
   1.0880000000000000e+02   1.0423882484436000e+01
   1.0900000000000000e+02   4.2436840057372997e+01
   1.1000000000000000e+02   1.0204165458679199e+01
   1.1020000000000000e+02   9.1008205413818395e+00
   1.1100000000000000e+02   2.0830162048339801e+01
   1.1109999999999999e+02   4.2299175262451200e+01
   1.1130000000000000e+02   8.7713499069213903e+00
   1.1190000000000001e+02   2.0447536468505898e+01
   1.1290000000000001e+02   9.3010435104370099e+00
   1.1500000000000000e+02   5.6537890625000000e+02
   1.1580000000000000e+02   6.5823936462402301e+01
   1.1590000000000001e+02   1.4664215087890600e+01
   1.1600000000000000e+02   1.6659643554687500e+02
   1.1620000000000000e+02   2.5606538772583001e+01
   1.1690000000000001e+02   1.1367962646484401e+02
   1.1700000000000000e+02   1.2789250488281300e+03
   1.1800000000000000e+02   2.1039309692382801e+02
   1.1809999999999999e+02   2.1521904296875000e+03
   1.1890000000000001e+02   9.6802244186401403e+00
   1.1900000000000000e+02   4.3139407348632801e+02
   1.1909999999999999e+02   2.3973626708984401e+02
   1.1990000000000001e+02   8.4027986526489293e+00
   1.2000000000000000e+02   3.4987786865234398e+02
   1.2090000000000001e+02   1.5909301757812500e+01
   1.2109999999999999e+02   1.2331605911254901e+01
   1.2700000000000000e+02   5.0250686645507798e+01
   1.2780000000000000e+02   8.7368125915527308e+00
   1.2790000000000001e+02   1.9306910705566401e+02
   1.2800000000000000e+02   2.7520599365234400e+01
   1.2880000000000001e+02   1.3593860626220700e+01
   1.2900000000000000e+02   6.7906791687011705e+01
   1.2909999999999999e+02   2.1462249755859400e+01
   1.2919999999999999e+02   4.3127765655517599e+01
   1.3009999999999999e+02   3.4585986328125000e+03
   1.3100000000000000e+02   3.3072680664062500e+02
   1.3100000000000000e+02   1.5144550781250000e+03
   1.3119999999999999e+02   2.8724117279052699e+01
   1.3200000000000000e+02   1.7371057128906300e+03
   1.3209999999999999e+02   1.7986458740234400e+03
   1.3290000000000001e+02   7.5729537963867202e+01
   1.3300000000000000e+02   2.0722416687011699e+02
   1.3309999999999999e+02   2.8237072753906301e+02
   1.3390000000000001e+02   9.8292015075683594e+01
   1.3409999999999999e+02   2.2637565612793000e+02
   1.3490000000000001e+02   9.7191810607910192e+00
   1.3619999999999999e+02   1.2858329772949199e+01
   1.3700000000000000e+02   1.3891748046875000e+02
   1.3809999999999999e+02   2.3575183868408200e+01
   1.3909999999999999e+02   1.9826274108886699e+02
   1.3919999999999999e+02   9.1874900817871094e+01
   1.4080000000000001e+02   1.0728042602539100e+01
   1.4109999999999999e+02   4.7454559326171903e+01
   1.4200000000000000e+02   2.2251487731933601e+01
   1.4209999999999999e+02   2.1755432128906300e+01
   1.4300000000000000e+02   8.8633659362792997e+01
   1.4309999999999999e+02   2.2747979736328099e+02
   1.4400000000000000e+02   5.1658929443359398e+02
   1.4409999999999999e+02   4.8840484619140602e+02
   1.4490000000000001e+02   8.5593585968017596e+00
   1.4500000000000000e+02   1.7344009399414099e+02
   1.4509999999999999e+02   3.6835171508789102e+02
   1.4609999999999999e+02   1.3222215820312500e+04
   1.4700000000000000e+02   8.1481024169921898e+02
   1.4709999999999999e+02   7.1944097900390602e+02
   1.4730000000000001e+02   1.2744695663452100e+01
   1.4790000000000001e+02   6.1160293579101598e+01
   1.4800000000000000e+02   2.4083363342285199e+02
   1.4880000000000001e+02   8.9840574264526403e+00
   1.5200000000000000e+02   1.7699117660522500e+01
   1.5209999999999999e+02   2.0223852157592798e+01
   1.5480000000000001e+02   3.7819814682006800e+00
   1.5490000000000001e+02   3.3031391143798800e+01
   1.5509999999999999e+02   1.3276502609252899e+01
   1.5580000000000001e+02   1.2124807357788100e+01
   1.5590000000000001e+02   2.2313764572143601e+01
   1.5600000000000000e+02   9.6970352172851605e+01
   1.5609999999999999e+02   3.7650600433349602e+01
   1.5680000000000001e+02   1.2462734222412100e+01
   1.5690000000000001e+02   4.7927600860595703e+01
   1.5709999999999999e+02   3.2127632141113303e+01
   1.5719999999999999e+02   1.1997705459594700e+01
   1.5790000000000001e+02   2.5592399597168001e+01
   1.5809999999999999e+02   1.7617191162109400e+03
   1.5909999999999999e+02   6.3882592773437500e+02
   1.5990000000000001e+02   9.9661468505859403e+01
   1.6009999999999999e+02   8.2359179687500000e+02
   1.6100000000000000e+02   4.3751126098632801e+02
   1.6109999999999999e+02   7.5828277587890597e+01
   1.6200000000000000e+02   7.6118545532226605e+01
   1.6209999999999999e+02   1.8953062438964801e+02
   1.6900000000000000e+02   1.0913065910339400e+01
   1.6980000000000001e+02   1.3852447509765600e+01
   1.7000000000000000e+02   5.2211654663085902e+01
   1.7019999999999999e+02   1.0485622406005900e+01
   1.7080000000000001e+02   1.2173802375793500e+01
   1.7090000000000001e+02   1.0439805984497101e+01
   1.7180000000000001e+02   8.5147218704223597e+00
   1.7190000000000001e+02   5.3163639068603501e+01
   1.7209999999999999e+02   1.1140551757812500e+02
   1.7300000000000000e+02   4.7855487823486300e+01
   1.7309999999999999e+02   6.6503509521484403e+01
   1.7319999999999999e+02   3.2355056762695298e+01
   1.7400000000000000e+02   2.8472564697265600e+01
   1.8209999999999999e+02   2.3022224426269499e+01
   1.8309999999999999e+02   1.9503841400146499e+01
   1.8390000000000001e+02   1.5736457824707000e+02
   1.8409999999999999e+02   3.1501495361328102e+02
   1.8419999999999999e+02   4.8182086944580099e+01
   1.8490000000000001e+02   1.5709411621093801e+02
   1.8500000000000000e+02   2.3116656494140599e+02
   1.8600000000000000e+02   1.4821189880371099e+02
   1.8609999999999999e+02   1.0253421630859400e+03
   1.8700000000000000e+02   1.2172441864013700e+02
   1.8709999999999999e+02   9.6698870849609398e+02
   1.8800000000000000e+02   5.4627662658691399e+01
   1.8809999999999999e+02   1.2865981445312500e+03
   1.8909999999999999e+02   1.4536202148437500e+04
   1.9009999999999999e+02   2.0337304687500000e+03
   1.9090000000000001e+02   1.1530810356140099e+01
   1.9100000000000000e+02   1.1581430053710901e+02
   1.9119999999999999e+02   2.6320020675659201e+01
   1.9259999999999999e+02   1.0997024536132800e+01
   1.9969999999999999e+02   9.3546733856201207e+00
   2.0209999999999999e+02   9.9822597503662092e+00
   2.0700000000000000e+02   1.6113187789916999e+01
   2.0709999999999999e+02   2.2418449401855501e+01
   2.1100000000000000e+02   5.1167667388916001e+01
   2.1109999999999999e+02   3.1287376403808601e+01
   2.1200000000000000e+02   1.0279771804809601e+01
   2.1209999999999999e+02   2.6902286529541001e+01
   2.1309999999999999e+02   1.3862899780273400e+01
   2.1400000000000000e+02   8.0305229187011705e+01
   2.1409999999999999e+02   3.1216616210937500e+03
   2.1500000000000000e+02   6.2079077148437500e+02
   2.1509999999999999e+02   1.2359529113769500e+02
   2.1590000000000001e+02   1.2235610961914100e+01
   2.1600000000000000e+02   3.2727840423583999e+01
   2.1700000000000000e+02   8.3952941894531303e+00
   2.1890000000000001e+02   7.5336675643920898e+00
   2.2800000000000000e+02   1.0222740173339799e+01
   2.2809999999999999e+02   1.4766763305664099e+02
   2.2900000000000000e+02   3.7156566619872997e+01
   2.2909999999999999e+02   4.4034530639648402e+01
   2.3269999999999999e+02   2.0031015396118200e+01
   2.3290000000000001e+02   5.9103771209716797e+01
   2.3300000000000000e+02   1.6085834503173800e+01
   2.3669999999999999e+02   1.4698560714721699e+01
   2.3680000000000001e+02   8.3920837402343807e+01
   2.3700000000000000e+02   5.4543190002441397e+00
   2.3790000000000001e+02   2.4391040802001999e+01
   2.4090000000000001e+02   1.6294963836669901e+01
   2.5519999999999999e+02   2.4916538238525401e+01
   2.5530000000000001e+02   2.0142713546752901e+01
   2.5610000000000002e+02   4.9426853179931598e+01
   2.5630000000000001e+02   4.1430698394775398e+01
   2.5719999999999999e+02   2.8819335937500000e+04
   2.5819999999999999e+02   5.0945649414062500e+03
   2.5900000000000000e+02   1.4703648376464801e+02
   2.5910000000000002e+02   4.0582482910156301e+02
   2.6010000000000002e+02   9.6508436203002894e+00
   2.7900000000000000e+02   7.7377777099609403e+01
   2.7910000000000002e+02   5.3191207885742202e+01
   2.7919999999999999e+02   1.3791596984863301e+02
   2.9300000000000000e+02   9.7737712860107404e+00
   3.4610000000000002e+02   9.7944736480712908e+00
   3.4619999999999999e+02   4.2789905548095703e+01
   3.4639999999999998e+02   1.1115618705749499e+01
   3.4939999999999998e+02   1.9714365005493200e+01
