   4.0100000000000001e+01   1.0461868286132800e+02
   4.1000000000000000e+01   4.8251510620117202e+01
   4.1100000000000001e+01   2.7450546875000000e+03
   4.2100000000000001e+01   6.0477939453125000e+03
   4.3000000000000000e+01   1.3654566955566401e+02
   4.3100000000000001e+01   8.6463024902343795e+02
   4.3899999999999999e+01   1.3470526123046901e+02
   4.4100000000000001e+01   2.5549724121093800e+03
   4.5000000000000000e+01   1.6550792694091800e+01
   4.9799999999999997e+01   1.3596950531005900e+01
   4.9899999999999999e+01   8.5729949951171903e+01
   5.0000000000000000e+01   2.1732539367675801e+02
   5.1000000000000000e+01   9.0594934082031295e+02
   5.1000000000000000e+01   4.6832220458984398e+02
   5.2000000000000000e+01   1.9413008117675801e+02
   5.2000000000000000e+01   1.5866259765625000e+02
   5.3000000000000000e+01   5.3351684570312500e+02
   5.3100000000000001e+01   6.4662765502929702e+01
   5.4000000000000000e+01   2.6301818847656301e+02
   5.4000000000000000e+01   1.9099342346191401e+02
   5.5000000000000000e+01   9.2744049072265602e+02
   5.5100000000000001e+01   4.8918643188476602e+02
   5.5799999999999997e+01   1.8841396331787099e+01
   5.6000000000000000e+01   1.1484884033203100e+03
   5.7000000000000000e+01   1.0073212890625000e+04
   5.8000000000000000e+01   1.1973496093750000e+03
   5.9000000000000000e+01   1.0158155059814500e+02
   5.9100000000000001e+01   3.1530149459838899e+01
   6.0899999999999999e+01   2.7012121200561499e+01
   6.1899999999999999e+01   7.6588737487792997e+01
   6.2000000000000000e+01   5.5275405883789098e+01
   6.2899999999999999e+01   1.4431707763671901e+02
   6.3000000000000000e+01   5.2044812011718795e+02
   6.3899999999999999e+01   1.5329518127441401e+02
   6.4000000000000000e+01   2.2160130310058599e+02
   6.4099999999999994e+01   3.2980888366699197e+01
   6.5000000000000000e+01   2.6588989257812500e+03
   6.6000000000000000e+01   6.0876837158203102e+02
   6.6900000000000006e+01   2.0128517150878899e+01
   6.7000000000000000e+01   5.7506036376953102e+02
   6.7099999999999994e+01   3.0405148315429699e+02
   6.8000000000000000e+01   5.0575686645507801e+02
   6.8000000000000000e+01   8.2903601074218795e+02
   6.8900000000000006e+01   2.6872200012206999e+01
   6.9000000000000000e+01   1.3699906005859400e+03
   7.0099999999999994e+01   1.4909140625000000e+03
   7.0900000000000006e+01   9.2242362976074205e+01
   7.1099999999999994e+01   2.3801924133300801e+02
   7.2099999999999994e+01   2.3239612579345700e+01
   7.2700000000000003e+01   1.1707708358764600e+01
   7.2900000000000006e+01   3.7321586608886697e+01
   7.3799999999999997e+01   1.8305934906005898e+01
   7.3900000000000006e+01   4.7524818420410199e+01
   7.4000000000000000e+01   6.3236373901367202e+01
   7.4799999999999997e+01   3.1997692108154300e+01
   7.5000000000000000e+01   9.2458335876464801e+01
   7.5200000000000003e+01   2.1616657257080099e+01
   7.5299999999999997e+01   1.9056566238403299e+01
   7.5799999999999997e+01   5.1721752166747997e+01
   7.5900000000000006e+01   2.0670924377441401e+02
   7.6099999999999994e+01   1.3158518981933599e+02
   7.6200000000000003e+01   6.3882957458496101e+01
   7.7000000000000000e+01   8.0858959960937500e+03
   7.7900000000000006e+01   7.0567008972167997e+01
   7.8000000000000000e+01   1.7248808593750000e+03
   7.9000000000000000e+01   3.0527153320312500e+03
   7.9900000000000006e+01   1.4432803344726599e+02
   8.0000000000000000e+01   3.8809127807617199e+02
   8.0900000000000006e+01   1.4364477539062500e+02
   8.1000000000000000e+01   6.4493041992187500e+02
   8.1900000000000006e+01   2.2881896972656300e+01
   8.2000000000000000e+01   1.0449364013671900e+03
   8.2200000000000003e+01   2.4745378494262699e+01
   8.2799999999999997e+01   2.8343364715576200e+01
   8.3000000000000000e+01   2.1068778991699199e+02
   8.3099999999999994e+01   9.7077964782714801e+01
   8.3200000000000003e+01   1.2720775604248001e+01
   8.4000000000000000e+01   4.9994784545898398e+02
   8.4099999999999994e+01   1.0786158447265600e+03
   8.5000000000000000e+01   8.1862907409667997e+01
   8.5200000000000003e+01   2.3581665039062500e+01
   8.5900000000000006e+01   3.9430820465087898e+01
   8.7900000000000006e+01   1.0263024330139199e+01
   8.9000000000000000e+01   8.9957397460937500e+01
   8.9099999999999994e+01   6.0785021972656295e+02
   8.9799999999999997e+01   7.7344047546386705e+01
   9.0000000000000000e+01   2.1450899124145501e+01
   9.0099999999999994e+01   2.9436810302734398e+02
   9.1000000000000000e+01   1.1669296875000000e+04
   9.2000000000000000e+01   1.7067836914062500e+03
   9.3000000000000000e+01   2.2551262207031300e+03
   9.3099999999999994e+01   1.1453422851562500e+03
   9.3900000000000006e+01   7.3403762817382798e+01
   9.4000000000000000e+01   1.4367662353515600e+03
   9.4799999999999997e+01   4.8056640625000000e+01
   9.5000000000000000e+01   1.5387963867187500e+02
   9.5099999999999994e+01   6.2677787780761697e+01
   9.5200000000000003e+01   1.7915102005004901e+01
   9.5900000000000006e+01   1.0779550933837901e+02
   9.6099999999999994e+01   1.0886003417968800e+03
   9.6099999999999994e+01   8.3479164123535199e+01
   9.6900000000000006e+01   1.3195628166198700e+01
   9.7000000000000000e+01   9.1622177124023395e+01
   9.7099999999999994e+01   1.1956023406982401e+02
   9.8000000000000000e+01   9.7462394714355497e+01
   9.8099999999999994e+01   2.6080105590820301e+02
   9.9200000000000003e+01   1.3534676551818800e+01
   1.0000000000000000e+02   1.0624396324157701e+01
   1.0109999999999999e+02   2.5028242111206101e+01
   1.0130000000000000e+02   1.5498914718627899e+01
   1.0180000000000000e+02   1.3328243255615201e+01
   1.0190000000000001e+02   1.2447050476074200e+02
   1.0209999999999999e+02   1.2435555267334000e+02
   1.0220000000000000e+02   7.3294319152832003e+01
   1.0300000000000000e+02   1.9563186035156300e+03
   1.0309999999999999e+02   8.3849121093750000e+02
   1.0400000000000000e+02   4.2594755859375000e+03
   1.0509999999999999e+02   9.6613408203125000e+03
   1.0590000000000001e+02   2.8921941757202099e+01
   1.0600000000000000e+02   1.9639819335937500e+03
   1.0670000000000000e+02   2.5316656112670898e+01
   1.0700000000000000e+02   1.6162669372558599e+02
   1.0709999999999999e+02   1.5456645202636699e+02
   1.0800000000000000e+02   4.4567523193359398e+02
   1.0809999999999999e+02   3.1643621826171898e+02
   1.0890000000000001e+02   1.2607492065429700e+02
   1.0900000000000000e+02   3.0428524780273398e+02
   1.0909999999999999e+02   1.3838095092773401e+02
   1.1009999999999999e+02   4.2867392578125000e+03
   1.1100000000000000e+02   3.2364334106445301e+02
   1.1109999999999999e+02   1.4358404541015599e+02
   1.1180000000000000e+02   1.0982637405395501e+01
   1.1190000000000001e+02   1.0449648284912099e+02
   1.1209999999999999e+02   1.6855569458007801e+02
   1.1220000000000000e+02   1.4506419181823700e+01
   1.1300000000000000e+02   1.1475617408752401e+01
   1.1470000000000000e+02   4.2223438262939503e+01
   1.1500000000000000e+02   3.3922348022460898e+02
   1.1509999999999999e+02   1.1437950897216800e+02
   1.1520000000000000e+02   5.7203613281250000e+01
   1.1590000000000001e+02   2.1862539672851599e+02
   1.1609999999999999e+02   9.0383743286132798e+01
   1.1700000000000000e+02   1.0275475311279300e+02
   1.1700000000000000e+02   1.6748428955078100e+03
   1.1720000000000000e+02   2.5810203552246101e+01
   1.1790000000000001e+02   8.5292510986328097e+01
   1.1800000000000000e+02   3.0565549316406300e+03
   1.1820000000000000e+02   2.1348820495605500e+02
   1.1890000000000001e+02   1.1009673309326200e+02
   1.1900000000000000e+02   1.0909703369140600e+03
   1.2000000000000000e+02   4.9170584106445301e+02
   1.2009999999999999e+02   1.5310847473144500e+02
   1.2090000000000001e+02   2.9734357833862301e+01
   1.2109999999999999e+02   3.2234840393066399e+01
   1.2190000000000001e+02   1.2203839302063001e+01
   1.2430000000000000e+02   1.0774321556091300e+01
   1.2509999999999999e+02   1.0670841217041000e+01
   1.2780000000000000e+02   1.5994835853576699e+01
   1.2790000000000001e+02   4.8163082122802699e+01
   1.2809999999999999e+02   1.3139198303222699e+02
   1.2880000000000001e+02   1.1997511863708500e+01
   1.2890000000000001e+02   1.0280081176757800e+02
   1.2930000000000001e+02   2.3059663772583001e+01
   1.3009999999999999e+02   3.0938557128906300e+03
   1.3100000000000000e+02   1.9806925048828100e+03
   1.3109999999999999e+02   5.6837329864502003e+01
   1.3209999999999999e+02   5.9100781250000000e+03
   1.3290000000000001e+02   9.0154182434082003e+01
   1.3300000000000000e+02   4.4763592529296898e+02
   1.3309999999999999e+02   6.1306915283203102e+02
   1.3400000000000000e+02   2.8135293579101602e+02
   1.3409999999999999e+02   3.6344244384765602e+02
   1.3490000000000001e+02   6.1340793609619098e+01
   1.3500000000000000e+02   1.4217531204223601e+01
   1.3680000000000001e+02   2.4963409423828100e+01
   1.3690000000000001e+02   1.2131844329834000e+02
   1.3709999999999999e+02   2.5775901794433601e+01
   1.3790000000000001e+02   1.3138170242309601e+01
   1.4200000000000000e+02   1.2612386703491200e+01
   1.4219999999999999e+02   1.2539127349853500e+01
   1.4300000000000000e+02   1.2528112030029300e+02
   1.4309999999999999e+02   1.2691990661621099e+02
   1.4330000000000001e+02   1.6956596374511701e+01
   1.4409999999999999e+02   1.7033410644531300e+03
   1.4419999999999999e+02   3.2776718139648402e+01
   1.4500000000000000e+02   3.7467962646484398e+02
   1.4509999999999999e+02   6.3628637695312500e+02
   1.4609999999999999e+02   1.4238355712890600e+03
   1.4690000000000001e+02   7.1173469543457003e+01
   1.4709999999999999e+02   1.3261625671386699e+02
   1.4800000000000000e+02   1.2898251342773401e+02
   1.4809999999999999e+02   1.9738516235351599e+02
   1.4819999999999999e+02   6.1918579101562500e+01
   1.4880000000000001e+02   2.9892007827758800e+01
   1.4900000000000000e+02   1.5230067443847699e+02
   1.4909999999999999e+02   2.9458142089843801e+02
   1.4990000000000001e+02   4.5198249816894503e+01
   1.5000000000000000e+02   9.0536567687988295e+01
   1.5019999999999999e+02   1.9208976745605501e+01
   1.5090000000000001e+02   1.5093450546264600e+01
   1.5290000000000001e+02   2.7302257537841800e+01
   1.5309999999999999e+02   1.7512265014648401e+02
   1.5400000000000000e+02   1.6911212921142599e+01
   1.5409999999999999e+02   1.1299071311950700e+01
   1.5500000000000000e+02   3.2335285186767599e+01
   1.5600000000000000e+02   7.0732421875000000e+01
   1.5609999999999999e+02   1.2941192626953099e+02
   1.5690000000000001e+02   7.3386848449707003e+01
   1.5700000000000000e+02   8.8143753051757798e+01
   1.5800000000000000e+02   3.2705529785156301e+02
   1.5809999999999999e+02   2.5389578247070301e+02
   1.5890000000000001e+02   3.0387048721313501e+01
   1.5900000000000000e+02   5.1560687255859398e+02
   1.5909999999999999e+02   4.3985061645507801e+02
   1.6009999999999999e+02   1.5649703125000000e+04
   1.6109999999999999e+02   2.2356059570312500e+03
   1.6180000000000001e+02   1.0244653701782200e+01
   1.6200000000000000e+02   2.7457763671875000e+02
   1.6500000000000000e+02   1.3678905487060501e+01
   1.6719999999999999e+02   2.0743206024169901e+01
   1.6990000000000001e+02   5.7527095794677699e+01
   1.7000000000000000e+02   1.2536582183837901e+02
   1.7090000000000001e+02   1.2343671798706101e+01
   1.7100000000000000e+02   5.5425792694091797e+01
   1.7109999999999999e+02   2.1844575881958001e+01
   1.7190000000000001e+02   4.8778621673583999e+01
   1.7209999999999999e+02   1.4220633544921900e+03
   1.7209999999999999e+02   1.9251998901367199e+02
   1.7290000000000001e+02   1.6043833923339801e+02
   1.7309999999999999e+02   1.7405218505859401e+02
   1.7319999999999999e+02   3.0984155654907202e+01
   1.7380000000000001e+02   2.5286275863647500e+01
   1.7400000000000000e+02   5.0007989501953102e+02
   1.7409999999999999e+02   5.0183209228515602e+02
   1.7500000000000000e+02   1.7050193786621101e+01
   1.7519999999999999e+02   1.0117619323730500e+02
   1.7530000000000001e+02   2.1569854736328100e+01
   1.7600000000000000e+02   1.2528000831604000e+01
   1.8200000000000000e+02   4.1928882598877003e+01
   1.8390000000000001e+02   4.9149646759033203e+01
   1.8400000000000000e+02   1.7590460205078099e+02
   1.8419999999999999e+02   5.1654361724853501e+01
   1.8500000000000000e+02   1.1091223716735801e+01
   1.8509999999999999e+02   5.0854297637939503e+01
   1.8600000000000000e+02   2.0086819458007801e+02
   1.8609999999999999e+02   1.3111163330078099e+02
   1.8680000000000001e+02   5.1607135772705099e+01
   1.8690000000000001e+02   6.7557929992675795e+01
   1.8700000000000000e+02   9.0863693237304702e+01
   1.8809999999999999e+02   4.4308937072753899e+01
   1.9600000000000000e+02   5.6966316223144503e+01
   1.9690000000000001e+02   5.4967937469482401e+01
   1.9800000000000000e+02   1.3027813720703099e+02
   1.9809999999999999e+02   5.7026074218750000e+02
   1.9819999999999999e+02   1.6333547592163100e+01
   1.9890000000000001e+02   5.8716354370117202e+01
   1.9909999999999999e+02   3.0363650512695301e+02
   1.9919999999999999e+02   1.0975218200683599e+02
   1.9990000000000001e+02   3.9713672637939503e+01
   2.0009999999999999e+02   9.8586389160156295e+02
   2.0100000000000000e+02   1.7287471771240199e+01
   2.0109999999999999e+02   5.1183029174804699e+02
   2.0119999999999999e+02   2.7560409545898398e+02
   2.0209999999999999e+02   1.4573879394531300e+03
   2.0230000000000001e+02   1.8347890853881800e+01
   2.0309999999999999e+02   9.1212958984375000e+03
   2.0409999999999999e+02   5.4129327392578102e+02
   2.0419999999999999e+02   8.3495996093750000e+02
   2.0500000000000000e+02   3.2173793792724602e+01
   2.0509999999999999e+02   4.4948162078857401e+01
   2.0530000000000001e+02   1.6893672943115199e+01
   2.1100000000000000e+02   7.2549171447753906e+01
   2.1200000000000000e+02   1.1632366180419901e+01
   2.1400000000000000e+02   2.2413551330566399e+01
   2.1409999999999999e+02   1.1223649024963400e+01
   2.1440000000000001e+02   1.3125046730041500e+01
   2.1500000000000000e+02   1.5423553466796901e+02
   2.1509999999999999e+02   8.7712600708007798e+01
   2.1609999999999999e+02   8.0120327148437500e+03
   2.1709999999999999e+02   1.0948262939453100e+03
   2.1730000000000001e+02   1.3321588516235400e+01
   2.1800000000000000e+02   7.0795387268066406e+01
   2.1809999999999999e+02   3.6058582305908203e+01
   2.1819999999999999e+02   1.2029778480529799e+01
   2.1880000000000001e+02   1.0586728096008301e+01
   2.3000000000000000e+02   4.7663043975830099e+01
   2.3290000000000001e+02   5.4032924652099602e+01
   2.3300000000000000e+02   1.3466457366943400e+01
   2.3700000000000000e+02   6.7563804626464801e+01
   2.4119999999999999e+02   5.5199985504150398e+01
   2.5610000000000002e+02   1.0501757621765099e+01
   2.5689999999999998e+02   1.3009169578552200e+01
   2.5700000000000000e+02   1.0796808242797900e+01
   2.5719999999999999e+02   7.7552093505859403e+01
   2.5789999999999998e+02   5.2204605102539098e+01
   2.5819999999999999e+02   2.2417234802246099e+02
   2.5919999999999999e+02   3.0068050781250000e+04
   2.6000000000000000e+02   5.6820499420166001e+01
   2.6019999999999999e+02   5.5606933593750000e+03
   2.6100000000000000e+02   1.0843942642211900e+01
   2.6110000000000002e+02   2.6710925292968801e+02
   2.6119999999999999e+02   2.7791189575195301e+02
   2.6219999999999999e+02   1.0928293228149400e+01
   2.9310000000000002e+02   9.4511299133300795e+01
   2.9330000000000001e+02   1.6799566268920898e+01
   3.4810000000000002e+02   2.9263275146484400e+01
   3.4830000000000001e+02   1.0632009506225600e+01
   3.5110000000000002e+02   1.1662174224853500e+01
   3.5119999999999999e+02   1.0788228034973100e+01
