   4.0100000000000001e+01   3.0559982299804699e+02
   4.1000000000000000e+01   5.0513227539062500e+03
   4.2100000000000001e+01   2.5718314453125000e+04
   4.3000000000000000e+01   1.8348959350585901e+02
   4.3100000000000001e+01   2.3558691406250000e+03
   4.4100000000000001e+01   2.6598771484375000e+04
   4.5000000000000000e+01   2.1628060913085901e+02
   4.5100000000000001e+01   4.4124884033203102e+02
   4.9000000000000000e+01   2.9307218551635700e+01
   4.9899999999999999e+01   6.3629055023193402e+01
   5.0000000000000000e+01   1.1336188964843800e+03
   5.1000000000000000e+01   4.5683852539062500e+03
   5.2000000000000000e+01   1.0566879882812500e+03
   5.2100000000000001e+01   5.0848498535156301e+02
   5.3000000000000000e+01   1.5695122070312500e+03
   5.3899999999999999e+01   4.8240699768066399e+01
   5.4000000000000000e+01   2.0908781738281300e+03
   5.4899999999999999e+01   8.0415122985839801e+01
   5.5100000000000001e+01   2.7293706054687500e+03
   5.6000000000000000e+01   3.5843703613281300e+03
   5.7000000000000000e+01   6.7323158264160199e+01
   5.7000000000000000e+01   2.8450080566406300e+03
   5.8000000000000000e+01   2.1134022521972699e+02
   5.8100000000000001e+01   2.4424755859375000e+02
   5.8899999999999999e+01   1.6043638229370099e+01
   5.9000000000000000e+01   1.0629659271240200e+02
   6.0899999999999999e+01   1.1258156585693401e+02
   6.1899999999999999e+01   1.4520166015625000e+02
   6.2000000000000000e+01   2.6163381958007801e+02
   6.2200000000000003e+01   6.8888671875000000e+01
   6.3000000000000000e+01   2.7971635742187500e+03
   6.3899999999999999e+01   3.9206333160400398e+01
   6.4000000000000000e+01   1.4274223632812500e+03
   6.5000000000000000e+01   1.5321131835937500e+04
   6.6000000000000000e+01   2.8906835937500000e+03
   6.6900000000000006e+01   1.0068531036377000e+02
   6.7099999999999994e+01   1.5732340087890600e+03
   6.8000000000000000e+01   3.4609763183593800e+03
   6.8900000000000006e+01   2.9154777526855501e+01
   6.9000000000000000e+01   1.8836397705078100e+03
   7.0099999999999994e+01   8.3857031250000000e+03
   7.0900000000000006e+01   1.8214696884155298e+01
   7.1099999999999994e+01   5.9251245117187500e+02
   7.2000000000000000e+01   1.1465160369873000e+02
   7.2099999999999994e+01   4.4992904663085902e+01
   7.2900000000000006e+01   1.4551735877990700e+01
   7.3000000000000000e+01   1.9219429016113299e+01
   7.3900000000000006e+01   1.3993737792968801e+02
   7.4000000000000000e+01   3.2316500854492199e+02
   7.4099999999999994e+01   2.6411073684692401e+01
   7.5000000000000000e+01   5.2769403076171898e+02
   7.5099999999999994e+01   7.7158111572265597e+01
   7.6000000000000000e+01   5.4375225830078102e+02
   7.6099999999999994e+01   8.4979351806640602e+02
   7.6200000000000003e+01   2.2967557907104499e+01
   7.7000000000000000e+01   2.5715015625000000e+04
   7.8000000000000000e+01   6.5889902343750000e+03
   7.9000000000000000e+01   8.4151494140625000e+03
   7.9900000000000006e+01   1.8454786682128901e+02
   8.0000000000000000e+01   1.5547218017578100e+03
   8.0900000000000006e+01   1.7447482299804699e+02
   8.1000000000000000e+01   4.9699572753906301e+02
   8.2099999999999994e+01   2.1728398437500000e+03
   8.3000000000000000e+01   3.6235299682617199e+02
   8.3099999999999994e+01   1.5105215454101599e+02
   8.3799999999999997e+01   1.7499088287353501e+01
   8.4000000000000000e+01   1.8734710693359401e+02
   8.4099999999999994e+01   6.3630444335937500e+02
   8.4200000000000003e+01   1.7651506423950199e+01
   8.4900000000000006e+01   6.9360092163085895e+01
   8.5099999999999994e+01   4.8310878753662102e+01
   8.7000000000000000e+01   1.4701142311096200e+01
   8.7099999999999994e+01   5.6037876129150398e+01
   8.7900000000000006e+01   1.4862124443054199e+01
   8.8099999999999994e+01   4.9302402496337898e+01
   8.9000000000000000e+01   2.7447600097656300e+03
   9.0099999999999994e+01   2.4508803710937500e+03
   9.1000000000000000e+01   4.7433242187500000e+04
   9.2000000000000000e+01   6.8102670898437500e+03
   9.3099999999999994e+01   4.0218142089843800e+03
   9.4500000000000000e+01   4.2035795898437500e+03
   9.4599999999999994e+01   1.1798583984375000e+03
   9.5099999999999994e+01   2.0016539001464801e+02
   9.6099999999999994e+01   1.7583980468750000e+04
   9.7099999999999994e+01   2.5301635742187500e+03
   9.7900000000000006e+01   1.1168009948730500e+02
   9.8000000000000000e+01   2.4338458251953099e+02
   9.8099999999999994e+01   5.0410720825195298e+01
   1.0100000000000000e+02   1.4728451538085901e+02
   1.0109999999999999e+02   4.8636440277099602e+01
   1.0130000000000000e+02   1.5187007904052701e+01
   1.0200000000000000e+02   4.4583526611328102e+02
   1.0209999999999999e+02   6.6320544433593795e+02
   1.0300000000000000e+02   8.1364868164062500e+03
   1.0400000000000000e+02   1.0649942382812500e+04
   1.0509999999999999e+02   2.1106617187500000e+04
   1.0600000000000000e+02   7.3075346679687500e+03
   1.0700000000000000e+02   4.3434872436523398e+02
   1.0709999999999999e+02   1.8698313903808599e+02
   1.0780000000000000e+02   5.6418724060058601e+01
   1.0809999999999999e+02   7.2602485656738295e+01
   1.0890000000000001e+02   1.9679998397827099e+01
   1.0909999999999999e+02   3.8859973907470703e+01
   1.1000000000000000e+02   1.8673164367675799e+01
   1.1009999999999999e+02   1.4499277114868200e+01
   1.1090000000000001e+02   7.2886535644531307e+01
   1.1109999999999999e+02   3.3544441223144503e+01
   1.1400000000000000e+02   1.8859407424926800e+01
   1.1490000000000001e+02   1.0445217132568401e+02
   1.1500000000000000e+02   1.5408770751953100e+03
   1.1600000000000000e+02   4.2819122314453102e+02
   1.1609999999999999e+02   4.7555722045898398e+02
   1.1709999999999999e+02   8.0480170898437500e+03
   1.1800000000000000e+02   2.9772279296875000e+04
   1.1909999999999999e+02   7.8553652343750000e+03
   1.1990000000000001e+02   5.0282657623291001e+01
   1.2009999999999999e+02   2.0314472656250000e+03
   1.2109999999999999e+02   1.1300463867187500e+02
   1.2680000000000000e+02   7.4267913818359403e+01
   1.2700000000000000e+02   1.3092126464843801e+02
   1.2800000000000000e+02   4.2062762451171898e+02
   1.2809999999999999e+02   2.2527130126953099e+02
   1.2880000000000001e+02   3.2509113311767599e+01
   1.2900000000000000e+02   2.5553761291503901e+02
   1.2909999999999999e+02   2.8699426269531301e+02
   1.3009999999999999e+02   8.9745585937500000e+03
   1.3100000000000000e+02   5.0105253906250000e+03
   1.3209999999999999e+02   2.2478882812500000e+04
   1.3300000000000000e+02   1.0207126617431599e+02
   1.3309999999999999e+02   2.6596813964843800e+03
   1.3390000000000001e+02   3.2997257232666001e+01
   1.3400000000000000e+02   1.1411960449218800e+03
   1.3419999999999999e+02   9.2861610412597699e+01
   1.3490000000000001e+02   4.0028347015380902e+01
   1.3500000000000000e+02   3.9264411926269503e+01
   1.3519999999999999e+02   1.7343835830688501e+01
   1.3709999999999999e+02   1.7161364746093801e+02
   1.4090000000000001e+02   2.3140602111816399e+01
   1.4100000000000000e+02   3.1809236526489300e+01
   1.4109999999999999e+02   6.7772293090820298e+01
   1.4190000000000001e+02   7.5549858093261705e+01
   1.4219999999999999e+02   5.8998081207275398e+01
   1.4230000000000001e+02   4.6135932922363303e+01
   1.4259999999999999e+02   3.3187080383300803e+01
   1.4290000000000001e+02   1.1688549804687500e+02
   1.4300000000000000e+02   5.6277661132812500e+02
   1.4319999999999999e+02   3.9605545043945298e+01
   1.4390000000000001e+02   9.3518302917480497e+01
   1.4409999999999999e+02   2.7522958984375000e+03
   1.4519999999999999e+02   2.7227890625000000e+03
   1.4609999999999999e+02   1.0301850781250000e+05
   1.4709999999999999e+02   1.1854633789062500e+04
   1.4809999999999999e+02   2.0616408691406300e+03
   1.4900000000000000e+02   1.0684265136718800e+02
   1.4909999999999999e+02   7.5051261901855497e+01
   1.5380000000000001e+02   1.5044375419616699e+01
   1.5400000000000000e+02   3.3934097290039098e+01
   1.5490000000000001e+02   1.5866067886352500e+01
   1.5509999999999999e+02   4.5855594635009801e+01
   1.5580000000000001e+02   2.6998102188110401e+01
   1.5600000000000000e+02   6.7893089294433594e+01
   1.5609999999999999e+02   1.9819131469726599e+02
   1.5690000000000001e+02   7.8546112060546903e+01
   1.5709999999999999e+02   7.0371208190917997e+01
   1.5790000000000001e+02   9.7176277160644503e+01
   1.5809999999999999e+02   5.9615356445312500e+02
   1.5809999999999999e+02   1.3531961059570301e+02
   1.5890000000000001e+02   3.9265285491943402e+01
   1.5900000000000000e+02   7.7907812500000000e+02
   1.6009999999999999e+02   4.1904487304687500e+03
   1.6100000000000000e+02   2.4662792968750000e+02
   1.6109999999999999e+02   5.1691448974609398e+02
   1.6500000000000000e+02   3.0930549621581999e+01
   1.6669999999999999e+02   1.6013557434081999e+01
   1.6909999999999999e+02   1.7453260421752901e+01
   1.7000000000000000e+02   4.6756015777587898e+01
   1.7019999999999999e+02   1.4443066596984901e+01
   1.7090000000000001e+02   1.5730417251586900e+01
   1.7100000000000000e+02   1.5895256996154799e+01
   1.7190000000000001e+02   1.8237146377563501e+01
   1.7200000000000000e+02   3.3877185821533203e+01
   1.7280000000000001e+02   2.0490690231323200e+01
   1.7300000000000000e+02   9.7783538818359403e+01
   1.7309999999999999e+02   7.3234222412109403e+01
   1.7390000000000001e+02   2.0223701477050799e+01
   1.7409999999999999e+02   2.3473167419433601e+01
   1.7790000000000001e+02   1.3663886070251500e+01
   1.7990000000000001e+02   1.6450569152831999e+01
   1.8090000000000001e+02   1.7618202209472699e+01
   1.8109999999999999e+02   2.2496459960937500e+01
   1.8209999999999999e+02   6.2652645111083999e+01
   1.8350000000000000e+02   1.6956468582153299e+01
   1.8380000000000001e+02   1.9238105773925799e+01
   1.8390000000000001e+02   4.1531459808349602e+01
   1.8400000000000000e+02   3.2548107910156301e+02
   1.8419999999999999e+02   1.8922959899902301e+02
   1.8490000000000001e+02   5.3879032135009801e+01
   1.8509999999999999e+02   4.0946218872070301e+02
   1.8530000000000001e+02   2.2794818878173800e+01
   1.8590000000000001e+02   8.7964859008789105e+01
   1.8609999999999999e+02   9.9374609375000000e+02
   1.8619999999999999e+02   6.2592311859130902e+01
   1.8700000000000000e+02   2.1154200744628901e+02
   1.8709999999999999e+02   1.3278699951171900e+03
   1.8809999999999999e+02   1.0806932373046900e+03
   1.8819999999999999e+02   9.2360455322265602e+02
   1.8909999999999999e+02   8.9300007812500000e+04
   1.9009999999999999e+02   1.2620378906250000e+04
   1.9100000000000000e+02   1.8048701477050801e+02
   1.9109999999999999e+02   7.7909857177734398e+02
   2.0300000000000000e+02   3.4415061950683601e+01
   2.0319999999999999e+02   7.2893196105957003e+01
   2.0790000000000001e+02   1.8519250869751001e+01
   2.1090000000000001e+02   3.2959556579589801e+01
   2.1490000000000001e+02   2.4676441192626999e+01
   2.1500000000000000e+02   1.1940587615966800e+02
   2.1890000000000001e+02   4.1599720001220703e+01
   2.3290000000000001e+02   6.5910934448242202e+01
   2.3680000000000001e+02   6.9668006896972701e-01
   2.3700000000000000e+02   3.6047077178955099e+01
   2.3709999999999999e+02   1.3920693397521999e+01
   2.5109999999999999e+02   4.9265151977539098e+01
   2.7810000000000002e+02   7.2496887207031307e+01
   2.7819999999999999e+02   6.9695075988769503e+01
   2.7910000000000002e+02   3.8349449157714801e+01
   2.8019999999999999e+02   3.0232336425781300e+03
   2.8119999999999999e+02   7.5268432617187500e+02
   2.8130000000000001e+02   2.3574403762817401e+01
   2.8219999999999999e+02   4.5829555511474602e+01
