   4.0100000000000001e+01   1.1282562255859401e+02
   4.0899999999999999e+01   5.8329421997070298e+01
   4.1000000000000000e+01   3.3748217773437500e+03
   4.2100000000000001e+01   1.4471548828125000e+04
   4.3000000000000000e+01   1.9687503906250000e+04
   4.4000000000000000e+01   6.5898715820312500e+03
   4.5000000000000000e+01   1.0731475830078099e+02
   4.5100000000000001e+01   8.6459693908691406e+01
   4.8899999999999999e+01   1.0771956443786600e+01
   5.0000000000000000e+01   6.6156677246093795e+02
   5.0899999999999999e+01   6.3155872344970703e+01
   5.1000000000000000e+01   2.4641220703125000e+03
   5.1200000000000003e+01   4.0216136932372997e+01
   5.1899999999999999e+01   4.6964282989502003e+01
   5.2000000000000000e+01   6.8663232421875000e+02
   5.2100000000000001e+01   8.5237663269042997e+01
   5.3000000000000000e+01   4.3871383666992199e+02
   5.3000000000000000e+01   5.4850677490234398e+02
   5.4000000000000000e+01   1.2725281982421900e+03
   5.4200000000000003e+01   3.2308422088622997e+01
   5.5000000000000000e+01   2.2215593261718800e+03
   5.5899999999999999e+01   4.2513866424560497e+01
   5.6000000000000000e+01   2.0430727539062500e+03
   5.6899999999999999e+01   9.9745391845703097e+01
   5.7000000000000000e+01   9.5807434082031295e+02
   5.7100000000000001e+01   7.7546386718750000e+01
   5.8000000000000000e+01   1.7223948669433599e+02
   5.8899999999999999e+01   5.6510543823242196e+00
   5.9000000000000000e+01   1.0857551574707000e+02
   6.0899999999999999e+01   2.3887596130371101e+01
   6.1799999999999997e+01   2.5439792633056602e+01
   6.2000000000000000e+01   1.9300746154785199e+02
   6.2100000000000001e+01   7.6119201660156307e+01
   6.2899999999999999e+01   3.4321429443359398e+02
   6.3000000000000000e+01   1.0482899169921900e+03
   6.4000000000000000e+01   3.3190930175781301e+02
   6.4099999999999994e+01   4.4019631958007801e+02
   6.4200000000000003e+01   1.9083982467651399e+01
   6.5000000000000000e+01   6.1438833007812500e+03
   6.6000000000000000e+01   4.9004022216796898e+02
   6.6000000000000000e+01   7.1519696044921898e+02
   6.7000000000000000e+01   2.4466474609375000e+03
   6.8000000000000000e+01   1.8107681274414099e+02
   6.8099999999999994e+01   2.3477519531250000e+03
   6.8900000000000006e+01   1.7036322021484401e+02
   6.9099999999999994e+01   2.0011851806640600e+03
   7.0000000000000000e+01   2.6751501083373999e+01
   7.0099999999999994e+01   3.1891059570312500e+03
   7.0900000000000006e+01   1.2121003723144500e+02
   7.1000000000000000e+01   2.1745527648925801e+02
   7.1200000000000003e+01   4.0618629455566399e+01
   7.1799999999999997e+01   5.1001754760742202e+01
   7.2000000000000000e+01   5.1419002532958999e+01
   7.3000000000000000e+01   6.3512943267822301e+01
   7.3299999999999997e+01   1.2295961380004901e+01
   7.3799999999999997e+01   4.9038497924804702e+01
   7.4000000000000000e+01   2.4904388427734401e+02
   7.4099999999999994e+01   4.9831562042236300e+01
   7.4900000000000006e+01   1.0084691047668500e+01
   7.5000000000000000e+01   3.0076910400390602e+02
   7.5099999999999994e+01   1.0902998352050800e+02
   7.6000000000000000e+01   3.9779275512695301e+02
   7.6099999999999994e+01   3.1303332519531301e+02
   7.6200000000000003e+01   9.0048942565917997e+01
   7.7000000000000000e+01   1.5841286132812500e+04
   7.8000000000000000e+01   3.4748696289062500e+03
   7.9000000000000000e+01   4.9950200195312500e+03
   7.9900000000000006e+01   1.2372032928466800e+02
   8.0000000000000000e+01   1.0526535644531300e+03
   8.0900000000000006e+01   5.7446311950683601e+01
   8.1000000000000000e+01   4.7765914916992199e+02
   8.2000000000000000e+01   2.0533176269531300e+03
   8.2900000000000006e+01   1.0851622009277300e+02
   8.3099999999999994e+01   2.6542456054687500e+02
   8.3200000000000003e+01   6.0744453430175803e+01
   8.3700000000000003e+01   1.0760162353515600e+01
   8.4000000000000000e+01   3.5990289306640602e+02
   8.4099999999999994e+01   3.3232879638671898e+02
   8.4900000000000006e+01   1.5952539443969700e+01
   8.5000000000000000e+01   1.1845495223999000e+01
   8.5799999999999997e+01   2.9367399215698200e+01
   8.5900000000000006e+01   5.9892704010009801e+01
   8.6099999999999994e+01   6.2955791473388700e+01
   8.6099999999999994e+01   5.2364635467529297e+01
   8.6299999999999997e+01   9.5377254486084002e+00
   8.6900000000000006e+01   1.0435102462768601e+01
   8.8099999999999994e+01   4.9145988464355497e+01
   8.8200000000000003e+01   1.3493897438049300e+01
   8.8900000000000006e+01   3.5329959869384801e+01
   8.9000000000000000e+01   1.2287568359375000e+03
   8.9099999999999994e+01   7.3919242858886705e+01
   8.9799999999999997e+01   1.4793938636779799e+01
   8.9900000000000006e+01   1.8473367309570301e+02
   9.0099999999999994e+01   8.9922460937500000e+02
   9.0299999999999997e+01   1.5623452186584499e+01
   9.1000000000000000e+01   2.3409082031250000e+04
   9.2000000000000000e+01   2.8497954101562500e+03
   9.2900000000000006e+01   9.0814254760742202e+01
   9.3000000000000000e+01   4.0661232910156300e+03
   9.3900000000000006e+01   1.2132817840576200e+02
   9.4099999999999994e+01   2.7271745605468800e+03
   9.5000000000000000e+01   1.3909455566406300e+03
   9.5200000000000003e+01   1.0313491821289099e+02
   9.6099999999999994e+01   9.0177763671875000e+03
   9.7000000000000000e+01   6.9702679443359398e+02
   9.7099999999999994e+01   5.8452441406250000e+02
   9.8000000000000000e+01   4.4591271972656301e+02
   9.8099999999999994e+01   1.0317003631591800e+02
   9.9000000000000000e+01   1.0747854232788100e+01
   1.0080000000000000e+02   2.2207836151123001e+01
   1.0109999999999999e+02   1.6382900238037099e+01
   1.0190000000000001e+02   1.6586172103881800e+01
   1.0200000000000000e+02   3.1448855590820301e+02
   1.0209999999999999e+02   3.0206204223632801e+02
   1.0230000000000000e+02   2.2802438735961900e+01
   1.0300000000000000e+02   2.6091983032226602e+02
   1.0300000000000000e+02   4.8503237304687500e+03
   1.0400000000000000e+02   6.4459072265625000e+03
   1.0500000000000000e+02   1.3973604492187500e+04
   1.0600000000000000e+02   3.1837702636718800e+03
   1.0700000000000000e+02   2.0106033325195301e+02
   1.0709999999999999e+02   1.8521269226074199e+02
   1.0800000000000000e+02   1.4954396057128901e+02
   1.0809999999999999e+02   7.6067398071289105e+01
   1.0890000000000001e+02   1.6561935424804699e+02
   1.0990000000000001e+02   1.0585993957519500e+02
   1.1009999999999999e+02   1.9582464599609401e+02
   1.1090000000000001e+02   3.6482261657714801e+01
   1.1109999999999999e+02   3.9031162261962898e+01
   1.1200000000000000e+02   1.5674745559692401e+01
   1.1220000000000000e+02   1.7414661407470700e+01
   1.1490000000000001e+02   2.6312332153320301e+02
   1.1500000000000000e+02   5.8506982421875000e+02
   1.1590000000000001e+02   2.4877731323242199e+02
   1.1609999999999999e+02   2.3017286682128901e+02
   1.1630000000000000e+02   4.5119316101074197e+01
   1.1700000000000000e+02   3.5182636718750000e+03
   1.1709999999999999e+02   6.9121154785156307e+01
   1.1800000000000000e+02   9.3132314453125000e+03
   1.1900000000000000e+02   2.0598930664062500e+03
   1.1990000000000001e+02   5.5579936981201200e+01
   1.2009999999999999e+02   6.9738061523437500e+02
   1.2020000000000000e+02   3.7227760314941399e+01
   1.2090000000000001e+02   1.7707481384277301e+01
   1.2100000000000000e+02   1.3710566520690900e+01
   1.2109999999999999e+02   6.0283641815185497e+01
   1.2409999999999999e+02   9.6924037933349592e+00
   1.2590000000000001e+02   1.0750470161438001e+01
   1.2690000000000001e+02   1.4107408523559601e+01
   1.2700000000000000e+02   3.1904470443725600e+01
   1.2709999999999999e+02   3.6839042663574197e+01
   1.2790000000000001e+02   1.1034091186523401e+02
   1.2800000000000000e+02   8.6255439758300795e+01
   1.2809999999999999e+02   1.0209553527832000e+02
   1.2880000000000001e+02   5.3753173828125000e+01
   1.2900000000000000e+02   2.5760678100585898e+02
   1.2919999999999999e+02   7.4554718017578097e+01
   1.3000000000000000e+02   6.8360380859375000e+03
   1.3109999999999999e+02   3.6350581054687500e+03
   1.3209999999999999e+02   8.9449443359375000e+03
   1.3290000000000001e+02   6.4721382141113295e+01
   1.3309999999999999e+02   1.2844741210937500e+03
   1.3390000000000001e+02   4.7896263122558601e+01
   1.3400000000000000e+02   3.4281985473632801e+02
   1.3409999999999999e+02   1.6813612365722699e+02
   1.3469999999999999e+02   2.8047780990600600e+01
   1.3490000000000001e+02   9.5503570556640597e+01
   1.3500000000000000e+02   4.0206164550781301e+02
   1.3590000000000001e+02   1.1593315124511700e+02
   1.3600000000000000e+02   3.7512545776367199e+02
   1.3619999999999999e+02   6.8877517700195298e+01
   1.3680000000000001e+02   3.5716949462890597e+01
   1.3690000000000001e+02   1.2160883331298800e+02
   1.3790000000000001e+02   1.2610630035400400e+01
   1.3880000000000001e+02   3.1539566040039102e+01
   1.3900000000000000e+02   9.3668983459472699e+01
   1.3909999999999999e+02   1.9423367309570301e+02
   1.4019999999999999e+02   2.1954586029052699e+01
   1.4069999999999999e+02   1.1634837150573700e+01
   1.4090000000000001e+02   3.5246620178222699e+01
   1.4100000000000000e+02   4.3584373474121101e+01
   1.4119999999999999e+02   1.2007349967956500e+01
   1.4200000000000000e+02   2.4833034515380898e+01
   1.4209999999999999e+02   3.9113719940185497e+01
   1.4219999999999999e+02   1.0127784729003899e+01
   1.4290000000000001e+02   1.3036123657226599e+02
   1.4300000000000000e+02   1.7621662902832000e+02
   1.4319999999999999e+02   4.6136856079101598e+01
   1.4390000000000001e+02   1.0348530769348100e+01
   1.4409999999999999e+02   1.5694418945312500e+03
   1.4500000000000000e+02   2.8583773803710898e+02
   1.4509999999999999e+02   1.1463986816406300e+03
   1.4609999999999999e+02   3.4412382812500000e+04
   1.4709999999999999e+02   4.2407988281250000e+03
   1.4780000000000001e+02   1.1090114593505900e+01
   1.4790000000000001e+02   1.0619108581543000e+02
   1.4809999999999999e+02   5.0682830810546898e+02
   1.4890000000000001e+02   5.7471290588378899e+01
   1.4900000000000000e+02   1.5342851638793899e+01
   1.4990000000000001e+02   9.6710042953491193e+00
   1.5100000000000000e+02   2.1737991333007798e+01
   1.5119999999999999e+02   2.5547920227050799e+01
   1.5200000000000000e+02   2.4104215621948200e+01
   1.5280000000000001e+02   1.5170509338378899e+01
   1.5480000000000001e+02   1.3952816963195801e+01
   1.5590000000000001e+02   2.6247152328491200e+01
   1.5600000000000000e+02   2.1569773864746099e+02
   1.5609999999999999e+02   1.0371340942382800e+02
   1.5690000000000001e+02   1.5473881530761699e+02
   1.5709999999999999e+02   1.0331837463378901e+02
   1.5719999999999999e+02   4.8463546752929702e+01
   1.5809999999999999e+02   4.6043271484375000e+03
   1.5890000000000001e+02   1.1328524017334000e+02
   1.5909999999999999e+02   1.2697281494140600e+03
   1.6000000000000000e+02   9.5395361328125000e+02
   1.6009999999999999e+02   6.5907250976562500e+02
   1.6090000000000001e+02   3.9408256530761697e+01
   1.6109999999999999e+02   2.5408512878418000e+02
   1.6500000000000000e+02   1.1227521896362299e+01
   1.6690000000000001e+02   4.1234832763671903e+01
   1.6709999999999999e+02   1.2866585731506300e+01
   1.6809999999999999e+02   3.5039833068847699e+01
   1.6880000000000001e+02   1.6263553619384801e+01
   1.6909999999999999e+02   2.9914688110351602e+01
   1.6980000000000001e+02   1.2635862350463899e+01
   1.7000000000000000e+02   1.1564226531982401e+02
   1.7069999999999999e+02   9.6026172637939506e+00
   1.7080000000000001e+02   1.0715117454528800e+01
   1.7090000000000001e+02   2.3910308837890600e+01
   1.7109999999999999e+02   3.7672191619872997e+01
   1.7119999999999999e+02   1.3697700500488301e+01
   1.7180000000000001e+02   1.2248631477356000e+01
   1.7190000000000001e+02   2.1012777709960901e+02
   1.7209999999999999e+02   1.3293933105468801e+02
   1.7290000000000001e+02   2.4970944213867199e+02
   1.7300000000000000e+02   1.7019186401367199e+02
   1.7409999999999999e+02   5.1008056640625000e+01
   1.7490000000000001e+02   2.6650619506835898e+01
   1.7500000000000000e+02   9.2664764404296903e+01
   1.7700000000000000e+02   1.5030318260192900e+01
   1.8180000000000001e+02   1.4640764236450201e+01
   1.8209999999999999e+02   8.3009788513183594e+01
   1.8300000000000000e+02   1.2047139167785600e+01
   1.8319999999999999e+02   1.4374503135681200e+01
   1.8409999999999999e+02   8.7830255126953102e+02
   1.8419999999999999e+02   2.9289728164672901e+01
   1.8490000000000001e+02   2.0985370635986300e+01
   1.8500000000000000e+02   2.0242877197265599e+02
   1.8509999999999999e+02   2.7746182250976602e+02
   1.8609999999999999e+02   1.7316180419921900e+03
   1.8690000000000001e+02   2.4667743682861300e+01
   1.8700000000000000e+02   6.8546105957031295e+02
   1.8709999999999999e+02   1.1281025390625000e+03
   1.8809999999999999e+02   2.2918632812500000e+04
   1.8909999999999999e+02   1.0495385742187500e+04
   1.9009999999999999e+02   1.2972578125000000e+03
   1.9100000000000000e+02   5.2665122985839801e+01
   1.9109999999999999e+02   7.1584167480468807e+01
   1.9119999999999999e+02   1.1073135375976600e+01
   1.9600000000000000e+02   1.0112345695495600e+01
   2.0100000000000000e+02   1.3234713554382299e+01
   2.0190000000000001e+02   2.8150093078613299e+01
   2.0209999999999999e+02   5.1836676025390602e+02
   2.0219999999999999e+02   1.4211175918579100e+01
   2.0290000000000001e+02   1.3404328346252401e+01
   2.0300000000000000e+02   6.5785346984863295e+01
   2.1080000000000001e+02   5.0627971649169901e+01
   2.1109999999999999e+02   1.0391612052917500e+01
   2.1300000000000000e+02   3.4238220214843800e+01
   2.1309999999999999e+02   1.5696179389953601e+01
   2.1400000000000000e+02   1.4059629440307599e+01
   2.1490000000000001e+02   5.7052837371826200e+01
   2.1500000000000000e+02   1.7974781799316401e+02
   2.1509999999999999e+02   3.8635631561279297e+01
   2.1580000000000001e+02   1.0067773818969700e+01
   2.1590000000000001e+02   9.7984685897827095e+00
   2.1690000000000001e+02   1.2242822647094700e+01
   2.1900000000000000e+02   1.0444072723388700e+01
   2.2590000000000001e+02   9.4265937805175799e+00
   2.2700000000000000e+02   1.9668395996093800e+01
   2.2819999999999999e+02   3.9975059509277301e+01
   2.2830000000000001e+02   1.0891164779663100e+01
   2.2909999999999999e+02   8.4412002563476605e+01
   2.2919999999999999e+02   1.0497064971923800e+02
   2.2940000000000001e+02   1.0489084243774400e+01
   2.2950000000000000e+02   5.1442462921142599e+01
   2.2969999999999999e+02   1.7588180541992202e+01
   2.3009999999999999e+02   1.8908624267578099e+02
   2.3019999999999999e+02   3.3153280639648398e+02
   2.3109999999999999e+02   6.6004828125000000e+04
   2.3209999999999999e+02   1.0783087890625000e+04
   2.3300000000000000e+02   4.1549621582031300e+01
   2.3309999999999999e+02   1.0572425537109400e+03
   2.3409999999999999e+02   1.6084548950195298e+01
   2.3680000000000001e+02   2.3284255981445298e+01
   2.3700000000000000e+02   7.3941635131835895e+01
   2.5109999999999999e+02   1.2501769065856900e+01
   2.7900000000000000e+02   4.9338897705078097e+01
   2.7910000000000002e+02   3.5138870239257798e+01
   3.2000000000000000e+02   1.5467256546020501e+01
   3.2019999999999999e+02   1.1696275329589800e+02
   3.2030000000000001e+02   1.0216607093811000e+01
   3.2119999999999999e+02   2.3492879867553700e+01
   3.2330000000000001e+02   1.5839419364929199e+01
