   4.0000000000000000e+01   7.8184707641601605e+01
   4.0200000000000003e+01   7.0077194213867202e+01
   4.1100000000000001e+01   5.4335356445312500e+03
   4.2100000000000001e+01   6.9807700195312500e+03
   4.3100000000000001e+01   1.8168640625000000e+04
   4.4000000000000000e+01   3.8477580566406300e+03
   4.5000000000000000e+01   4.2167385101318402e+01
   4.9799999999999997e+01   3.7337829589843800e+01
   5.0000000000000000e+01   1.9102964782714801e+02
   5.0100000000000001e+01   3.2485355377197301e+01
   5.1000000000000000e+01   6.8362896728515602e+02
   5.1100000000000001e+01   7.6332527160644503e+01
   5.1799999999999997e+01   3.4310729980468800e+01
   5.2000000000000000e+01   1.8057934570312500e+02
   5.2100000000000001e+01   6.9587005615234403e+01
   5.2799999999999997e+01   5.3032329559326200e+01
   5.3000000000000000e+01   4.1159432983398398e+02
   5.3899999999999999e+01   1.7720655822753901e+02
   5.4000000000000000e+01   5.2346130371093795e+02
   5.4200000000000003e+01   1.3311243057251000e+01
   5.4899999999999999e+01   1.1781514739990200e+02
   5.5000000000000000e+01   1.5896214599609400e+03
   5.6000000000000000e+01   1.0992218017578100e+03
   5.6100000000000001e+01   1.2464524841308599e+02
   5.7000000000000000e+01   1.1950670166015600e+03
   5.8000000000000000e+01   5.7103248596191399e+01
   5.8000000000000000e+01   8.3155265808105497e+01
   5.8899999999999999e+01   3.4566123962402301e+01
   5.9000000000000000e+01   4.4777454376220703e+01
   5.9100000000000001e+01   2.5776136398315401e+01
   6.0799999999999997e+01   4.5210021972656300e+01
   6.1899999999999999e+01   7.3204200744628906e+01
   6.2000000000000000e+01   5.4275409698486300e+01
   6.2200000000000003e+01   2.8217569351196300e+01
   6.2899999999999999e+01   5.2399688720703102e+02
   6.3899999999999999e+01   8.0233215332031307e+01
   6.4000000000000000e+01   1.2509242248535200e+02
   6.5000000000000000e+01   2.2035490722656300e+03
   6.5900000000000006e+01   9.8600463867187500e+01
   6.6000000000000000e+01   1.3084414672851599e+02
   6.6299999999999997e+01   2.0527706146240199e+01
   6.7099999999999994e+01   1.1534293212890600e+03
   6.7799999999999997e+01   2.5473451614379901e+01
   6.8000000000000000e+01   1.5986190185546900e+03
   6.8900000000000006e+01   2.1072492599487301e+01
   6.9000000000000000e+01   1.7319434814453100e+03
   7.0099999999999994e+01   2.8426755371093800e+03
   7.1000000000000000e+01   7.3471782226562500e+03
   7.2000000000000000e+01   3.8202426147460898e+02
   7.2900000000000006e+01   1.1050531005859401e+02
   7.3099999999999994e+01   1.1637663841247599e+01
   7.3299999999999997e+01   1.8030864715576200e+01
   7.3900000000000006e+01   4.4001354217529297e+01
   7.4000000000000000e+01   4.1337047576904297e+01
   7.4200000000000003e+01   1.3748175621032701e+01
   7.5000000000000000e+01   9.8608361816406295e+02
   7.5799999999999997e+01   2.4397897720336900e+01
   7.5900000000000006e+01   1.3305058288574199e+02
   7.6099999999999994e+01   9.1551254272460895e+01
   7.7000000000000000e+01   3.0512612304687500e+03
   7.7799999999999997e+01   1.3820501327514600e+01
   7.7900000000000006e+01   3.1353735351562500e+02
   7.8000000000000000e+01   8.4888812255859398e+02
   7.8099999999999994e+01   1.5009056091308601e+01
   7.9000000000000000e+01   2.3261245117187500e+03
   7.9200000000000003e+01   2.1491029357910199e+02
   8.0099999999999994e+01   6.0251470947265602e+02
   8.0200000000000003e+01   5.3638561248779297e+01
   8.0900000000000006e+01   3.8931785583496101e+01
   8.1000000000000000e+01   4.0612948608398398e+02
   8.1099999999999994e+01   7.0224349975585895e+01
   8.2000000000000000e+01   7.7889617919921898e+02
   8.2099999999999994e+01   7.7911749267578102e+02
   8.2799999999999997e+01   1.3762489318847701e+01
   8.3000000000000000e+01   8.6679846191406295e+02
   8.3099999999999994e+01   2.4362086486816401e+02
   8.3900000000000006e+01   2.3427469253540000e+01
   8.4000000000000000e+01   5.9416027832031295e+02
   8.4099999999999994e+01   1.9760379028320301e+02
   8.4900000000000006e+01   2.8117115020751999e+01
   8.6099999999999994e+01   1.1406666755676300e+01
   8.9000000000000000e+01   7.0821978759765602e+02
   9.0099999999999994e+01   1.4572962951660199e+02
   9.0200000000000003e+01   2.3237843322753901e+02
   9.1000000000000000e+01   9.9243154296875000e+03
   9.2000000000000000e+01   7.5119134521484398e+02
   9.2099999999999994e+01   2.5189916992187500e+02
   9.2900000000000006e+01   6.6699645996093807e+01
   9.3000000000000000e+01   1.7177066040039099e+02
   9.3099999999999994e+01   7.9846473693847699e+01
   9.4000000000000000e+01   1.1142139892578100e+03
   9.5000000000000000e+01   4.8657827148437500e+03
   9.5900000000000006e+01   1.2619738769531300e+02
   9.6000000000000000e+01   6.4178500976562500e+03
   9.6900000000000006e+01   5.8098987579345703e+01
   9.7000000000000000e+01   1.0511950683593800e+03
   9.8000000000000000e+01   3.4969799804687500e+02
   9.8099999999999994e+01   9.8772407531738295e+01
   1.0090000000000001e+02   4.7183528900146499e+01
   1.0100000000000000e+02   9.0920639038085895e+01
   1.0109999999999999e+02   1.7417173385620099e+01
   1.0180000000000000e+02   5.2845283508300803e+01
   1.0200000000000000e+02   1.8304946899414099e+02
   1.0209999999999999e+02   1.0953646087646500e+02
   1.0300000000000000e+02   2.6873894042968800e+03
   1.0409999999999999e+02   1.7116413574218800e+03
   1.0509999999999999e+02   9.7058525390625000e+03
   1.0590000000000001e+02   8.8704063415527301e+01
   1.0600000000000000e+02   8.9862359619140602e+02
   1.0690000000000001e+02   4.6322898864746101e+01
   1.0700000000000000e+02   6.7939392089843807e+01
   1.0709999999999999e+02   4.9581882476806598e+01
   1.0790000000000001e+02   6.0989345550537102e+01
   1.0800000000000000e+02   1.4896133422851599e+02
   1.0809999999999999e+02   6.5962684631347699e+01
   1.0880000000000000e+02   3.5362934112548800e+01
   1.0900000000000000e+02   1.8338458251953100e+03
   1.0990000000000001e+02   1.4357264709472699e+02
   1.1000000000000000e+02   6.6812316894531295e+02
   1.1020000000000000e+02   3.9652862548828097e+01
   1.1090000000000001e+02   1.1202071380615200e+02
   1.1100000000000000e+02   2.0495134277343800e+03
   1.1180000000000000e+02   3.3678611755371101e+01
   1.1200000000000000e+02   3.1585562133789102e+02
   1.1309999999999999e+02   2.9657505035400401e+01
   1.1480000000000000e+02   4.6074615478515597e+01
   1.1500000000000000e+02   2.8047558593750000e+02
   1.1509999999999999e+02   2.1203645706176800e+01
   1.1580000000000000e+02   1.1096659660339400e+01
   1.1590000000000001e+02   1.8684095764160199e+02
   1.1609999999999999e+02   5.4839832305908203e+01
   1.1690000000000001e+02   2.1632347106933599e+02
   1.1700000000000000e+02   3.3470834350585898e+02
   1.1790000000000001e+02   4.7469219207763700e+01
   1.1809999999999999e+02   1.2038597106933599e+02
   1.2090000000000001e+02   4.1184791564941399e+01
   1.2100000000000000e+02   3.1584564208984398e+02
   1.2120000000000000e+02   1.7092952728271499e+01
   1.2200000000000000e+02   3.5568264160156300e+03
   1.2280000000000000e+02   2.4761875152587901e+01
   1.2300000000000000e+02   1.0486496582031300e+03
   1.2390000000000001e+02   4.5403375244140602e+02
   1.2400000000000000e+02   2.7382449340820301e+02
   1.2500000000000000e+02   2.5918073654174801e+01
   1.2780000000000000e+02   5.4032649993896499e+01
   1.2800000000000000e+02   5.8474334716796903e+01
   1.2890000000000001e+02   4.5198493957519503e+01
   1.2900000000000000e+02   9.0516563415527301e+01
   1.2980000000000001e+02   1.6370445251464801e+01
   1.3000000000000000e+02   2.4853073120117199e+02
   1.3009999999999999e+02   7.4704492187500000e+02
   1.3019999999999999e+02   1.7336511611938501e+01
   1.3080000000000001e+02   1.6121938705444300e+01
   1.3090000000000001e+02   6.4798278808593807e+01
   1.3109999999999999e+02   2.1224038696289099e+02
   1.3190000000000001e+02   1.7594432067871099e+02
   1.3200000000000000e+02   2.8508575439453102e+02
   1.3209999999999999e+02   3.6989421844482401e+01
   1.3280000000000001e+02   2.0679918289184599e+01
   1.3290000000000001e+02   6.8867546081542997e+01
   1.3300000000000000e+02   1.3178677368164099e+02
   1.3400000000000000e+02   1.4778868103027301e+02
   1.3409999999999999e+02   2.4576846313476599e+02
   1.3419999999999999e+02   2.7116224288940401e+01
   1.3480000000000001e+02   1.5753241539001500e+01
   1.3500000000000000e+02   9.7001531982421898e+02
   1.3509999999999999e+02   1.1799788665771500e+02
   1.3519999999999999e+02   1.1191340446472200e+01
   1.3600000000000000e+02   2.5611960449218800e+03
   1.3700000000000000e+02   1.5099534912109400e+03
   1.3780000000000001e+02   3.5581962585449197e+01
   1.3790000000000001e+02   1.4416317749023401e+02
   1.3809999999999999e+02   4.0734912109375000e+02
   1.3819999999999999e+02   1.5464308738708500e+01
   1.3890000000000001e+02   1.6511647033691401e+02
   1.3909999999999999e+02   7.0402185058593795e+02
   1.4009999999999999e+02   3.9024509429931598e+01
   1.4090000000000001e+02   2.2828639984130898e+01
   1.4190000000000001e+02   1.6978721618652301e+01
   1.4280000000000001e+02   1.3850412368774400e+01
   1.4309999999999999e+02   2.5650533676147500e+01
   1.4380000000000001e+02   2.0277648925781300e+01
   1.4400000000000000e+02   4.2579906463622997e+01
   1.4409999999999999e+02   2.0688955688476599e+02
   1.4480000000000001e+02   1.1699017524719199e+01
   1.4490000000000001e+02   1.1812293052673301e+01
   1.4569999999999999e+02   1.4582083702087401e+01
   1.4600000000000000e+02   3.2865399169921898e+02
   1.4609999999999999e+02   3.3363105773925803e+01
   1.4680000000000001e+02   1.3469298362731900e+01
   1.4700000000000000e+02   1.3249032974243200e+01
   1.4719999999999999e+02   7.0491142272949205e+01
   1.4809999999999999e+02   3.6105197753906300e+03
   1.4900000000000000e+02   2.6252299804687500e+03
   1.5000000000000000e+02   3.6942526855468800e+03
   1.5090000000000001e+02   1.3681916809082000e+02
   1.5109999999999999e+02   6.1093017578125000e+02
   1.5200000000000000e+02   1.6800015258789099e+02
   1.5309999999999999e+02   1.1754615783691399e+01
   1.5509999999999999e+02   2.1542850494384801e+01
   1.5600000000000000e+02   4.3800685882568402e+01
   1.5609999999999999e+02   4.2331378936767599e+01
   1.5780000000000001e+02   1.1092094421386699e+01
   1.5800000000000000e+02   1.7942520141601602e+01
   1.5809999999999999e+02   1.4964257812500000e+02
   1.5890000000000001e+02   1.1292430114746099e+02
   1.6000000000000000e+02   4.7080450439453102e+02
   1.6009999999999999e+02   4.2175177001953102e+02
   1.6100000000000000e+02   2.6252200317382801e+02
   1.6200000000000000e+02   5.7572662353515602e+02
   1.6290000000000001e+02   6.7505332946777301e+01
   1.6300000000000000e+02   4.4788833618164102e+02
   1.6309999999999999e+02   3.2100985717773398e+02
   1.6409999999999999e+02   1.4761453125000000e+04
   1.6500000000000000e+02   1.5911732177734400e+03
   1.6509999999999999e+02   2.5802456665039102e+02
   1.6600000000000000e+02   2.3827474975585901e+02
   1.6609999999999999e+02   1.2557091522216800e+02
   1.6709999999999999e+02   1.4359780311584499e+01
   1.6800000000000000e+02   2.2991537094116200e+01
   1.7300000000000000e+02   1.0934943199157701e+01
   1.7409999999999999e+02   2.6690328598022500e+01
   1.7500000000000000e+02   5.9269660949707003e+01
   1.7519999999999999e+02   1.2731003761291500e+01
   1.7590000000000001e+02   5.9091594696044901e+01
   1.7600000000000000e+02   4.2301010131835898e+02
   1.7680000000000001e+02   2.5691045761108398e+01
   1.7690000000000001e+02   1.5750363159179699e+02
   1.7709999999999999e+02   3.2074932861328102e+02
   1.7800000000000000e+02   2.5068307495117199e+02
   1.7900000000000000e+02   2.0542211532592798e+01
   1.8009999999999999e+02   1.1259694099426300e+01
   1.8080000000000001e+02   2.7610372543335000e+01
   1.8090000000000001e+02   1.3623823547363301e+02
   1.8109999999999999e+02   1.0939489746093800e+02
   1.8209999999999999e+02   2.2173046875000000e+02
   1.8309999999999999e+02   1.8085826873779300e+01
   1.8380000000000001e+02   1.3419166564941399e+01
   1.8400000000000000e+02   2.9096548461914102e+02
   1.8409999999999999e+02   3.3503027343750000e+02
   1.8500000000000000e+02   1.2482263183593800e+02
   1.8509999999999999e+02   1.9275302124023401e+02
   1.8519999999999999e+02   6.2646293640136697e+01
   1.8609999999999999e+02   7.6848651123046898e+02
   1.8609999999999999e+02   5.7167553710937500e+02
   1.8690000000000001e+02   1.0685967254638700e+02
   1.8709999999999999e+02   1.8243611145019500e+02
   1.8719999999999999e+02   1.0949422454834000e+02
   1.8809999999999999e+02   1.3724991455078100e+03
   1.8819999999999999e+02   2.9547916412353501e+01
   1.8900000000000000e+02   1.0220658111572300e+02
   1.8919999999999999e+02   1.2402612304687500e+02
   1.8990000000000001e+02   1.2978835105896000e+01
   1.9009999999999999e+02   3.8371242523193402e+01
   1.9090000000000001e+02   1.6631790161132798e+01
   1.9109999999999999e+02   2.3261781311035199e+02
   1.9119999999999999e+02   3.1201892852783200e+01
   1.9190000000000001e+02   3.1155834197998001e+01
   1.9209999999999999e+02   1.4232728958129901e+01
   2.0300000000000000e+02   1.2739645957946800e+01
   2.0409999999999999e+02   1.2380867958068800e+01
   2.0500000000000000e+02   2.8381158447265602e+02
   2.0509999999999999e+02   7.0571075439453102e+02
   2.0600000000000000e+02   5.1502642822265602e+02
   2.0609999999999999e+02   6.0804797363281295e+02
   2.0630000000000001e+02   3.1094060897827099e+01
   2.0709999999999999e+02   1.2500853515625000e+04
   2.0809999999999999e+02   1.8592706298828100e+03
   2.0819999999999999e+02   2.4533014297485401e+01
   2.0909999999999999e+02   4.8843147277832003e+01
   2.0919999999999999e+02   1.4784491539001500e+01
   2.1080000000000001e+02   1.0044111251831101e+01
   2.1100000000000000e+02   9.0539024353027301e+01
   2.1500000000000000e+02   9.0646492004394503e+01
   2.1900000000000000e+02   2.4668365478515600e+01
   2.3290000000000001e+02   8.4876701354980497e+01
   2.3309999999999999e+02   4.2239456176757804e+00
   2.3400000000000000e+02   4.8499641418457003e+01
   2.3409999999999999e+02   1.6926140136718800e+03
   2.3490000000000001e+02   2.9717832565307599e+01
   2.3509999999999999e+02   2.8508856201171898e+02
   2.3690000000000001e+02   8.3022239685058594e+01
   2.3700000000000000e+02   5.9280410766601598e+01
   2.4800000000000000e+02   5.7223075866699197e+01
   2.4819999999999999e+02   1.2611201477050800e+02
   2.4830000000000001e+02   1.4567357063293500e+01
   2.7489999999999998e+02   1.1746506690979000e+01
   2.7519999999999999e+02   7.6288223266601605e+01
   2.7600000000000000e+02   4.3246623992919901e+01
   2.7619999999999999e+02   1.1999147796630901e+02
   2.7630000000000001e+02   2.7855810165405298e+01
   2.7719999999999999e+02   3.4986636718750000e+04
   2.7819999999999999e+02   6.4827514648437500e+03
   2.7900000000000000e+02   4.4036098480224602e+01
   2.7919999999999999e+02   5.8158099365234398e+02
   2.9710000000000002e+02   4.0241115570068402e+01
   2.9719999999999999e+02   4.3899532318115199e+01
   3.6630000000000001e+02   6.0336250305175803e+01
   3.6700000000000000e+02   1.5120452880859400e+01
   3.6710000000000002e+02   1.1817875862121600e+01
