   4.1000000000000000e+01   4.3724285888671898e+02
   4.1200000000000003e+01   1.3783602714538601e+01
   4.2000000000000000e+01   1.5826693115234400e+03
   4.3000000000000000e+01   9.9857719421386705e+01
   4.3100000000000001e+01   6.8752273559570298e+01
   4.4000000000000000e+01   4.9814056396484398e+02
   4.4100000000000001e+01   1.5972528076171901e+02
   4.4899999999999999e+01   1.4648797988891600e+01
   4.9799999999999997e+01   3.0443370819091800e+01
   5.0000000000000000e+01   1.2631893157959000e+02
   5.0899999999999999e+01   3.7212997436523402e+01
   5.1000000000000000e+01   1.9209658813476599e+02
   5.1100000000000001e+01   1.0722531127929700e+02
   5.1200000000000003e+01   1.4176622390747101e+01
   5.1899999999999999e+01   1.4959461975097699e+02
   5.2100000000000001e+01   5.3343788146972699e+01
   5.2299999999999997e+01   1.1224700927734400e+01
   5.2799999999999997e+01   1.2548912048339799e+01
   5.3000000000000000e+01   1.3478161621093801e+02
   5.3100000000000001e+01   5.7394966125488303e+01
   5.3899999999999999e+01   3.1334447860717798e+01
   5.4000000000000000e+01   1.6963562011718801e+02
   5.5000000000000000e+01   4.8054257202148398e+02
   5.5899999999999999e+01   1.8845674514770501e+01
   5.6000000000000000e+01   2.7722888183593801e+02
   5.7000000000000000e+01   2.1997895507812500e+03
   5.7899999999999999e+01   3.7693111419677699e+01
   5.8000000000000000e+01   3.2256240844726598e+01
   5.8899999999999999e+01   2.7343189239501999e+01
   5.9000000000000000e+01   4.7639236450195298e+01
   6.0899999999999999e+01   8.0975246429443395e+00
   6.1799999999999997e+01   1.8205642700195298e+01
   6.2000000000000000e+01   2.5603324890136701e+01
   6.2100000000000001e+01   7.2317686080932599e+00
   6.2799999999999997e+01   8.7085733413696307e+00
   6.2899999999999999e+01   9.7536705017089801e+01
   6.3000000000000000e+01   2.4840716552734401e+02
   6.3899999999999999e+01   2.6302151489257801e+02
   6.4000000000000000e+01   7.9748153686523395e+01
   6.4799999999999997e+01   1.1397359848022500e+01
   6.5000000000000000e+01   7.3183416748046898e+02
   6.5900000000000006e+01   6.9473800659179702e+01
   6.6099999999999994e+01   4.8343315124511697e+01
   6.6799999999999997e+01   7.7059235572814897e+00
   6.7000000000000000e+01   1.9672021484375000e+02
   6.7099999999999994e+01   1.4534724426269500e+02
   6.7900000000000006e+01   4.2053356170654297e+01
   6.8000000000000000e+01   1.6649034118652301e+02
   6.8099999999999994e+01   2.1494938659668000e+02
   6.9000000000000000e+01   1.4162515258789099e+02
   6.9000000000000000e+01   3.2082641601562500e+02
   6.9900000000000006e+01   1.2383656311035200e+02
   7.0000000000000000e+01   8.6550036621093795e+02
   7.0099999999999994e+01   2.5752054214477500e+01
   7.1099999999999994e+01   1.0814557075500501e+01
   7.2799999999999997e+01   8.3265628814697301e+00
   7.2900000000000006e+01   1.8008089065551800e+01
   7.3000000000000000e+01   1.3187842369079601e+00
   7.3799999999999997e+01   2.7325004577636701e+01
   7.4000000000000000e+01   1.5435898780822800e+01
   7.4900000000000006e+01   5.2229019165039098e+01
   7.5099999999999994e+01   3.2219554901122997e+01
   7.5200000000000003e+01   1.1679074287414601e+01
   7.5900000000000006e+01   9.6337804794311506e+00
   7.6000000000000000e+01   9.4767875671386705e+01
   7.6200000000000003e+01   1.0322066307067900e+01
   7.7000000000000000e+01   3.4085656738281301e+02
   7.7000000000000000e+01   1.1478814697265600e+03
   7.7900000000000006e+01   2.1533821105957000e+02
   7.8000000000000000e+01   2.1698858642578099e+02
   7.8099999999999994e+01   1.9155642700195301e+02
   7.8900000000000006e+01   4.4907756805419901e+01
   7.9000000000000000e+01   7.9263360595703102e+02
   7.9799999999999997e+01   1.4035126686096200e+01
   8.0000000000000000e+01   2.7187783813476602e+02
   8.0099999999999994e+01   1.3640055847168000e+02
   8.0799999999999997e+01   1.3043436050415000e+01
   8.0900000000000006e+01   7.8655593872070298e+01
   8.1099999999999994e+01   9.6337898254394503e+01
   8.1900000000000006e+01   3.7534400939941399e+01
   8.2000000000000000e+01   3.6120483398437500e+02
   8.2900000000000006e+01   7.2627463340759304e+00
   8.3000000000000000e+01   5.5602935791015597e+01
   8.3099999999999994e+01   8.1667957305908203e+00
   8.3900000000000006e+01   8.6669607162475604e+00
   8.4000000000000000e+01   5.0309230804443402e+01
   8.4200000000000003e+01   8.0680160522460902e+00
   8.8799999999999997e+01   1.4540968894958500e+01
   8.8900000000000006e+01   9.3878181457519503e+01
   8.9099999999999994e+01   1.0991199493408200e+02
   9.0000000000000000e+01   1.2787854766845700e+02
   9.0099999999999994e+01   1.0604726409912099e+02
   9.0799999999999997e+01   6.3916744232177699e+01
   9.1000000000000000e+01   1.3612546386718800e+03
   9.1099999999999994e+01   1.2738383789062500e+03
   9.1900000000000006e+01   3.2358768463134801e+01
   9.2000000000000000e+01   3.0885971069335898e+02
   9.2099999999999994e+01   4.2556109619140602e+02
   9.2900000000000006e+01   7.7504714965820298e+01
   9.3000000000000000e+01   1.1540576171875000e+02
   9.3099999999999994e+01   2.6479101181030298e+01
   9.3799999999999997e+01   8.4951648712158203e+00
   9.3900000000000006e+01   2.5893539428710898e+01
   9.4000000000000000e+01   3.1569003295898398e+02
   9.4900000000000006e+01   7.9654968261718807e+01
   9.5000000000000000e+01   2.9379580688476602e+02
   9.5200000000000003e+01   9.4118232727050799e+00
   9.6000000000000000e+01   3.3881704711914102e+02
   9.6099999999999994e+01   1.8472811279296900e+03
   9.6900000000000006e+01   1.5931319236755400e+01
   9.7000000000000000e+01   3.1806048583984398e+02
   9.7099999999999994e+01   8.2666984558105497e+01
   9.7900000000000006e+01   5.1915786743164098e+01
   9.8000000000000000e+01   3.3740123748779297e+01
   9.8099999999999994e+01   8.9270080566406307e+01
   1.0090000000000001e+02   7.5793848037719700e+00
   1.0180000000000000e+02   3.6039043426513700e+01
   1.0200000000000000e+02   5.7977104187011697e+01
   1.0200000000000000e+02   2.2821643829345700e+01
   1.0290000000000001e+02   2.9756410598754901e+01
   1.0300000000000000e+02   8.4743353271484398e+02
   1.0309999999999999e+02   1.1385167694091800e+02
   1.0390000000000001e+02   8.9049263000488295e+01
   1.0400000000000000e+02   2.4322518920898401e+02
   1.0409999999999999e+02   2.6108926391601602e+02
   1.0490000000000001e+02   2.9065841674804702e+01
   1.0500000000000000e+02   5.3979827880859398e+02
   1.0509999999999999e+02   2.2186750488281300e+03
   1.0580000000000000e+02   6.5888624191284197e+00
   1.0590000000000001e+02   9.0389678955078097e+01
   1.0609999999999999e+02   2.9797412109375000e+02
   1.0620000000000000e+02   3.5244098663330099e+01
   1.0670000000000000e+02   7.4581360816955602e+00
   1.0680000000000000e+02   9.3813152313232404e+00
   1.0690000000000001e+02   5.5795246124267599e+01
   1.0700000000000000e+02   3.1311712646484398e+02
   1.0720000000000000e+02   1.6053012847900401e+01
   1.0780000000000000e+02   7.3809337615966797e+00
   1.0790000000000001e+02   5.3214593505859398e+02
   1.0809999999999999e+02   4.8257830810546898e+02
   1.0880000000000000e+02   1.4895769119262701e+01
   1.0890000000000001e+02   6.8850112915039105e+01
   1.0900000000000000e+02   3.2670589447021499e+01
   1.0909999999999999e+02   3.5617481231689503e+01
   1.0980000000000000e+02   2.1923292160034201e+01
   1.1009999999999999e+02   7.6900401115417498e+00
   1.1480000000000000e+02   1.4714541435241699e+01
   1.1490000000000001e+02   7.7795173645019503e+01
   1.1600000000000000e+02   5.9795696258544901e+01
   1.1620000000000000e+02   2.1151184082031300e+01
   1.1670000000000000e+02   1.3257813453674300e+01
   1.1690000000000001e+02   1.7417848205566401e+02
   1.1700000000000000e+02   2.3293450927734401e+02
   1.1709999999999999e+02   7.8466911315918004e+00
   1.1790000000000001e+02   6.2200836181640597e+01
   1.1809999999999999e+02   1.6922465515136699e+02
   1.1880000000000000e+02   4.2678474426269503e+01
   1.1900000000000000e+02   5.7554603576660199e+01
   1.1990000000000001e+02   2.0683526992797901e+01
   1.2000000000000000e+02   1.5380737304687500e+02
   1.2090000000000001e+02   1.7120332717895501e+01
   1.2100000000000000e+02   3.2680178833007801e+02
   1.2109999999999999e+02   5.3978717803955099e+01
   1.2180000000000000e+02   1.0209327697753899e+01
   1.2200000000000000e+02   2.3143902587890599e+02
   1.2200000000000000e+02   1.3477886962890599e+02
   1.2209999999999999e+02   7.3064872741699205e+01
   1.2280000000000000e+02   1.7346084594726602e+01
   1.2290000000000001e+02   1.0428936004638700e+02
   1.2309999999999999e+02   6.3559698486328102e+02
   1.2400000000000000e+02   1.2790299987793000e+02
   1.2409999999999999e+02   2.8485208511352500e+01
   1.2790000000000001e+02   2.0894090652465799e+01
   1.2900000000000000e+02   1.5266927719116200e+01
   1.2990000000000001e+02   1.5442562866210901e+02
   1.3009999999999999e+02   2.9571502685546898e+02
   1.3100000000000000e+02   1.2331301879882800e+02
   1.3109999999999999e+02   4.9116241455078097e+01
   1.3190000000000001e+02   2.9603469848632801e+02
   1.3209999999999999e+02   1.2648974609375000e+02
   1.3269999999999999e+02   7.4071397781372097e+00
   1.3290000000000001e+02   8.0113471984863295e+01
   1.3300000000000000e+02   1.9156733703613301e+02
   1.3309999999999999e+02   4.2267921447753899e+01
   1.3390000000000001e+02   6.4263336181640597e+01
   1.3400000000000000e+02   1.1212406005859400e+03
   1.3480000000000001e+02   1.9544204711914102e+01
   1.3490000000000001e+02   5.2817573547363303e+01
   1.3500000000000000e+02   2.5307946777343801e+02
   1.3509999999999999e+02   2.9802213668823200e+01
   1.3580000000000001e+02   4.4170173645019503e+01
   1.3600000000000000e+02   1.3149572753906301e+02
   1.3609999999999999e+02   2.0517469406127901e+01
   1.3690000000000001e+02   3.6922012329101598e+01
   1.3709999999999999e+02   5.7681060791015597e+01
   1.3780000000000001e+02   7.3110980987548801e+00
   1.3790000000000001e+02   5.7196907997131303e+00
   1.3809999999999999e+02   8.6780862808227504e+00
   1.3900000000000000e+02   4.5635082244872997e+01
   1.3909999999999999e+02   5.1431110382080099e+01
   1.4369999999999999e+02   7.7792429924011204e+00
   1.4380000000000001e+02   1.1863986015319799e+01
   1.4390000000000001e+02   8.2995697021484403e+01
   1.4400000000000000e+02   7.4928169250488295e+01
   1.4419999999999999e+02   2.9338352203369102e+01
   1.4500000000000000e+02   1.1777546691894500e+02
   1.4509999999999999e+02   1.3349153137207000e+02
   1.4590000000000001e+02   2.9345235824585000e+01
   1.4600000000000000e+02   3.0768765258789102e+02
   1.4609999999999999e+02   2.0207801818847699e+02
   1.4619999999999999e+02   2.0579259872436499e+01
   1.4690000000000001e+02   1.2185202789306599e+02
   1.4709999999999999e+02   8.4942131042480497e+01
   1.4780000000000001e+02   1.8981796264648398e+01
   1.4800000000000000e+02   3.3851324462890602e+02
   1.4809999999999999e+02   3.2228561401367199e+02
   1.4890000000000001e+02   1.2972784423828099e+02
   1.4909999999999999e+02   2.7091693115234398e+02
   1.4919999999999999e+02   3.2322994232177699e+01
   1.4990000000000001e+02   2.6257766723632798e+01
   1.5000000000000000e+02   3.5182193756103501e+01
   1.5009999999999999e+02   5.6799373626708999e+01
   1.5500000000000000e+02   1.1334850311279300e+01
   1.5509999999999999e+02   6.7465858459472701e+00
   1.5609999999999999e+02   7.5407471656799299e+00
   1.5790000000000001e+02   6.2045791625976598e+01
   1.5809999999999999e+02   4.8783882141113303e+01
   1.5819999999999999e+02   7.2067599296569798e+00
   1.5890000000000001e+02   1.1953199768066401e+02
   1.5900000000000000e+02   5.6031551361083999e+01
   1.5990000000000001e+02   1.1639905548095700e+02
   1.6009999999999999e+02   6.8325799560546898e+02
   1.6019999999999999e+02   3.7585559844970703e+01
   1.6090000000000001e+02   1.6758281707763700e+01
   1.6100000000000000e+02   3.6982019042968801e+02
   1.6109999999999999e+02   3.3612728881835898e+02
   1.6190000000000001e+02   3.7568912506103501e+01
   1.6209999999999999e+02   1.0997943115234400e+03
   1.6280000000000001e+02   1.3270855903625501e+01
   1.6290000000000001e+02   8.4220169067382798e+01
   1.6309999999999999e+02   1.7027203369140599e+02
   1.7200000000000000e+02   7.5154013633728001e+00
   1.7400000000000000e+02   7.2927047729492202e+01
   1.7409999999999999e+02   8.1133758544921903e+01
   1.7430000000000001e+02   7.1428413391113299e+00
   1.7490000000000001e+02   2.2821674346923800e+01
   1.7500000000000000e+02   3.9821220397949197e+01
   1.7509999999999999e+02   6.7195312500000000e+01
   1.7519999999999999e+02   1.3774607658386200e+01
   1.7600000000000000e+02   6.5799697875976605e+01
   1.7609999999999999e+02   7.8538041992187500e+03
   1.7709999999999999e+02   1.1189333496093800e+03
   1.7790000000000001e+02   2.3952547073364300e+01
   1.7800000000000000e+02   6.6977233886718807e+01
   1.7809999999999999e+02   3.2404663085937500e+01
   1.7890000000000001e+02   8.5030570983886705e+01
   1.7909999999999999e+02   1.6475515747070301e+02
   1.7980000000000001e+02   1.1002939224243200e+01
   1.8000000000000000e+02   3.0375082015991200e+01
   1.8009999999999999e+02   4.6563247680664098e+01
   1.8190000000000001e+02   1.0372071266174300e+01
   1.8390000000000001e+02   6.3720787048339801e+01
   1.8409999999999999e+02   2.7108612060546898e+02
   1.8490000000000001e+02   8.2320575714111293e+00
   1.8500000000000000e+02   1.1474495697021500e+02
   1.8509999999999999e+02   5.2327960968017599e+01
   1.8590000000000001e+02   2.2584234237670898e+01
   1.8609999999999999e+02   3.5799621582031301e+02
   1.8619999999999999e+02   1.5969735717773401e+02
   1.8700000000000000e+02   9.7415748596191406e+01
   1.8709999999999999e+02   9.1770240783691406e+01
   1.8790000000000001e+02   3.2865016937255902e+01
   1.8809999999999999e+02   1.0130944213867200e+03
   1.8819999999999999e+02   6.8143844604492202e+01
   1.8900000000000000e+02   1.3649836730957000e+02
   1.8909999999999999e+02   1.1658949279785200e+02
   1.9000000000000000e+02   3.7605628967285199e+01
   1.9019999999999999e+02   1.7778030395507798e+01
   1.9909999999999999e+02   1.5534779548645000e+01
   2.0000000000000000e+02   1.1798855781555201e+01
   2.0080000000000001e+02   2.3189319610595700e+01
   2.0090000000000001e+02   1.4627865791320801e+01
   2.0200000000000000e+02   1.8576862335205099e+01
   2.0209999999999999e+02   2.7868598937988299e+01
   2.0290000000000001e+02   5.4288818359375000e+01
   2.0309999999999999e+02   3.1738452911376999e+01
   2.0700000000000000e+02   7.6814432144165004e+00
   2.0709999999999999e+02   6.6986041069030797e+00
   2.1080000000000001e+02   8.6519317626953107e+00
   2.1169999999999999e+02   7.2840132713317898e+00
   2.1490000000000001e+02   1.0771488952636700e+02
   2.1500000000000000e+02   4.6923412322997997e+01
   2.1580000000000001e+02   7.2060441970825204e+00
   2.1590000000000001e+02   1.8562385559081999e+01
   2.1600000000000000e+02   5.4905681610107404e+00
   2.1619999999999999e+02   6.6611309051513699e+00
   2.1690000000000001e+02   2.0348663330078100e+01
   2.1700000000000000e+02   1.4559327697753901e+02
   2.1709999999999999e+02   8.5030975341796903e+01
   2.1719999999999999e+02   9.2035055160522496e+00
   2.1809999999999999e+02   2.8163500976562500e+02
   2.1819999999999999e+02   1.3722010803222699e+02
   2.1909999999999999e+02   3.1330856933593800e+03
   2.2000000000000000e+02   1.1608783721923800e+02
   2.2009999999999999e+02   3.1356079101562500e+02
   2.2019999999999999e+02   3.3598514556884801e+01
   2.2119999999999999e+02   1.0856191635131800e+01
   2.2900000000000000e+02   7.0181312561035201e+00
   2.3180000000000001e+02   1.1898290634155300e+01
   2.3209999999999999e+02   2.0404943847656300e+03
   2.3300000000000000e+02   3.7964752197265602e+02
   2.3309999999999999e+02   9.2152500152587908e+00
   2.3400000000000000e+02   1.8163257598876999e+01
   2.3409999999999999e+02   8.5682506561279297e+00
   2.3690000000000001e+02   1.2816963195800801e+01
   2.3700000000000000e+02   7.0199127197265597e+01
   2.3790000000000001e+02   8.3984355926513707e+00
   2.4600000000000000e+02   2.1690959930419901e+01
   2.4609999999999999e+02   9.6903991699218803e+00
   2.5880000000000001e+02   6.8254275321960396e+00
   2.7519999999999999e+02   1.1009882812500000e+04
   2.7600000000000000e+02   6.4115249633789105e+01
   2.7610000000000002e+02   2.9902200317382801e+02
   2.7619999999999999e+02   1.4869066162109400e+03
   2.7700000000000000e+02   4.0071083068847699e+01
   2.7710000000000002e+02   1.9031227111816401e+02
