   4.0100000000000001e+01   4.0826086425781301e+02
   4.1100000000000001e+01   5.0117558593750000e+03
   4.2100000000000001e+01   2.5108849609375000e+04
   4.3100000000000001e+01   2.3899082031250000e+03
   4.4100000000000001e+01   2.5836369140625000e+04
   4.5000000000000000e+01   6.7376098632812500e+02
   4.5200000000000003e+01   6.3098415374755902e+01
   4.9000000000000000e+01   1.4331192016601600e+01
   4.9100000000000001e+01   1.7995695114135700e+01
   5.0000000000000000e+01   1.0804306640625000e+03
   5.1000000000000000e+01   4.6430761718750000e+03
   5.2000000000000000e+01   1.6071569824218800e+03
   5.2899999999999999e+01   3.1760836791992199e+02
   5.3000000000000000e+01   1.2480965576171900e+03
   5.4000000000000000e+01   2.1656335449218800e+03
   5.5000000000000000e+01   2.7024719238281300e+03
   5.5100000000000001e+01   1.1069255828857401e+02
   5.6100000000000001e+01   3.3557780761718800e+03
   5.7100000000000001e+01   2.8508217773437500e+03
   5.7799999999999997e+01   2.8028553009033200e+01
   5.8000000000000000e+01   2.2700570678710901e+02
   5.8100000000000001e+01   2.3905125427246099e+02
   5.8899999999999999e+01   1.1463920593261700e+02
   5.9100000000000001e+01   2.7064737319946300e+01
   6.0899999999999999e+01   1.2112676239013700e+02
   6.1100000000000001e+01   1.9986219406127901e+01
   6.2000000000000000e+01   4.3985290527343801e+02
   6.2100000000000001e+01   7.0225532531738295e+01
   6.2899999999999999e+01   1.0861166381835901e+02
   6.3000000000000000e+01   2.5523405761718800e+03
   6.4000000000000000e+01   1.1100014495849599e+02
   6.4099999999999994e+01   1.3908269042968800e+03
   6.5000000000000000e+01   1.4789975585937500e+04
   6.6000000000000000e+01   2.8835251464843800e+03
   6.6900000000000006e+01   5.2156726837158203e+01
   6.7000000000000000e+01   1.7458975830078100e+03
   6.8000000000000000e+01   1.6283468017578100e+03
   6.8099999999999994e+01   1.6629608154296900e+03
   6.8900000000000006e+01   1.7759257507324199e+02
   6.9099999999999994e+01   1.4856903076171900e+03
   7.0099999999999994e+01   8.2086259765625000e+03
   7.1000000000000000e+01   5.8910668945312500e+02
   7.2000000000000000e+01   9.1207130432128906e+01
   7.2200000000000003e+01   5.2243297576904297e+01
   7.2900000000000006e+01   1.5572858810424799e+01
   7.3000000000000000e+01   3.6202655792236300e+01
   7.3200000000000003e+01   2.2012790679931602e+01
   7.4000000000000000e+01   3.6848794555664102e+02
   7.4099999999999994e+01   9.7855583190917997e+01
   7.4700000000000003e+01   1.5870079994201699e+01
   7.4900000000000006e+01   4.1819900512695298e+01
   7.5000000000000000e+01   5.3315985107421898e+02
   7.5900000000000006e+01   1.1049948883056599e+02
   7.6000000000000000e+01   7.1918652343750000e+02
   7.6099999999999994e+01   4.3102041625976602e+02
   7.7000000000000000e+01   2.5061962890625000e+04
   7.8000000000000000e+01   6.4677202148437500e+03
   7.9000000000000000e+01   7.8414760742187500e+03
   8.0000000000000000e+01   1.7696837158203100e+03
   8.1000000000000000e+01   5.0888409423828102e+02
   8.1099999999999994e+01   1.1459600067138700e+02
   8.2000000000000000e+01   2.1498994140625000e+03
   8.2799999999999997e+01   2.0522171020507798e+01
   8.3000000000000000e+01   3.8181579589843801e+02
   8.3099999999999994e+01   1.1225769805908200e+02
   8.4000000000000000e+01   7.4536773681640602e+02
   8.4200000000000003e+01   3.4155433654785199e+01
   8.5000000000000000e+01   9.3557617187500000e+01
   8.7099999999999994e+01   3.4139465332031300e+01
   8.7900000000000006e+01   1.9427331924438501e+01
   8.8099999999999994e+01   3.7532093048095703e+01
   8.9000000000000000e+01   2.9452478027343800e+03
   8.9099999999999994e+01   1.2357244110107401e+02
   9.0099999999999994e+01   2.0710183105468800e+03
   9.1000000000000000e+01   4.6262906250000000e+04
   9.1900000000000006e+01   1.4473417663574199e+02
   9.2099999999999994e+01   6.9181269531250000e+03
   9.3000000000000000e+01   1.7844433593750000e+03
   9.3099999999999994e+01   2.0162902832031300e+03
   9.4400000000000006e+01   4.4967053222656301e+02
   9.4500000000000000e+01   2.8125151367187500e+03
   9.4599999999999994e+01   2.0416671142578100e+03
   9.4900000000000006e+01   1.1150947570800800e+02
   9.5099999999999994e+01   7.2822700500488295e+01
   9.6099999999999994e+01   1.7553044921875000e+04
   9.7099999999999994e+01   2.5958811035156300e+03
   9.7900000000000006e+01   1.3255581665039099e+02
   9.8000000000000000e+01   1.5792445373535199e+02
   9.8200000000000003e+01   4.8281982421875000e+01
   1.0080000000000000e+02   7.7401435852050795e+01
   1.0100000000000000e+02   4.8461914062500000e+01
   1.0109999999999999e+02   6.4970863342285199e+01
   1.0200000000000000e+02   1.0463311767578100e+03
   1.0220000000000000e+02   1.6973461914062500e+02
   1.0300000000000000e+02   8.0741557617187500e+03
   1.0400000000000000e+02   1.0646735351562500e+04
   1.0500000000000000e+02   1.9816904296875000e+04
   1.0609999999999999e+02   7.2493784179687500e+03
   1.0680000000000000e+02   2.2103893280029300e+01
   1.0700000000000000e+02   5.4782604980468795e+02
   1.0709999999999999e+02   4.3304538726806598e+01
   1.0790000000000001e+02   1.7656124114990199e+01
   1.0809999999999999e+02   1.0315659332275401e+02
   1.0900000000000000e+02   1.4881300926208500e+01
   1.1090000000000001e+02   3.8269405364990199e+01
   1.1100000000000000e+02   3.3170028686523402e+01
   1.1500000000000000e+02   1.2222250976562500e+03
   1.1509999999999999e+02   1.3483621215820301e+02
   1.1590000000000001e+02   4.8497726440429702e+01
   1.1600000000000000e+02   5.1613262939453102e+02
   1.1609999999999999e+02   3.2694216918945301e+02
   1.1700000000000000e+02   7.6962924804687500e+03
   1.1809999999999999e+02   2.8835031250000000e+04
   1.1909999999999999e+02   7.7778354492187500e+03
   1.2009999999999999e+02   1.9321676025390600e+03
   1.2100000000000000e+02   1.3507482910156301e+02
   1.2109999999999999e+02   1.6454193115234400e+01
   1.2700000000000000e+02   1.1938137054443401e+02
   1.2709999999999999e+02   2.2425779342651399e+01
   1.2790000000000001e+02   1.5400291442871099e+02
   1.2800000000000000e+02   2.8217913818359398e+02
   1.2809999999999999e+02   1.3928073120117199e+02
   1.2890000000000001e+02   1.0789728546142599e+02
   1.2900000000000000e+02   2.9542227172851602e+02
   1.2909999999999999e+02   1.8339739990234401e+02
   1.3009999999999999e+02   9.0934638671875000e+03
   1.3109999999999999e+02   5.2374057617187500e+03
   1.3209999999999999e+02   2.2675585937500000e+04
   1.3300000000000000e+02   2.7712075195312500e+03
   1.3390000000000001e+02   4.4050685882568402e+01
   1.3409999999999999e+02   1.0785533447265600e+03
   1.3490000000000001e+02   4.1771923065185497e+01
   1.3509999999999999e+02   5.1000789642333999e+01
   1.3680000000000001e+02   2.4232173919677699e+01
   1.3700000000000000e+02   5.8531387329101598e+01
   1.3709999999999999e+02   4.4526414871215803e+00
   1.4090000000000001e+02   4.9622547149658203e+01
   1.4100000000000000e+02   3.0170717239379901e+01
   1.4180000000000001e+02   6.2083469390869098e+01
   1.4200000000000000e+02   3.5355434417724602e+01
   1.4219999999999999e+02   4.3749698638916001e+01
   1.4230000000000001e+02   2.9547447204589801e+01
   1.4280000000000001e+02   2.4019950866699201e+01
   1.4290000000000001e+02   1.8175704956054699e+02
   1.4300000000000000e+02   2.8728121948242199e+02
   1.4309999999999999e+02   1.9558329772949199e+02
   1.4400000000000000e+02   1.3619227600097699e+02
   1.4409999999999999e+02   2.5982802734375000e+03
   1.4519999999999999e+02   1.7098231201171900e+03
   1.4530000000000001e+02   9.2143127441406295e+02
   1.4609999999999999e+02   1.0208153125000000e+05
   1.4709999999999999e+02   1.1570120117187500e+04
   1.4809999999999999e+02   1.9609421386718800e+03
   1.4900000000000000e+02   1.0602481079101599e+02
   1.4919999999999999e+02   7.5085700988769503e+01
   1.5490000000000001e+02   1.4179927825927701e+01
   1.5500000000000000e+02   1.2185943603515600e+01
   1.5590000000000001e+02   4.5860813140869098e+01
   1.5609999999999999e+02   1.7340573120117199e+02
   1.5619999999999999e+02   3.1281501770019499e+01
   1.5690000000000001e+02   4.1179733276367202e+01
   1.5709999999999999e+02   1.1972702789306599e+02
   1.5800000000000000e+02   4.1426242065429699e+02
   1.5809999999999999e+02   3.2783477783203102e+02
   1.5819999999999999e+02   1.7503997802734400e+01
   1.5890000000000001e+02   1.9109649658203100e+01
   1.5900000000000000e+02   6.6581628417968795e+02
   1.6009999999999999e+02   3.9590485839843800e+03
   1.6090000000000001e+02   2.6826993942260700e+01
   1.6100000000000000e+02   6.1149780273437500e+02
   1.6200000000000000e+02   2.9924840927123999e+01
   1.6780000000000001e+02   2.0384410858154300e+01
   1.6990000000000001e+02   3.6786457061767599e+01
   1.7009999999999999e+02   3.7806278228759801e+01
   1.7100000000000000e+02   6.6723869323730497e+01
   1.7209999999999999e+02   7.0557586669921903e+01
   1.7300000000000000e+02   1.6392010498046901e+02
   1.7309999999999999e+02   8.5813163757324205e+01
   1.7400000000000000e+02   3.1420875549316399e+01
   1.7409999999999999e+02   5.1473487854003899e+01
   1.7990000000000001e+02   1.6617561340331999e+01
   1.8100000000000000e+02   2.7892179489135700e+01
   1.8209999999999999e+02   2.5364709854126001e+01
   1.8390000000000001e+02   8.1656539916992202e+01
   1.8409999999999999e+02   4.9616735839843801e+02
   1.8419999999999999e+02   9.1686744689941406e+01
   1.8500000000000000e+02   1.2468740844726599e+02
   1.8509999999999999e+02   3.0574328613281301e+02
   1.8600000000000000e+02   4.3535640716552699e+01
   1.8609999999999999e+02   8.3684350585937500e+02
   1.8619999999999999e+02   2.2029180908203099e+02
   1.8700000000000000e+02   4.0012596130371101e+01
   1.8709999999999999e+02   1.4942879638671900e+03
   1.8819999999999999e+02   2.0770590820312500e+03
   1.8909999999999999e+02   8.6759414062500000e+04
   1.9009999999999999e+02   1.2017015625000000e+04
   1.9100000000000000e+02   3.9214675903320301e+02
   1.9109999999999999e+02   4.4888339233398398e+02
   2.0109999999999999e+02   1.6440263748168899e+01
   2.0290000000000001e+02   1.7739892959594702e+01
   2.0309999999999999e+02   1.6426374435424801e+01
   2.1080000000000001e+02   1.0521289825439499e+01
   2.1100000000000000e+02   1.4388326644897500e+01
   2.1109999999999999e+02   2.5536903381347699e+01
   2.1490000000000001e+02   1.7075280761718801e+02
   2.1609999999999999e+02   2.0378561019897500e+01
   2.1900000000000000e+02   2.0533916473388700e+01
   2.3280000000000001e+02   1.1915843009948700e+01
   2.3290000000000001e+02   2.7115341186523398e+01
   2.3680000000000001e+02   1.7079181671142600e+00
   2.3700000000000000e+02   3.7593124389648402e+01
   2.5100000000000000e+02   1.9506362915039102e+01
   2.5119999999999999e+02   4.5403202056884801e+01
   2.7700000000000000e+02   3.6256652832031300e+01
   2.7800000000000000e+02   4.0899276733398402e+01
   2.7810000000000002e+02   1.3677593994140599e+02
   2.7919999999999999e+02   1.4584601402282701e+01
   2.8010000000000002e+02   1.1341700439453100e+03
   2.8019999999999999e+02   1.6434301757812500e+03
   2.8100000000000000e+02   3.2893947601318402e+01
   2.8119999999999999e+02   6.9907495117187500e+02
   2.8210000000000002e+02   1.3720791816711399e+01
   2.8219999999999999e+02   4.8636463165283203e+01
   2.8230000000000001e+02   3.9364398956298800e+01
