   4.0100000000000001e+01   8.5181144714355497e+01
   4.1100000000000001e+01   2.6186564941406300e+03
   4.2100000000000001e+01   9.9833222656250000e+03
   4.3100000000000001e+01   1.1998783203125000e+04
   4.4000000000000000e+01   4.6780439453125000e+03
   4.5000000000000000e+01   7.5826744079589801e+01
   4.5100000000000001e+01   6.9926902770996094e+01
   5.0000000000000000e+01   2.7558236694335898e+02
   5.0100000000000001e+01   1.6497337341308599e+02
   5.1000000000000000e+01   1.5321259765625000e+03
   5.1899999999999999e+01   1.8217910766601599e+02
   5.2000000000000000e+01   3.0215173339843801e+02
   5.2899999999999999e+01   1.3682526588439901e+01
   5.3000000000000000e+01   8.6210937500000000e+02
   5.4000000000000000e+01   8.4660949707031295e+02
   5.4799999999999997e+01   1.5632464408874499e+01
   5.5000000000000000e+01   1.0391030273437500e+03
   5.5100000000000001e+01   3.8169888305664102e+02
   5.5899999999999999e+01   2.4122680664062500e+01
   5.6000000000000000e+01   1.3808129882812500e+03
   5.6200000000000003e+01   1.2526930809021000e+01
   5.7000000000000000e+01   6.4193383789062500e+02
   5.7100000000000001e+01   2.6819644165039102e+02
   5.7799999999999997e+01   1.1900678634643601e+01
   5.7899999999999999e+01   4.0643142700195298e+01
   5.8100000000000001e+01   7.3897903442382798e+01
   5.8799999999999997e+01   2.4539251327514599e+01
   5.8899999999999999e+01   2.3624992370605501e+01
   6.1200000000000003e+01   1.0534787178039601e+01
   6.1899999999999999e+01   4.9625495910644503e+01
   6.2000000000000000e+01   8.5528747558593807e+01
   6.2100000000000001e+01   4.4930980682372997e+01
   6.2899999999999999e+01   4.9423152923583999e+01
   6.3000000000000000e+01   7.4992846679687500e+02
   6.4000000000000000e+01   2.8579974365234398e+02
   6.4099999999999994e+01   1.6329525756835901e+02
   6.5000000000000000e+01   2.4234387207031300e+03
   6.5799999999999997e+01   2.5692869186401399e+01
   6.6000000000000000e+01   6.3102520751953102e+02
   6.6000000000000000e+01   2.4405589294433599e+02
   6.7000000000000000e+01   1.8067215576171900e+03
   6.7900000000000006e+01   2.4765373229980501e+01
   6.8000000000000000e+01   1.8015717773437500e+03
   6.9000000000000000e+01   1.6316820068359400e+03
   7.0000000000000000e+01   1.9755838012695301e+02
   7.0000000000000000e+01   2.1170795898437500e+03
   7.0900000000000006e+01   7.8618553161621094e+01
   7.1000000000000000e+01   6.4372817993164105e+01
   7.1200000000000003e+01   3.4065544128417997e+01
   7.1299999999999997e+01   1.0435190200805700e+01
   7.1799999999999997e+01   4.1919830322265597e+01
   7.2000000000000000e+01   4.0724124908447301e+01
   7.2900000000000006e+01   3.1164876937866200e+01
   7.3000000000000000e+01   6.1396167755127003e+01
   7.3200000000000003e+01   1.2223814964294400e+01
   7.3900000000000006e+01   1.1047751617431599e+02
   7.4099999999999994e+01   1.2770182037353500e+02
   7.4799999999999997e+01   1.1036323547363301e+01
   7.4900000000000006e+01   1.3301712036132801e+02
   7.5000000000000000e+01   1.2206235504150401e+02
   7.5299999999999997e+01   1.9397821426391602e+01
   7.5900000000000006e+01   8.1800216674804702e+01
   7.6000000000000000e+01   3.0796847534179699e+02
   7.6200000000000003e+01   1.7559814453125000e+02
   7.7000000000000000e+01   1.1843862304687500e+04
   7.8000000000000000e+01   2.6866923828125000e+03
   7.9000000000000000e+01   3.9286030273437500e+03
   7.9900000000000006e+01   1.7581481933593800e+01
   8.0000000000000000e+01   8.8296148681640602e+02
   8.0900000000000006e+01   7.9899848937988295e+01
   8.1000000000000000e+01   3.6264511108398398e+02
   8.1200000000000003e+01   9.1519126892089808e+00
   8.2000000000000000e+01   1.6491562500000000e+03
   8.2700000000000003e+01   2.0159503936767599e+01
   8.3000000000000000e+01   1.9889660644531301e+02
   8.3099999999999994e+01   1.2988529968261699e+02
   8.4000000000000000e+01   2.0176025390625000e+02
   8.4099999999999994e+01   2.5309671020507801e+02
   8.4799999999999997e+01   9.8774347305297905e+00
   8.4900000000000006e+01   2.7192838668823200e+01
   8.5099999999999994e+01   9.9085168838500994e+00
   8.5900000000000006e+01   2.2068244934081999e+01
   8.6000000000000000e+01   2.4099039077758800e+01
   8.8000000000000000e+01   2.7809915542602500e+01
   8.8900000000000006e+01   1.5826393127441401e+02
   8.9000000000000000e+01   5.4998956298828102e+02
   8.9700000000000003e+01   1.8568637847900401e+01
   8.9900000000000006e+01   1.5648519897460901e+02
   9.0099999999999994e+01   2.9170956420898398e+02
   9.1000000000000000e+01   7.0867241210937500e+03
   9.1900000000000006e+01   3.6495471954345703e+01
   9.2000000000000000e+01   1.2567703857421900e+03
   9.3000000000000000e+01   4.0050395507812500e+03
   9.4099999999999994e+01   2.4682355957031300e+03
   9.5000000000000000e+01   4.7706054687500000e+02
   9.5099999999999994e+01   9.3210015869140602e+02
   9.6099999999999994e+01   6.9468852539062500e+03
   9.7000000000000000e+01   9.7243005371093795e+02
   9.7099999999999994e+01   5.9032299041747997e+01
   9.8000000000000000e+01   3.8564721679687500e+02
   9.8099999999999994e+01   2.2823811340332000e+02
   9.8700000000000003e+01   9.7782268524169904e+00
   9.9000000000000000e+01   1.3129942893981900e+01
   1.0090000000000001e+02   7.3410331726074205e+01
   1.0109999999999999e+02   1.7900667190551800e+01
   1.0180000000000000e+02   5.8819244384765597e+01
   1.0200000000000000e+02   6.1459985351562500e+02
   1.0300000000000000e+02   4.6012519531250000e+03
   1.0309999999999999e+02   1.1867639923095700e+02
   1.0400000000000000e+02   5.9992260742187500e+03
   1.0509999999999999e+02   1.6249476562500000e+04
   1.0600000000000000e+02   3.3376999511718800e+03
   1.0690000000000001e+02   1.1589118003845201e+01
   1.0700000000000000e+02   1.9939183044433599e+02
   1.0709999999999999e+02   1.1740790557861300e+02
   1.0720000000000000e+02   1.9432342529296900e+01
   1.0780000000000000e+02   9.6189661026000994e+00
   1.0790000000000001e+02   1.8562080383300799e+01
   1.0800000000000000e+02   5.4545276641845703e+01
   1.0820000000000000e+02   1.1171617507934601e+01
   1.0880000000000000e+02   2.5451480865478501e+01
   1.0900000000000000e+02   2.5771825790405298e+01
   1.1009999999999999e+02   4.5414844512939503e+01
   1.1080000000000000e+02   1.0097006797790501e+01
   1.1200000000000000e+02   9.1236848831176793e+00
   1.1280000000000000e+02   1.0090512275695801e+01
   1.1409999999999999e+02   2.4144237518310501e+01
   1.1500000000000000e+02   2.0781210937500000e+03
   1.1509999999999999e+02   2.1566334533691401e+02
   1.1580000000000000e+02   1.0093143463134799e+01
   1.1600000000000000e+02   3.8990194702148398e+02
   1.1609999999999999e+02   3.2639706420898398e+02
   1.1620000000000000e+02   1.1159121513366699e+01
   1.1700000000000000e+02   5.7992392578125000e+03
   1.1800000000000000e+02   2.1763226318359401e+02
   1.1809999999999999e+02   7.6829946289062500e+03
   1.1909999999999999e+02   7.8448813476562500e+03
   1.2000000000000000e+02   1.1932799072265600e+03
   1.2020000000000000e+02   4.5435768127441399e+01
   1.2680000000000000e+02   1.0340617179870600e+01
   1.2700000000000000e+02   8.1995704650878906e+01
   1.2790000000000001e+02   1.1211714172363300e+02
   1.2809999999999999e+02   1.7274601745605500e+02
   1.2890000000000001e+02   1.0083301544189500e+02
   1.2900000000000000e+02   1.7335351562500000e+02
   1.2909999999999999e+02   5.4033081054687500e+01
   1.3009999999999999e+02   4.6501333007812500e+03
   1.3090000000000001e+02   3.8348571777343800e+01
   1.3109999999999999e+02   2.8666621093750000e+03
   1.3209999999999999e+02   6.4500991210937500e+03
   1.3300000000000000e+02   1.1621253662109400e+03
   1.3319999999999999e+02   3.6735542297363303e+01
   1.3390000000000001e+02   2.6343240737915000e+01
   1.3400000000000000e+02   1.0768231201171901e+02
   1.3480000000000001e+02   5.9627239227294901e+01
   1.3500000000000000e+02   2.9218395996093801e+02
   1.3509999999999999e+02   1.3772253417968801e+02
   1.3590000000000001e+02   6.0127464294433601e+01
   1.3600000000000000e+02   2.1421496582031301e+02
   1.3609999999999999e+02   1.0819993591308599e+02
   1.3669999999999999e+02   1.9214321136474599e+01
   1.3700000000000000e+02   2.3738990783691401e+02
   1.3780000000000001e+02   1.0156370162963899e+01
   1.3880000000000001e+02   1.3619997024536101e+01
   1.3890000000000001e+02   3.8898731231689503e+01
   1.3900000000000000e+02   1.1649372100830099e+02
   1.3919999999999999e+02   3.3603473663330099e+01
   1.4100000000000000e+02   1.5946800231933601e+01
   1.4180000000000001e+02   2.1826189041137699e+01
   1.4200000000000000e+02   8.9811340332031307e+01
   1.4219999999999999e+02   1.1037812232971200e+01
   1.4280000000000001e+02   1.2781329154968301e+01
   1.4300000000000000e+02   2.8851464843750000e+02
   1.4309999999999999e+02   8.3923820495605497e+01
   1.4400000000000000e+02   2.7104467773437500e+02
   1.4400000000000000e+02   1.4164782714843800e+03
   1.4490000000000001e+02   9.9145612716674805e+00
   1.4500000000000000e+02   2.1131657409668000e+02
   1.4519999999999999e+02   9.4689526367187500e+02
   1.4609999999999999e+02   2.6160119140625000e+04
   1.4700000000000000e+02   9.7228996276855497e+01
   1.4709999999999999e+02   3.1240395507812500e+03
   1.4800000000000000e+02   5.3860552978515602e+02
   1.4819999999999999e+02   1.6002548217773398e+01
   1.4900000000000000e+02   1.2014595031738301e+01
   1.4919999999999999e+02   2.7666519165039102e+01
   1.5490000000000001e+02   2.5787515640258800e+01
   1.5509999999999999e+02   1.8616451263427699e+01
   1.5580000000000001e+02   1.3095178604126000e+01
   1.5590000000000001e+02   8.0561882019042997e+01
   1.5600000000000000e+02   2.2901480102539099e+02
   1.5700000000000000e+02   1.3701358032226599e+02
   1.5709999999999999e+02   1.2472613525390599e+02
   1.5719999999999999e+02   3.0802518844604499e+01
   1.5809999999999999e+02   3.9113110351562500e+03
   1.5890000000000001e+02   6.8765449523925799e+00
   1.5909999999999999e+02   1.0178681640625000e+03
   1.6000000000000000e+02   3.6724420166015602e+02
   1.6009999999999999e+02   2.2791644287109401e+02
   1.6090000000000001e+02   4.8756870269775398e+01
   1.6100000000000000e+02   5.5468830108642599e+01
   1.6219999999999999e+02   2.5853406906127901e+01
   1.6300000000000000e+02   1.9618957519531300e+01
   1.6990000000000001e+02   2.3324295043945298e+01
   1.7000000000000000e+02   8.9239448547363295e+01
   1.7009999999999999e+02   3.0286571502685501e+01
   1.7100000000000000e+02   6.6772079467773395e+01
   1.7109999999999999e+02   6.4195556640625000e+01
   1.7190000000000001e+02   7.1629875183105497e+01
   1.7200000000000000e+02   2.8866760253906300e+01
   1.7209999999999999e+02   2.9502008056640602e+02
   1.7230000000000001e+02   1.1974622726440399e+01
   1.7300000000000000e+02   5.9288410186767599e+01
   1.7309999999999999e+02   2.0911264038085901e+02
   1.7390000000000001e+02   4.4474090576171903e+01
   1.7400000000000000e+02   3.6659130859375000e+02
   1.7409999999999999e+02   1.5146298217773401e+02
   1.7500000000000000e+02   3.3019554138183601e+01
   1.7509999999999999e+02   2.6568794250488299e+01
   1.7519999999999999e+02   4.5207302093505902e+01
   1.8309999999999999e+02   9.4447021484375000e+00
   1.8390000000000001e+02   8.0505210876464801e+01
   1.8400000000000000e+02   4.2519359588622997e+01
   1.8500000000000000e+02   5.3174545288085902e+01
   1.8509999999999999e+02   1.3611579895019499e+01
   1.8590000000000001e+02   3.0447237014770501e+01
   1.8609999999999999e+02   1.0926544189453099e+02
   1.8690000000000001e+02   5.7506023406982401e+01
   1.8709999999999999e+02   8.5818798828125000e+02
   1.8719999999999999e+02   2.9365516662597699e+01
   1.8809999999999999e+02   1.7759544921875000e+04
   1.8909999999999999e+02   8.4246201171875000e+03
   1.9000000000000000e+02   7.8463630676269503e+01
   1.9009999999999999e+02   9.2809649658203102e+02
   1.9090000000000001e+02   2.2858764648437500e+01
   1.9109999999999999e+02   3.0459867477416999e+01
   1.9700000000000000e+02   1.0685985565185501e+01
   1.9790000000000001e+02   5.4284244537353501e+01
   1.9809999999999999e+02   3.7279779052734398e+02
   1.9819999999999999e+02   9.8383567810058594e+01
   1.9890000000000001e+02   5.2570430755615199e+01
   1.9909999999999999e+02   2.3400032043457000e+02
   1.9919999999999999e+02   6.9527610778808594e+01
   1.9990000000000001e+02   1.5040410041809100e+01
   2.0009999999999999e+02   5.7189929199218795e+02
   2.0009999999999999e+02   3.0639361572265602e+02
   2.0090000000000001e+02   3.6604579925537102e+01
   2.0100000000000000e+02   8.7365303039550795e+01
   2.0109999999999999e+02   2.5341201782226599e+02
   2.0200000000000000e+02   2.2570207214355500e+02
   2.0209999999999999e+02   4.2257675170898398e+02
   2.0219999999999999e+02   2.8618688583373999e+01
   2.0300000000000000e+02   9.8238365173339801e+01
   2.0700000000000000e+02   6.4303445816040004e+00
   2.1090000000000001e+02   4.3937690734863303e+01
   2.1100000000000000e+02   1.5459677696228001e+01
   2.1119999999999999e+02   9.8352069854736293e+00
   2.1300000000000000e+02   6.2104347229003899e+01
   2.1309999999999999e+02   1.2519120216369600e+01
   2.1490000000000001e+02   1.4663876342773401e+02
   2.1509999999999999e+02   3.5610054016113303e+01
   2.1600000000000000e+02   2.4131692886352500e+01
   2.1900000000000000e+02   6.1174287796020499e+00
   2.2290000000000001e+02   1.0225563049316399e+01
   2.2830000000000001e+02   1.9742065429687500e+01
   2.2880000000000001e+02   1.1765586853027299e+01
   2.2890000000000001e+02   3.7618492126464801e+01
   2.2900000000000000e+02   1.1171623229980501e+01
   2.2909999999999999e+02   7.1918746948242202e+01
   2.2940000000000001e+02   2.8811212539672901e+01
   2.2969999999999999e+02   1.0581014633178700e+01
   2.3009999999999999e+02   1.6916116333007801e+02
   2.3019999999999999e+02   2.4281712341308599e+02
   2.3109999999999999e+02   5.5128117187500000e+04
   2.3209999999999999e+02   8.6210722656250000e+03
   2.3290000000000001e+02   1.7148017883300799e-02
   2.3309999999999999e+02   5.3716217041015602e+02
   2.3319999999999999e+02   2.7967541503906301e+02
   2.3400000000000000e+02   1.2138528823852500e+01
   2.3669999999999999e+02   1.4539988517761200e+01
   2.3690000000000001e+02   4.2355705261230497e+01
   2.7100000000000000e+02   9.8401428222656307e+01
   2.7200000000000000e+02   8.9462566375732404e+00
   2.9300000000000000e+02   5.1187099456787102e+01
   3.3400000000000000e+02   3.0418529510498001e+01
   3.3419999999999999e+02   5.1974983215332003e+01
   3.3519999999999999e+02   1.3834220886230501e+01
   3.3710000000000002e+02   2.1119869232177699e+01
