   4.0100000000000001e+01   8.1113494873046903e+01
   4.0200000000000003e+01   1.6629661560058601e+01
   4.0899999999999999e+01   1.0070998382568401e+02
   4.1100000000000001e+01   1.0893404541015600e+03
   4.1200000000000003e+01   3.7200412750244098e+01
   4.2100000000000001e+01   1.1524559570312500e+04
   4.2899999999999999e+01   7.9356666564941406e+01
   4.3000000000000000e+01   9.2923364257812500e+02
   4.4000000000000000e+01   4.9542065429687500e+02
   4.5000000000000000e+01   3.3731500244140602e+02
   4.5100000000000001e+01   1.6094041442871099e+02
   4.9799999999999997e+01   7.3055763244628897e+00
   4.9899999999999999e+01   5.0153213500976598e+01
   5.0000000000000000e+01   2.1950584411621099e+02
   5.0100000000000001e+01   8.7292884826660199e+01
   5.0899999999999999e+01   6.7252754211425795e+01
   5.1000000000000000e+01   1.3061531982421900e+03
   5.1899999999999999e+01   7.8098396301269503e+01
   5.2000000000000000e+01   1.7798765563964801e+02
   5.2100000000000001e+01   1.5149021911621099e+02
   5.3000000000000000e+01   4.6868469238281301e+02
   5.3000000000000000e+01   7.8023773193359398e+02
   5.4000000000000000e+01   7.7619671630859398e+02
   5.4100000000000001e+01   1.8959587097168001e+01
   5.4899999999999999e+01   2.7344625854492199e+02
   5.5000000000000000e+01   8.4477124023437500e+02
   5.6100000000000001e+01   1.3815592041015600e+03
   5.7000000000000000e+01   1.4452435546875000e+04
   5.8000000000000000e+01   4.1732293701171898e+02
   5.8100000000000001e+01   9.4287178039550795e+01
   5.9000000000000000e+01   7.5943835449218795e+02
   5.9000000000000000e+01   1.4299882812500000e+03
   6.0000000000000000e+01   2.4462741851806602e+01
   6.0700000000000003e+01   1.9142242431640600e+01
   6.0899999999999999e+01   1.1880728721618700e+01
   6.1000000000000000e+01   1.4863189697265600e+01
   6.1899999999999999e+01   2.7294795989990199e+01
   6.2000000000000000e+01   1.0877146911621099e+02
   6.2200000000000003e+01   1.1226187705993700e+01
   6.2899999999999999e+01   3.3724551391601602e+02
   6.3000000000000000e+01   3.6985855102539102e+02
   6.3899999999999999e+01   3.0040100097656301e+02
   6.4000000000000000e+01   2.0658758544921901e+02
   6.5000000000000000e+01   1.9680672607421900e+03
   6.5099999999999994e+01   1.1944456787109400e+03
   6.5900000000000006e+01   2.5602804565429699e+02
   6.6000000000000000e+01   4.0046887207031301e+02
   6.7000000000000000e+01   3.9383148193359398e+02
   6.7000000000000000e+01   7.3940100097656295e+02
   6.8000000000000000e+01   5.5222229003906295e+02
   6.8099999999999994e+01   4.0293469238281301e+02
   6.8900000000000006e+01   7.0396263122558594e+01
   6.9000000000000000e+01   9.9290667724609398e+02
   6.9099999999999994e+01   4.2935012817382798e+01
   6.9799999999999997e+01   5.0092369079589801e+01
   7.0000000000000000e+01   3.2015878295898398e+02
   7.0099999999999994e+01   6.0085491943359398e+02
   7.0200000000000003e+01   9.0658187866210902e+00
   7.0900000000000006e+01   1.3954922485351599e+02
   7.1000000000000000e+01   1.5710066223144500e+02
   7.2000000000000000e+01   1.0880721092224100e+01
   7.2099999999999994e+01   9.9602231979370099e+00
   7.3700000000000003e+01   8.6406211853027308e+00
   7.3799999999999997e+01   2.1345314025878899e+01
   7.4000000000000000e+01   1.1524058532714800e+02
   7.4099999999999994e+01   8.4598548889160199e+01
   7.4799999999999997e+01   1.1204972267150900e+01
   7.4900000000000006e+01   1.3511010742187500e+02
   7.5000000000000000e+01   7.9149551391601605e+01
   7.5700000000000003e+01   1.6427867889404300e+01
   7.5900000000000006e+01   2.8606549072265602e+02
   7.6099999999999994e+01   2.3961990356445301e+02
   7.6200000000000003e+01   1.9856567382812500e+01
   7.7000000000000000e+01   1.0503306640625000e+04
   7.7900000000000006e+01   1.5944398498535199e+02
   7.8000000000000000e+01   2.0103857421875000e+03
   7.9000000000000000e+01   3.7137856445312500e+03
   7.9900000000000006e+01   5.6868736267089801e+01
   8.0000000000000000e+01   9.6852258300781295e+02
   8.0900000000000006e+01   5.0483581542968801e+02
   8.1000000000000000e+01   6.9460327148437500e+02
   8.2000000000000000e+01   1.3641142578125000e+03
   8.3000000000000000e+01   2.1174867248535199e+02
   8.3099999999999994e+01   1.1040587615966800e+02
   8.4000000000000000e+01   1.0755753326416000e+02
   8.4099999999999994e+01   7.9453460693359403e+01
   8.4900000000000006e+01   5.3128768920898402e+01
   8.5000000000000000e+01   1.6493748474121099e+02
   8.5099999999999994e+01   6.7764945983886705e+01
   8.5900000000000006e+01   6.1477554321289098e+01
   8.6000000000000000e+01   5.9494472503662102e+01
   8.6099999999999994e+01   9.8777608871459996e+00
   8.7099999999999994e+01   2.1064704895019499e+01
   8.8099999999999994e+01   8.7661609649658203e+00
   8.8799999999999997e+01   1.0563941955566399e+01
   8.9000000000000000e+01   6.9521752929687500e+02
   8.9099999999999994e+01   1.5283366203308100e+01
   9.0000000000000000e+01   2.1613494873046900e+01
   9.0099999999999994e+01   2.0530294799804699e+02
   9.0200000000000003e+01   3.3316821289062500e+02
   9.1000000000000000e+01   1.2727722656250000e+04
   9.2000000000000000e+01   3.1046203613281301e+02
   9.2099999999999994e+01   1.3860427246093800e+03
   9.3000000000000000e+01   3.5087827148437500e+03
   9.4000000000000000e+01   2.7071765136718800e+03
   9.5000000000000000e+01   4.0551684570312500e+02
   9.5099999999999994e+01   7.1961932373046898e+02
   9.6099999999999994e+01   9.2712031250000000e+03
   9.6900000000000006e+01   5.8918003082275398e+01
   9.7000000000000000e+01   1.1135711669921900e+03
   9.8000000000000000e+01   2.1694212341308599e+02
   9.8900000000000006e+01   7.2925933837890597e+01
   9.9099999999999994e+01   8.8613166809081996e+00
   9.9799999999999997e+01   3.8775039672851598e+01
   9.9900000000000006e+01   9.3759170532226605e+01
   1.0020000000000000e+02   4.5554592132568402e+01
   1.0090000000000001e+02   5.0644390106201200e+01
   1.0200000000000000e+02   3.1121282958984398e+02
   1.0209999999999999e+02   9.5081329345703097e+01
   1.0290000000000001e+02   4.2310108184814503e+01
   1.0300000000000000e+02   3.7103637695312500e+03
   1.0390000000000001e+02   1.3875979614257801e+02
   1.0409999999999999e+02   3.1157553710937500e+03
   1.0500000000000000e+02   1.3511347656250000e+04
   1.0600000000000000e+02   3.1686528320312500e+03
   1.0680000000000000e+02   1.3285956382751500e+01
   1.0700000000000000e+02   1.0896401977539099e+02
   1.0709999999999999e+02   1.6035324096679699e+02
   1.0720000000000000e+02   2.5961717605590799e+01
   1.0780000000000000e+02   1.1286957550048800e+02
   1.0800000000000000e+02   1.1849215698242200e+02
   1.0809999999999999e+02   7.3035469055175795e+01
   1.0890000000000001e+02   4.2464923858642599e+01
   1.0900000000000000e+02   1.0246360015869099e+02
   1.0970000000000000e+02   1.2783222198486300e+01
   1.0990000000000001e+02   1.3826696777343801e+02
   1.1000000000000000e+02   2.3210563659668000e+02
   1.1009999999999999e+02   6.4630386352539105e+01
   1.1070000000000000e+02   1.1242735862731900e+01
   1.1100000000000000e+02   4.3899906158447301e+01
   1.1109999999999999e+02   5.8703212738037102e+01
   1.1190000000000001e+02   1.6804985046386699e+02
   1.1200000000000000e+02   1.8427058410644500e+02
   1.1209999999999999e+02   1.2710389709472700e+02
   1.1290000000000001e+02   6.9040489196777301e+01
   1.1300000000000000e+02   1.8756666259765600e+03
   1.1409999999999999e+02   2.0913967285156300e+03
   1.1480000000000000e+02   3.4310035705566399e+01
   1.1500000000000000e+02   5.0128884887695301e+02
   1.1509999999999999e+02   1.0824301910400401e+02
   1.1540000000000001e+02   1.2489742279052701e+01
   1.1580000000000000e+02   5.9378078460693402e+01
   1.1600000000000000e+02   2.6408511352539102e+02
   1.1609999999999999e+02   6.9695190429687500e+01
   1.1690000000000001e+02   6.0333209991455099e+01
   1.1700000000000000e+02   2.2488208007812500e+03
   1.1800000000000000e+02   3.3163627929687500e+03
   1.1890000000000001e+02   1.1791754913330099e+02
   1.1900000000000000e+02   1.0376795654296900e+03
   1.1990000000000001e+02   2.1672467041015599e+02
   1.2000000000000000e+02   2.4695304870605500e+02
   1.2009999999999999e+02   8.8009979248046903e+01
   1.2100000000000000e+02   2.6418655395507798e+01
   1.2109999999999999e+02   1.0351255416870099e+01
   1.2190000000000001e+02   5.1788116455078097e+01
   1.2200000000000000e+02   4.1649319458007801e+02
   1.2300000000000000e+02   3.5232543945312500e+01
   1.2390000000000001e+02   1.1993314361572300e+02
   1.2400000000000000e+02   1.6999243164062500e+02
   1.2409999999999999e+02   1.3059698486328099e+02
   1.2480000000000000e+02   9.2725648880004901e+00
   1.2490000000000001e+02   2.3201200485229499e+01
   1.2500000000000000e+02   3.0803063964843801e+02
   1.2580000000000000e+02   8.4448432922363299e+00
   1.2590000000000001e+02   1.8381822586059599e+01
   1.2609999999999999e+02   1.4395169677734400e+03
   1.2700000000000000e+02   3.9989962768554699e+02
   1.2790000000000001e+02   4.4813430786132798e+01
   1.2800000000000000e+02   3.3543661499023398e+02
   1.2819999999999999e+02   4.7336486816406300e+01
   1.2900000000000000e+02   9.0488838195800795e+01
   1.2909999999999999e+02   2.9883178710937500e+02
   1.3000000000000000e+02   8.1841416015625000e+03
   1.3100000000000000e+02   1.2572727050781300e+03
   1.3109999999999999e+02   4.4328579711914102e+02
   1.3209999999999999e+02   3.6682644042968800e+03
   1.3300000000000000e+02   1.4605247497558599e+02
   1.3309999999999999e+02   2.9806112670898398e+02
   1.3319999999999999e+02   4.1232944488525398e+01
   1.3390000000000001e+02   6.5718643188476605e+01
   1.3409999999999999e+02   1.3264566650390600e+03
   1.3500000000000000e+02   9.2942718505859403e+01
   1.3509999999999999e+02   4.8116653442382798e+01
   1.3530000000000001e+02   1.4091087341308601e+01
   1.3559999999999999e+02   4.2067768096923800e+01
   1.3590000000000001e+02   5.9278224945068402e+01
   1.3600000000000000e+02   4.7897476196289098e+01
   1.3609999999999999e+02   8.4011314392089801e+01
   1.3619999999999999e+02   3.2582515716552699e+01
   1.3700000000000000e+02   3.4488763427734398e+02
   1.3790000000000001e+02   6.9809448242187500e+01
   1.3800000000000000e+02   2.5167317199707000e+02
   1.3900000000000000e+02   1.4018692016601599e+02
   1.3909999999999999e+02   5.9389308929443402e+01
   1.3919999999999999e+02   2.8791358947753899e+01
   1.3980000000000001e+02   1.0464872360229499e+01
   1.4009999999999999e+02   1.4886832275390600e+03
   1.4090000000000001e+02   1.5228430175781301e+02
   1.4100000000000000e+02   2.6737725830078102e+02
   1.4200000000000000e+02   2.0904640197753901e+02
   1.4200000000000000e+02   2.6190237426757801e+02
   1.4219999999999999e+02   5.7197734832763700e+01
   1.4280000000000001e+02   1.2267771720886200e+01
   1.4300000000000000e+02   4.9093640136718801e+02
   1.4309999999999999e+02   2.0559596252441401e+02
   1.4390000000000001e+02   1.2782371520996099e+02
   1.4409999999999999e+02   1.7612755126953100e+03
   1.4480000000000001e+02   2.8617078781127901e+01
   1.4500000000000000e+02   1.7192680358886699e+02
   1.4509999999999999e+02   3.3229299926757801e+02
   1.4609999999999999e+02   2.8611623535156300e+03
   1.4609999999999999e+02   3.7675433349609398e+02
   1.4690000000000001e+02   2.4974021911621101e+01
   1.4709999999999999e+02   3.2109829711914102e+02
   1.4709999999999999e+02   6.3921493530273402e+01
   1.4719999999999999e+02   1.5412540435791000e+01
   1.4800000000000000e+02   1.2948674011230500e+02
   1.4809999999999999e+02   5.0498031616210902e+01
   1.4859999999999999e+02   1.0731781005859400e+01
   1.4890000000000001e+02   1.0723953247070300e+02
   1.4900000000000000e+02   2.3766186523437500e+02
   1.4919999999999999e+02   5.5920730590820298e+01
   1.4980000000000001e+02   9.3360900878906303e+00
   1.5000000000000000e+02   1.2925141906738301e+02
   1.5009999999999999e+02   1.8194647216796901e+02
   1.5080000000000001e+02   1.0098334312439000e+01
   1.5090000000000001e+02   8.9147348403930700e+00
   1.5100000000000000e+02   7.5648681640625000e+01
   1.5119999999999999e+02   2.9368278503418001e+01
   1.5190000000000001e+02   7.1995391845703097e+01
   1.5200000000000000e+02   1.7681062316894500e+02
   1.5209999999999999e+02   7.0912193298339801e+01
   1.5300000000000000e+02   6.0784515380859398e+02
   1.5309999999999999e+02   6.1123797607421898e+02
   1.5319999999999999e+02   1.7786432266235401e+01
   1.5400000000000000e+02   4.3094183349609398e+02
   1.5409999999999999e+02   8.2655751953125000e+03
   1.5490000000000001e+02   1.9909778594970700e+01
   1.5500000000000000e+02   1.1123903808593800e+03
   1.5509999999999999e+02   7.8894848632812500e+02
   1.5600000000000000e+02   5.6867260742187500e+02
   1.5609999999999999e+02   5.7170678710937500e+02
   1.5680000000000001e+02   4.2217460632324197e+01
   1.5700000000000000e+02   3.9896585083007801e+02
   1.5709999999999999e+02   1.9021331787109401e+02
   1.5800000000000000e+02   1.5660148620605500e+02
   1.5809999999999999e+02   4.8663588867187500e+03
   1.5909999999999999e+02   2.4447885742187500e+03
   1.6009999999999999e+02   1.6767844238281300e+03
   1.6009999999999999e+02   4.5436169433593801e+02
   1.6080000000000001e+02   1.2903268814086900e+01
   1.6100000000000000e+02   1.0758126831054700e+02
   1.6109999999999999e+02   1.0978665924072300e+02
   1.6119999999999999e+02   4.8186645507812500e+01
   1.6190000000000001e+02   5.1973106384277301e+01
   1.6209999999999999e+02   1.5517274475097699e+02
   1.6490000000000001e+02   3.5277175903320298e+01
   1.6500000000000000e+02   2.2806718826293899e+01
   1.6609999999999999e+02   1.4932132720947299e+01
   1.6700000000000000e+02   1.0567867279052701e+01
   1.6719999999999999e+02   8.8252830505371094e+00
   1.6790000000000001e+02   3.4085994720458999e+01
   1.6800000000000000e+02   2.5062868118286101e+01
   1.6819999999999999e+02   1.0827660560607899e+01
   1.6890000000000001e+02   1.1988642692565900e+01
   1.6900000000000000e+02   6.0760795593261697e+01
   1.6909999999999999e+02   9.9573860168456996e+00
   1.6990000000000001e+02   6.3468673706054702e+01
   1.7000000000000000e+02   3.1819296264648398e+02
   1.7009999999999999e+02   6.6385337829589801e+01
   1.7100000000000000e+02   9.3948692321777301e+01
   1.7109999999999999e+02   1.3511778259277301e+02
   1.7119999999999999e+02   3.5111816406250000e+01
   1.7180000000000001e+02   2.0380218505859400e+01
   1.7190000000000001e+02   7.4054168701171903e+01
   1.7200000000000000e+02   2.0022076416015599e+02
   1.7290000000000001e+02   4.5200382232666001e+01
   1.7300000000000000e+02   1.6012658691406301e+02
   1.7309999999999999e+02   4.3917320251464801e+01
   1.7390000000000001e+02   3.2059673309326200e+01
   1.7400000000000000e+02   3.4072692871093800e+01
   1.7490000000000001e+02   1.3102676391601600e+01
   1.7600000000000000e+02   2.8389791488647500e+01
   1.7700000000000000e+02   4.7624046325683601e+01
   1.7780000000000001e+02   8.8348121643066406e+00
   1.7800000000000000e+02   3.9016616821289098e+01
   1.7809999999999999e+02   5.0666114807128899e+01
   1.8030000000000001e+02   1.1824268341064499e+01
   1.8190000000000001e+02   2.0417436599731399e+01
   1.8200000000000000e+02   1.6560737609863299e+01
   1.8209999999999999e+02   2.5816572189331101e+01
   1.8300000000000000e+02   2.2127349853515600e+01
   1.8309999999999999e+02   1.1201631546020501e+01
   1.8390000000000001e+02   3.5930992126464801e+01
   1.8409999999999999e+02   6.7827905273437500e+02
   1.8480000000000001e+02   1.3381501197814901e+01
   1.8490000000000001e+02   1.2910298156738301e+02
   1.8509999999999999e+02   3.4691174316406301e+02
   1.8519999999999999e+02   9.8747611999511705e+01
   1.8609999999999999e+02   3.2923459472656300e+03
   1.8619999999999999e+02   1.7516531372070301e+02
   1.8709999999999999e+02   1.4119712890625000e+04
   1.8809999999999999e+02   2.2158496093750000e+03
   1.8890000000000001e+02   1.1195957183837900e+01
   1.8900000000000000e+02   5.8320776367187500e+02
   1.8909999999999999e+02   2.6128158569335898e+01
   1.9000000000000000e+02   3.5710095214843801e+02
   1.9009999999999999e+02   6.0977136230468795e+02
   1.9090000000000001e+02   6.4548622131347699e+01
   1.9109999999999999e+02   7.6619834899902301e+01
   1.9219999999999999e+02   1.9121328353881800e+01
   1.9509999999999999e+02   1.3708835601806600e+01
   1.9519999999999999e+02   9.6303949356079102e+00
   1.9609999999999999e+02   9.1174278259277308e+00
   1.9700000000000000e+02   3.2083590698242199e+02
   1.9709999999999999e+02   8.5574356079101605e+01
   1.9800000000000000e+02   5.4945285797119098e+01
   1.9819999999999999e+02   4.6749114990234403e+01
   1.9890000000000001e+02   1.2531614303588899e+01
   1.9900000000000000e+02   2.1392629623413100e+01
   2.0000000000000000e+02   3.1106943130493200e+01
   2.0090000000000001e+02   3.0342138290405298e+01
   2.0130000000000001e+02   1.0420891761779799e+01
   2.0209999999999999e+02   8.9580541992187500e+02
   2.0280000000000001e+02   1.5637968063354499e+01
   2.0290000000000001e+02   6.1567417144775398e+01
   2.0309999999999999e+02   9.0637161254882798e+01
   2.0400000000000000e+02   8.3697433471679702e+01
   2.0400000000000000e+02   7.0092514038085895e+01
   2.1069999999999999e+02   1.1988487243652299e+01
   2.1080000000000001e+02   1.4591236114502000e+00
   2.1090000000000001e+02   4.3764118194580099e+01
   2.1100000000000000e+02   1.3600893974304199e+01
   2.1180000000000001e+02   9.3850450515747106e+00
   2.1390000000000001e+02   2.2451683044433601e+01
   2.1400000000000000e+02   1.1483975982666000e+02
   2.1419999999999999e+02   1.1933530807495099e+01
   2.1500000000000000e+02   7.1386566162109403e+01
   2.1509999999999999e+02   4.2121191406250000e+02
   2.1590000000000001e+02   2.7583139419555700e+01
   2.1600000000000000e+02   1.4191232299804699e+02
   2.1619999999999999e+02   9.0073595046997106e+00
   2.1680000000000001e+02   1.2555636405944799e+01
   2.1690000000000001e+02   1.1375174713134800e+02
   2.1709999999999999e+02   1.5891193389892599e+01
   2.1780000000000001e+02   1.1895196914672900e+01
   2.1800000000000000e+02   1.1835393905639600e+01
   2.1819999999999999e+02   2.7199974060058601e+01
   2.1890000000000001e+02   4.4634017944335902e+01
   2.1900000000000000e+02   2.0534954833984401e+02
   2.1919999999999999e+02   1.9765177917480500e+02
   2.2009999999999999e+02   2.2705417633056602e+01
   2.2690000000000001e+02   1.3471773147583001e+01
   2.2700000000000000e+02   9.0583839416503906e+00
   2.2780000000000001e+02   2.5878871917724599e+01
   2.2790000000000001e+02   8.9466743469238299e+00
   2.2809999999999999e+02   4.1968532562255902e+01
   2.2830000000000001e+02   9.5312013626098597e+00
   2.2990000000000001e+02   1.1394394874572800e+01
   2.3009999999999999e+02   7.1834130859375000e+02
   2.3080000000000001e+02   1.1346389770507800e+01
   2.3090000000000001e+02   6.8888587951660199e+01
   2.3100000000000000e+02   6.9114067077636705e+01
   2.3119999999999999e+02   1.0211013793945300e+02
   2.3280000000000001e+02   3.2692333221435497e+01
   2.3290000000000001e+02   3.8989089965820298e+01
   2.3690000000000001e+02   8.1705215454101605e+01
   2.3709999999999999e+02   3.9754533767700200e+00
   2.4109999999999999e+02   9.7363023757934606e+00
   2.4190000000000001e+02   1.6048912048339801e+01
   2.4200000000000000e+02   1.9906471252441401e+02
   2.4219999999999999e+02   3.6912521362304702e+01
   2.4309999999999999e+02   4.6451898193359398e+02
   2.4309999999999999e+02   5.7810390625000000e+03
   2.4400000000000000e+02   1.4901307678222699e+02
   2.4409999999999999e+02   1.7996865234375000e+03
   2.4500000000000000e+02   6.8400459289550795e+01
   2.4509999999999999e+02   4.0922094726562500e+02
   2.4600000000000000e+02   1.2028266143798800e+02
   2.4609999999999999e+02   7.1288842773437500e+02
   2.4709999999999999e+02   3.4555246582031300e+03
   2.4800000000000000e+02   4.7664199829101598e+01
   2.4809999999999999e+02   3.6460058593750000e+02
   2.4819999999999999e+02   1.5884089660644500e+02
   2.4890000000000001e+02   1.0206476211547900e+01
   2.4900000000000000e+02   1.8700874328613299e+01
   2.4919999999999999e+02   9.8459854125976598e+00
   2.5509999999999999e+02   9.3272619247436506e+00
   2.7069999999999999e+02   8.4310092926025408e+00
   2.7089999999999998e+02   9.0790138244628906e+00
   2.7100000000000000e+02   2.2068986511230500e+02
   2.7110000000000002e+02   2.3828561401367199e+02
   2.7130000000000001e+02   1.6665227890014599e+01
   2.7189999999999998e+02   5.3541824340820298e+01
   2.7200000000000000e+02   2.4008449554443398e+01
   2.7380000000000001e+02   1.0682836532592800e+01
   2.7410000000000002e+02   4.7682763671875000e+02
   2.7419999999999999e+02   4.0656060791015602e+02
   2.7519999999999999e+02   4.1134697265625000e+03
   2.7600000000000000e+02   9.1574048995971697e+00
   2.7610000000000002e+02   1.2475564575195300e+02
   2.7619999999999999e+02   5.4236755371093795e+02
   2.7669999999999999e+02   1.1232900619506800e+01
   2.7700000000000000e+02   9.9838745117187500e+01
   2.7719999999999999e+02   7.9896217346191406e+01
   2.7800000000000000e+02   1.8681753158569300e+01
   2.7900000000000000e+02   5.1193134307861300e+01
   2.7919999999999999e+02   3.1951223754882801e+02
   2.7930000000000001e+02   3.7112705230712898e+01
   2.8010000000000002e+02   2.4185150146484400e+01
   2.8030000000000001e+02   1.4923487663269000e+01
   3.0089999999999998e+02   1.8367820739746101e+01
   3.0110000000000002e+02   1.4519786834716800e+01
   3.0130000000000001e+02   1.7670660018920898e+01
   3.0189999999999998e+02   9.6146736145019496e+00
   3.0200000000000000e+02   8.8292495727539105e+01
   3.0219999999999999e+02   1.5052885437011699e+02
   3.0319999999999999e+02   6.0889515625000000e+04
   3.0419999999999999e+02   1.2005008789062500e+04
   3.0500000000000000e+02   1.5572620391845700e+01
   3.0519999999999999e+02   1.4115640869140600e+03
   3.0600000000000000e+02   1.8353803634643601e+01
   3.0619999999999999e+02   5.7624538421630902e+01
   3.3519999999999999e+02   5.1955883789062500e+02
   3.3519999999999999e+02   8.3861474609375000e+02
   3.3539999999999998e+02   3.8415222167968800e+01
   3.3600000000000000e+02   3.7720249176025398e+01
   3.3619999999999999e+02   2.7036654663085898e+02
   3.3700000000000000e+02   9.6923656463622994e+00
   3.3719999999999999e+02   2.2353403091430700e+01
   3.6300000000000000e+02   1.3230884552001999e+01
   3.6310000000000002e+02   1.3439441680908200e+01
   3.6319999999999999e+02   1.1769935607910200e+02
   3.9210000000000002e+02   3.1765388488769499e+01
   3.9230000000000001e+02   2.1826259613037099e+01
   3.9300000000000000e+02   8.4973869323730504e+00
