   4.0000000000000000e+01   1.1009663391113300e+02
   4.1000000000000000e+01   4.8144619750976602e+02
   4.1100000000000001e+01   1.3681254882812500e+03
   4.2000000000000000e+01   8.4093593750000000e+03
   4.3000000000000000e+01   4.5947589111328102e+02
   4.3100000000000001e+01   6.0729223632812500e+02
   4.4100000000000001e+01   3.4291684570312500e+03
   4.5000000000000000e+01   4.4893527221679699e+02
   4.5100000000000001e+01   2.1949046325683599e+02
   4.5899999999999999e+01   3.0194736480712901e+01
   4.6000000000000000e+01   2.5564526367187500e+02
   4.6100000000000001e+01   5.4570007324218800e+01
   4.8899999999999999e+01   2.5760850906372099e+01
   4.9899999999999999e+01   6.6578552246093807e+01
   5.0000000000000000e+01   1.0310016632080099e+02
   5.0200000000000003e+01   6.4528102874755904e+00
   5.0799999999999997e+01   1.6266925811767599e+01
   5.1000000000000000e+01   1.2971238708496099e+02
   5.1100000000000001e+01   1.4781504821777301e+02
   5.1799999999999997e+01   2.4430046081543001e+01
   5.1899999999999999e+01   2.5868032455444300e+01
   5.2100000000000001e+01   4.7611228942871101e+01
   5.2200000000000003e+01   4.5464572906494098e+01
   5.3000000000000000e+01   7.6541748046875000e+02
   5.3100000000000001e+01   1.8609605789184599e+01
   5.3899999999999999e+01   9.4809562683105497e+01
   5.4000000000000000e+01   7.3200921630859398e+02
   5.5100000000000001e+01   2.0504133300781300e+03
   5.6000000000000000e+01   4.2841147460937500e+03
   5.7000000000000000e+01   1.4097198486328100e+03
   5.8000000000000000e+01   9.8470507812500000e+03
   5.8899999999999999e+01   1.2739326477050801e+01
   5.9000000000000000e+01   3.4807324218750000e+02
   5.9100000000000001e+01   2.5715656280517599e+01
   6.0899999999999999e+01   1.0549418640136700e+02
   6.1100000000000001e+01   5.2108577728271499e+01
   6.1399999999999999e+01   2.1961133956909201e+01
   6.2000000000000000e+01   5.6617944335937500e+02
   6.2100000000000001e+01   7.6516952514648395e+01
   6.3000000000000000e+01   1.2218935546875000e+03
   6.3100000000000001e+01   4.2967178344726602e+02
   6.3799999999999997e+01   1.1596799850463899e+01
   6.3899999999999999e+01   7.1190620422363295e+01
   6.4000000000000000e+01   5.2513088226318402e+01
   6.4900000000000006e+01   2.0227662658691401e+02
   6.5000000000000000e+01   1.0580300903320300e+02
   6.5799999999999997e+01   6.8810882568359403e+01
   6.6000000000000000e+01   1.8417547607421901e+02
   6.6200000000000003e+01   1.9880949020385700e+01
   6.6799999999999997e+01   9.5993354797363295e+01
   6.7000000000000000e+01   9.4196789550781295e+02
   6.8000000000000000e+01   2.7591809082031300e+03
   6.9000000000000000e+01   2.4801721191406301e+02
   6.9099999999999994e+01   7.7042376708984398e+02
   7.0099999999999994e+01   5.0114775390625000e+03
   7.1099999999999994e+01   1.4080666992187500e+04
   7.2000000000000000e+01   9.0811944580078102e+02
   7.2200000000000003e+01   3.2596194458007801e+02
   7.3000000000000000e+01   9.6550524902343795e+02
   7.3099999999999994e+01   1.6660607910156301e+02
   7.3799999999999997e+01   6.9640150070190403e+00
   7.3900000000000006e+01   2.5662661743164102e+02
   7.4099999999999994e+01   6.7306854248046903e+01
   7.4799999999999997e+01   1.0377254486084000e+02
   7.5000000000000000e+01   5.2491326904296898e+02
   7.5900000000000006e+01   1.2437372207641600e+01
   7.6099999999999994e+01   1.3205145835876500e+01
   7.7000000000000000e+01   8.1005145263671898e+02
   7.7900000000000006e+01   1.0584387207031300e+02
   7.8000000000000000e+01   8.6881217956542997e+01
   7.8099999999999994e+01   1.2262615966796901e+02
   7.9000000000000000e+01   4.2093725585937500e+02
   7.9099999999999994e+01   1.5842205810546900e+03
   7.9900000000000006e+01   1.4669325256347699e+02
   8.0000000000000000e+01   4.3373007202148398e+02
   8.0200000000000003e+01   4.7749324798583999e+01
   8.1099999999999994e+01   1.9258203125000000e+03
   8.2000000000000000e+01   4.1884707031250000e+03
   8.3000000000000000e+01   1.1950678710937500e+03
   8.3200000000000003e+01   1.5292886962890600e+03
   8.4099999999999994e+01   6.2360593750000000e+04
   8.5000000000000000e+01   4.9463100585937500e+03
   8.6000000000000000e+01   3.6800326538085898e+02
   8.6099999999999994e+01   1.9362918090820301e+02
   8.6900000000000006e+01   3.7972100830078102e+02
   8.7000000000000000e+01   3.2527554321289102e+02
   8.7799999999999997e+01   3.2149742126464801e+01
   8.8000000000000000e+01   3.6400476074218801e+02
   8.8200000000000003e+01   7.0742485046386705e+01
   8.9000000000000000e+01   4.6310947265625000e+03
   8.9900000000000006e+01   2.4298145294189499e+01
   9.0000000000000000e+01   4.5586669921875000e+02
   9.0099999999999994e+01   3.2583522796630902e+01
   9.0900000000000006e+01   2.9463748931884801e+01
   9.1000000000000000e+01   8.0687362670898395e+01
   9.1900000000000006e+01   2.5525432586669901e+01
   9.2900000000000006e+01   7.8567230224609403e+01
   9.3000000000000000e+01   1.5569306945800801e+02
   9.4000000000000000e+01   4.9146401977539102e+02
   9.4000000000000000e+01   5.7344488525390602e+02
   9.4799999999999997e+01   2.9854776382446300e+01
   9.5000000000000000e+01   3.5569314575195301e+02
   9.5099999999999994e+01   3.2557498168945301e+02
   9.6099999999999994e+01   2.3300585937500000e+03
   9.7000000000000000e+01   3.3153847656250000e+03
   9.8099999999999994e+01   4.0468188476562500e+03
   9.9000000000000000e+01   6.2525640869140602e+02
   9.9000000000000000e+01   1.0976505126953100e+03
   1.0000000000000000e+02   1.9220027160644500e+02
   1.0009999999999999e+02   9.8280151367187500e+01
   1.0070000000000000e+02   3.2659297943115199e+01
   1.0090000000000001e+02   9.1926849365234403e+01
   1.0100000000000000e+02   1.8221690368652301e+02
   1.0170000000000000e+02   1.2644835472106900e+01
   1.0190000000000001e+02   1.7351661682128899e+01
   1.0200000000000000e+02   1.9710248947143601e+01
   1.0220000000000000e+02   2.4818115234375000e+01
   1.0300000000000000e+02   5.1344097137451200e+01
   1.0600000000000000e+02   2.0287841796875000e+01
   1.0690000000000001e+02   5.2589836120605497e+01
   1.0700000000000000e+02   1.6930735778808599e+02
   1.0790000000000001e+02   9.7041587829589801e+01
   1.0800000000000000e+02   4.3101394653320301e+02
   1.0809999999999999e+02   1.7822973632812500e+02
   1.0900000000000000e+02   2.7740673828125000e+02
   1.0909999999999999e+02   5.2483020019531295e+02
   1.1009999999999999e+02   5.8803027343750000e+03
   1.1100000000000000e+02   7.6623901367187500e+02
   1.1109999999999999e+02   3.1624057006835898e+02
   1.1209999999999999e+02   2.7307463378906300e+03
   1.1220000000000000e+02   1.3759739685058599e+02
   1.1300000000000000e+02   7.4672363281250000e+01
   1.1309999999999999e+02   4.2350323486328102e+02
   1.1380000000000000e+02   2.7914823532104499e+01
   1.1390000000000001e+02   2.9750257492065401e+01
   1.1409999999999999e+02   1.2662684440612800e+01
   1.1480000000000000e+02   1.9541408538818398e+01
   1.1500000000000000e+02   9.5742317199707003e+01
   1.1600000000000000e+02   1.2616277694702100e+01
   1.1700000000000000e+02   2.3733041763305700e+01
   1.1900000000000000e+02   1.2655610084533700e+01
   1.2000000000000000e+02   3.4865806579589801e+01
   1.2020000000000000e+02   1.5296342849731399e+01
   1.2090000000000001e+02   3.0283700942993200e+01
   1.2120000000000000e+02   4.2274318695068402e+01
   1.2180000000000000e+02   1.4926961898803700e+01
   1.2200000000000000e+02   2.0767926025390599e+02
   1.2220000000000000e+02   3.0206884765625000e+02
   1.2300000000000000e+02   5.2956977539062500e+03
   1.2409999999999999e+02   9.0255869140625000e+03
   1.2509999999999999e+02   3.2999546875000000e+04
   1.2600000000000000e+02   1.5198116302490201e+00
   1.2609999999999999e+02   4.4058159179687500e+03
   1.2700000000000000e+02   6.4005004882812500e+02
   1.2780000000000000e+02   2.5074857711791999e+01
   1.2790000000000001e+02   4.6641170501708999e+01
   1.2800000000000000e+02   3.8005619049072301e+01
   1.3009999999999999e+02   6.6783590316772496e+00
   1.3109999999999999e+02   1.1255564880371099e+02
   1.3280000000000001e+02   3.1365283203125000e+02
   1.3300000000000000e+02   5.2859680175781295e+02
   1.3380000000000001e+02   2.3297166824340799e+01
   1.3480000000000001e+02   3.4325482177734398e+02
   1.3500000000000000e+02   2.6396948242187500e+02
   1.3590000000000001e+02   1.2172938346862800e+01
   1.3600000000000000e+02   3.1759559631347699e+01
   1.3690000000000001e+02   1.1715057373046900e+01
   1.3700000000000000e+02   3.4405267333984398e+02
   1.3790000000000001e+02   4.6176895141601598e+01
   1.3800000000000000e+02   2.2699981689453099e+02
   1.3809999999999999e+02   4.6721641540527301e+01
   1.3890000000000001e+02   1.3956736755371099e+02
   1.3900000000000000e+02   2.1133644104003901e+02
   1.3919999999999999e+02   1.3802934265136699e+02
   1.3990000000000001e+02   1.0203416442871099e+02
   1.4009999999999999e+02   1.4787583923339801e+02
   1.4080000000000001e+02   1.4954229354858400e+01
   1.4090000000000001e+02   1.2825911521911600e+01
   1.4109999999999999e+02   8.6775581359863295e+01
   1.4119999999999999e+02   1.3382187843322800e+01
   1.4209999999999999e+02   3.9050857543945298e+01
   1.4500000000000000e+02   1.3257648468017599e+01
   1.4580000000000001e+02   2.6821756362915000e+01
   1.4600000000000000e+02   6.0032985687255902e+01
   1.4690000000000001e+02   3.2970302581787102e+01
   1.4700000000000000e+02   1.1923940658569300e+01
   1.4719999999999999e+02   1.9111082077026399e+01
   1.4790000000000001e+02   5.8629825592041001e+01
   1.4809999999999999e+02   1.7521036148071300e+01
   1.4890000000000001e+02   3.3087715148925803e+01
   1.4990000000000001e+02   3.2184814453125000e+01
   1.5000000000000000e+02   1.3540704727172900e+01
   1.5100000000000000e+02   1.1566829681396500e+02
   1.5169999999999999e+02   1.6651418685913100e+01
   1.5190000000000001e+02   4.7696796417236300e+01
   1.5190000000000001e+02   8.9129714965820298e+01
   1.5209999999999999e+02   8.4226844787597699e+01
   1.5300000000000000e+02   1.2782584381103500e+02
   1.5309999999999999e+02   5.8423352050781295e+02
   1.5359999999999999e+02   1.7278230667114300e+01
   1.5400000000000000e+02   1.9364053344726599e+02
   1.5409999999999999e+02   2.0815206527710000e+01
   1.5480000000000001e+02   1.6039770126342798e+01
   1.5500000000000000e+02   2.0828617858886699e+02
   1.5509999999999999e+02   3.3843231201171898e+02
   1.5590000000000001e+02   1.6123714447021499e+01
   1.5609999999999999e+02   9.9864288330078097e+01
   1.5669999999999999e+02   2.2713083267211900e+01
   1.5690000000000001e+02   1.0300283813476599e+02
   1.5700000000000000e+02   1.7303356170654300e+01
   1.5719999999999999e+02   1.4996416091918899e+01
   1.5780000000000001e+02   4.0986968994140597e+01
   1.5800000000000000e+02   4.3671759033203102e+02
   1.5890000000000001e+02   1.8242531250000000e+04
   1.6000000000000000e+02   1.9516287841796900e+03
   1.6090000000000001e+02   1.1655003906250000e+04
   1.6180000000000001e+02   8.0189102172851605e+01
   1.6190000000000001e+02   9.1103271484375000e+02
   1.6200000000000000e+02   1.3507353210449199e+02
   1.6290000000000001e+02   2.1438752441406300e+03
   1.6369999999999999e+02   2.8466581344604499e+01
   1.6400000000000000e+02   1.3599273681640599e+02
   1.6409999999999999e+02   2.9033939361572301e+01
   1.6490000000000001e+02   3.9251762390136697e+01
   1.6500000000000000e+02   3.3996372222900398e+01
   1.6509999999999999e+02   3.6024253845214801e+01
   1.6590000000000001e+02   8.6725357055664105e+01
   1.6600000000000000e+02   1.2417709350585901e+02
   1.6609999999999999e+02   2.4260011672973601e+01
   1.6690000000000001e+02   4.8168498992919901e+01
   1.6709999999999999e+02   1.2214472961425800e+02
   1.6780000000000001e+02   1.4544142723083500e+01
   1.6790000000000001e+02   5.1173732757568402e+01
   1.7300000000000000e+02   1.3972151756286600e+01
   1.7400000000000000e+02   3.1870531082153299e+01
   1.7790000000000001e+02   2.7888887405395501e+01
   1.7919999999999999e+02   1.3184785842895501e+01
   1.8000000000000000e+02   2.4608732223510700e+01
   1.8090000000000001e+02   1.6912065505981399e+01
   1.8100000000000000e+02   5.2044612884521499e+01
   1.8109999999999999e+02   8.9858802795410199e+01
   1.8119999999999999e+02   1.3650641441345201e+01
   1.8190000000000001e+02   8.4881111145019503e+01
   1.8200000000000000e+02   4.2914593505859398e+02
   1.8219999999999999e+02   2.2544008255004901e+01
   1.8300000000000000e+02   1.1791826629638700e+02
   1.8309999999999999e+02   2.7313787841796898e+02
   1.8380000000000001e+02   2.2125270843505898e+01
   1.8400000000000000e+02   4.0502127075195301e+02
   1.8469999999999999e+02   1.3413430213928200e+01
   1.8580000000000001e+02   1.8188720703125000e+01
   1.8590000000000001e+02   3.6268182373046898e+02
   1.8680000000000001e+02   2.9164535522460898e+01
   1.8700000000000000e+02   8.5416923522949205e+01
   1.8780000000000001e+02   1.3026939392089801e+02
   1.8800000000000000e+02   1.1286470031738300e+02
   1.9000000000000000e+02   2.6142616271972699e+01
   1.9200000000000000e+02   1.3620757102966300e+01
   1.9390000000000001e+02   9.9117965698242202e+01
   1.9400000000000000e+02   4.1943496704101598e+01
   1.9490000000000001e+02   5.7559976577758798e+00
   1.9509999999999999e+02   1.5185307502746600e+01
   1.9590000000000001e+02   6.6008674621582003e+01
   1.9609999999999999e+02   3.3747775268554699e+02
   1.9700000000000000e+02   3.8556983947753899e+01
   1.9790000000000001e+02   6.0764633178710902e+01
   1.9800000000000000e+02   1.2738742828369100e+01
   1.9880000000000001e+02   2.9938495635986300e+01
   1.9890000000000001e+02   6.2095054626464801e+01
   1.9990000000000001e+02   5.5148715972900398e+01
   2.0009999999999999e+02   3.8924404144287102e+01
   2.0080000000000001e+02   3.4758605957031300e+01
   2.0090000000000001e+02   3.4051864624023402e+01
   2.0109999999999999e+02   3.8969448089599602e+01
   2.0180000000000001e+02   1.7758291244506800e+01
   2.0190000000000001e+02   9.8222152709960895e+01
   2.0290000000000001e+02   1.5539895057678200e+01
   2.0309999999999999e+02   2.9549930572509801e+01
   2.0400000000000000e+02   5.9160301208496101e+01
   2.0690000000000001e+02   2.1510274887085000e+01
   2.0700000000000000e+02   2.5951505661010700e+01
   2.0800000000000000e+02   8.0622894287109398e+02
   2.0900000000000000e+02   2.8835172653198200e+01
   2.0909999999999999e+02   4.0350990295410199e+01
   2.1000000000000000e+02   3.4671109008789102e+02
   2.1080000000000001e+02   4.8524032592773402e+01
   2.1500000000000000e+02   9.7807540893554702e+01
   2.1580000000000001e+02   1.5815294265747101e+01
   2.1600000000000000e+02   3.0472881317138700e+01
   2.1790000000000001e+02   1.0240046691894500e+02
   2.1800000000000000e+02   8.2177131652832003e+01
   2.1869999999999999e+02   1.4905166625976600e+01
   2.1900000000000000e+02   3.4483680725097699e+01
   2.1990000000000001e+02   1.0143439483642599e+02
   2.2000000000000000e+02   8.3982246398925795e+01
   2.2019999999999999e+02   1.6451042175293001e+01
   2.3190000000000001e+02   1.2587639808654799e+01
   2.3209999999999999e+02   1.5213068962097200e+01
   2.3300000000000000e+02   9.2722503662109403e+01
   2.3409999999999999e+02   3.4741493225097699e+01
   2.3669999999999999e+02   1.4424438476562500e+01
   2.3700000000000000e+02   6.4630149841308594e+01
   2.4190000000000001e+02   1.2697854995727500e+01
   2.4209999999999999e+02   1.5495136260986300e+01
   2.4300000000000000e+02   1.7886138916015600e+01
   2.4309999999999999e+02   1.5523458480835000e+01
   2.6219999999999999e+02   5.6902511596679702e+01
   2.6400000000000000e+02   5.2644466400146499e+01
   2.7300000000000000e+02   2.2090831756591800e+01
   2.7489999999999998e+02   6.5076087951660199e+01
   2.7500000000000000e+02   1.6258488464355500e+02
   2.7510000000000002e+02   3.0648040771484402e+00
   2.7600000000000000e+02   5.8085475921630902e+01
   2.7700000000000000e+02   1.7206352233886701e+01
   2.7710000000000002e+02   2.0675310134887699e+01
   2.9610000000000002e+02   1.2881851196289100e+01
   2.9710000000000002e+02   1.3165388107299799e+01
   2.9800000000000000e+02   1.5777020263671901e+02
   2.9810000000000002e+02   8.9624740600585895e+01
   2.9889999999999998e+02   2.3428028106689499e+01
   2.9910000000000002e+02   3.3916923522949197e+01
   2.9989999999999998e+02   2.4357421875000000e+01
   3.0000000000000000e+02   1.0140257263183599e+02
   3.0110000000000002e+02   1.6206197738647500e+01
   3.0710000000000002e+02   2.2263114929199201e+01
   3.0719999999999999e+02   5.1222694396972699e+01
   3.0910000000000002e+02   1.3509959220886200e+01
   3.0930000000000001e+02   2.9176544189453100e+01
   3.1010000000000002e+02   2.4035207748413100e+01
   3.1069999999999999e+02   1.2012727737426800e+01
   3.1110000000000002e+02   2.6947395324706999e+01
   3.1200000000000000e+02   2.5860708236694300e+01
   3.2469999999999999e+02   1.2201070785522500e+01
   3.2500000000000000e+02   1.8083280563354499e+01
   3.2700000000000000e+02   9.0501091003417997e+01
   3.2719999999999999e+02   7.9646209716796903e+01
   3.2889999999999998e+02   1.1717995643615700e+01
   3.2900000000000000e+02   2.9664104461669901e+01
   3.2910000000000002e+02   3.7789222717285199e+01
   3.4210000000000002e+02   2.0364376831054699e+02
   3.4400000000000000e+02   2.1820468902587901e+01
   3.4419999999999999e+02   3.1635358810424801e+01
