   4.0100000000000001e+01   9.6275344848632798e+01
   4.1100000000000001e+01   2.4101142578125000e+03
   4.2100000000000001e+01   8.8407998046875000e+03
   4.3000000000000000e+01   1.2922677001953100e+03
   4.4000000000000000e+01   2.9575971679687500e+03
   4.4899999999999999e+01   5.3923904418945298e+01
   4.9899999999999999e+01   3.3934399414062500e+02
   5.0100000000000001e+01   1.7302401733398401e+02
   5.1000000000000000e+01   2.0899880371093800e+03
   5.2000000000000000e+01   4.0526916503906301e+02
   5.2100000000000001e+01   1.5442677307128901e+02
   5.3000000000000000e+01   5.8687408447265602e+02
   5.3100000000000001e+01   2.3718911743164099e+02
   5.4100000000000001e+01   1.2468365478515600e+03
   5.5000000000000000e+01   1.9774576171875000e+04
   5.6000000000000000e+01   2.1841857910156300e+03
   5.7000000000000000e+01   2.0890447998046901e+02
   5.7000000000000000e+01   8.0863159179687500e+02
   5.8000000000000000e+01   1.1879743957519500e+02
   5.8100000000000001e+01   1.2223081588745099e+01
   5.8700000000000003e+01   1.5746228218078601e+01
   6.1799999999999997e+01   2.0931821823120099e+01
   6.2000000000000000e+01   1.7897618103027301e+02
   6.2799999999999997e+01   5.3763233184814503e+01
   6.3000000000000000e+01   9.7107659912109398e+02
   6.3899999999999999e+01   3.8107929229736300e+01
   6.4000000000000000e+01   5.1782385253906295e+02
   6.4099999999999994e+01   8.8699226379394503e+01
   6.5000000000000000e+01   4.8220668945312500e+03
   6.5900000000000006e+01   6.7130752563476605e+01
   6.6000000000000000e+01   2.5496374511718801e+02
   6.6099999999999994e+01   3.0237240600585898e+02
   6.7000000000000000e+01   1.7293978271484400e+03
   6.7200000000000003e+01   3.6424438476562500e+01
   6.8000000000000000e+01   1.7819978027343800e+03
   6.8099999999999994e+01   3.9071151733398398e+02
   6.9099999999999994e+01   1.9217519531250000e+03
   7.0099999999999994e+01   2.5976325683593800e+03
   7.1000000000000000e+01   1.6768536376953099e+02
   7.1099999999999994e+01   1.3868249511718801e+02
   7.2599999999999994e+01   9.8259859085083008e+00
   7.2900000000000006e+01   2.8476118087768601e+01
   7.3799999999999997e+01   9.4941034317016602e+00
   7.3900000000000006e+01   9.1686958312988295e+01
   7.4000000000000000e+01   8.8591781616210895e+01
   7.4900000000000006e+01   5.8118118286132798e+01
   7.4900000000000006e+01   1.2638273620605500e+02
   7.5099999999999994e+01   1.3824929809570301e+02
   7.5900000000000006e+01   4.4177238464355497e+01
   7.6000000000000000e+01   3.7012039184570301e+02
   7.6099999999999994e+01   3.7057531738281301e+02
   7.7000000000000000e+01   1.3792745117187500e+04
   7.7900000000000006e+01   4.9078670501708999e+01
   7.8000000000000000e+01   2.6026179199218800e+03
   7.8900000000000006e+01   9.3480468750000000e+01
   7.9000000000000000e+01   4.4396357421875000e+03
   7.9799999999999997e+01   4.5869266510009801e+01
   8.0000000000000000e+01   5.0388455200195301e+02
   8.0099999999999994e+01   4.7821289062500000e+02
   8.0900000000000006e+01   1.1954455566406300e+02
   8.1000000000000000e+01   3.0960424804687500e+02
   8.1099999999999994e+01   2.3321784973144499e+01
   8.1900000000000006e+01   1.7741345214843801e+02
   8.2099999999999994e+01   1.5393991699218800e+03
   8.3000000000000000e+01   1.2899032592773401e+02
   8.3099999999999994e+01   1.7330708312988301e+02
   8.4000000000000000e+01   4.0205044555664102e+02
   8.4099999999999994e+01   2.0441091918945301e+02
   8.4900000000000006e+01   1.1411819458007800e+01
   8.5000000000000000e+01   4.0288372039794901e+01
   8.5099999999999994e+01   1.0440954208374000e+01
   8.5900000000000006e+01   1.2826996803283700e+01
   8.6000000000000000e+01   9.8226861953735405e+00
   8.6900000000000006e+01   1.0334180831909199e+01
   8.8000000000000000e+01   1.0098644256591800e+01
   8.8799999999999997e+01   1.8433488845825199e+01
   8.9000000000000000e+01   5.5608807373046898e+02
   8.9099999999999994e+01   5.4297827148437500e+02
   8.9900000000000006e+01   4.3917930603027301e+01
   9.0000000000000000e+01   1.4876228332519500e+02
   9.0099999999999994e+01   6.4033331298828102e+02
   9.0299999999999997e+01   3.9787807464599602e+01
   9.1099999999999994e+01   1.7442613281250000e+04
   9.1900000000000006e+01   6.9073226928710895e+01
   9.2000000000000000e+01   2.0959404296875000e+03
   9.3000000000000000e+01   2.1942465820312500e+03
   9.4000000000000000e+01   1.7028665771484400e+03
   9.5000000000000000e+01   7.6038793945312500e+02
   9.5099999999999994e+01   4.0043225097656301e+02
   9.6099999999999994e+01   9.0766103515625000e+03
   9.7000000000000000e+01   5.3114562988281295e+02
   9.7099999999999994e+01   5.8935455322265602e+02
   9.7900000000000006e+01   1.2204734802246101e+01
   9.8000000000000000e+01   5.9488287353515602e+02
   1.0100000000000000e+02   4.4030330657958999e+01
   1.0120000000000000e+02   1.5796651840210000e+01
   1.0190000000000001e+02   4.9797134399414098e+01
   1.0200000000000000e+02   3.6584817504882801e+02
   1.0209999999999999e+02   1.4394282531738301e+02
   1.0300000000000000e+02   4.7573725585937500e+03
   1.0390000000000001e+02   7.7723739624023395e+01
   1.0400000000000000e+02   6.3367895507812500e+03
   1.0509999999999999e+02   1.3197086914062500e+04
   1.0600000000000000e+02   6.2214282226562500e+02
   1.0609999999999999e+02   1.8384874267578100e+03
   1.0680000000000000e+02   1.0905941963195801e+01
   1.0700000000000000e+02   1.2814292907714801e+02
   1.0700000000000000e+02   1.1249295806884800e+02
   1.0790000000000001e+02   2.3378232955932599e+01
   1.0809999999999999e+02   1.4529675292968801e+02
   1.0890000000000001e+02   7.8347358703613295e+01
   1.0990000000000001e+02   1.7724117279052699e+01
   1.1000000000000000e+02   1.5493753433227500e+01
   1.1009999999999999e+02   6.6105361938476605e+01
   1.1109999999999999e+02   4.8101943969726598e+01
   1.1120000000000000e+02   9.5595645904540998e+00
   1.1480000000000000e+02   4.1494117736816399e+01
   1.1500000000000000e+02   4.3678994750976602e+02
   1.1500000000000000e+02   3.4918432617187500e+02
   1.1590000000000001e+02   4.5859497070312500e+01
   1.1600000000000000e+02   3.2838470458984398e+02
   1.1609999999999999e+02   1.8410681152343801e+02
   1.1700000000000000e+02   2.7242414550781300e+03
   1.1809999999999999e+02   5.3626948242187500e+03
   1.1890000000000001e+02   7.9596046447753906e+01
   1.1909999999999999e+02   1.3942724609375000e+03
   1.1920000000000000e+02   7.5239746093750000e+01
   1.2000000000000000e+02   3.6717318725585898e+02
   1.2009999999999999e+02   3.6062222290039102e+02
   1.2100000000000000e+02   7.2862884521484403e+01
   1.2109999999999999e+02   1.9547761917114300e+01
   1.2190000000000001e+02   1.4871026992797900e+01
   1.2209999999999999e+02   1.9610589981079102e+01
   1.2309999999999999e+02   1.5845719337463400e+01
   1.2380000000000000e+02   1.2675105094909700e+01
   1.2390000000000001e+02   1.1561016082763700e+01
   1.2409999999999999e+02   1.0366715431213400e+01
   1.2680000000000000e+02   1.7407247543335000e+01
   1.2690000000000001e+02   4.7425113677978501e+01
   1.2709999999999999e+02   1.0288527488708500e+01
   1.2780000000000000e+02   1.7744026184081999e+01
   1.2800000000000000e+02   2.8611978149414102e+02
   1.2809999999999999e+02   2.2272552490234401e+02
   1.2890000000000001e+02   1.5742419433593801e+02
   1.2909999999999999e+02   1.7372679138183599e+02
   1.2919999999999999e+02   1.2554335021972700e+02
   1.3000000000000000e+02   8.5669316406250000e+03
   1.3100000000000000e+02   2.1418427734375000e+03
   1.3109999999999999e+02   2.0219251708984400e+03
   1.3209999999999999e+02   8.2366357421875000e+03
   1.3300000000000000e+02   1.2544248046875000e+03
   1.3319999999999999e+02   2.0162031173706101e+01
   1.3359999999999999e+02   1.0052698135376000e+01
   1.3400000000000000e+02   4.4037377929687500e+02
   1.3419999999999999e+02   4.7056827545166001e+01
   1.3490000000000001e+02   1.1315080642700201e+01
   1.3509999999999999e+02   1.2369432449340801e+01
   1.3680000000000001e+02   3.4393058776855497e+01
   1.3700000000000000e+02   4.5949267578125000e+02
   1.3800000000000000e+02   5.1012416839599602e+01
   1.3809999999999999e+02   2.8400203704833999e+01
   1.3819999999999999e+02   1.1546895027160600e+01
   1.3880000000000001e+02   2.7287853240966800e+01
   1.3900000000000000e+02   8.2145227050781295e+02
   1.3990000000000001e+02   2.4271665573120099e+01
   1.4009999999999999e+02   3.5469738006591797e+01
   1.4090000000000001e+02   8.9208396911621094e+01
   1.4100000000000000e+02   1.4940230369567900e+01
   1.4119999999999999e+02   1.5570633888244600e+01
   1.4180000000000001e+02   3.8039581298828097e+01
   1.4200000000000000e+02   2.7206108093261701e+01
   1.4219999999999999e+02   2.5108198165893601e+01
   1.4300000000000000e+02   1.6484126281738301e+02
   1.4309999999999999e+02   2.3025372314453099e+02
   1.4400000000000000e+02   1.7887491455078100e+03
   1.4490000000000001e+02   2.2647289276123001e+01
   1.4500000000000000e+02   8.9640594482421903e+01
   1.4509999999999999e+02   9.7520556640625000e+02
   1.4609999999999999e+02   2.6652312500000000e+04
   1.4690000000000001e+02   3.2900772094726598e+01
   1.4709999999999999e+02   3.0921750488281300e+03
   1.4800000000000000e+02   3.6004727172851602e+02
   1.4809999999999999e+02   5.3300323486328102e+02
   1.4819999999999999e+02   1.0902012825012200e+01
   1.4890000000000001e+02   3.4685562133789098e+01
   1.4900000000000000e+02   4.1347175598144503e+01
   1.5000000000000000e+02   1.1395683288574199e+01
   1.5400000000000000e+02   3.0620508193969702e+01
   1.5480000000000001e+02   1.5606537818908700e+01
   1.5500000000000000e+02   4.6260803222656300e+01
   1.5509999999999999e+02   8.4870620727539105e+01
   1.5590000000000001e+02   1.3476775169372599e+01
   1.5600000000000000e+02   2.1930424499511699e+02
   1.5609999999999999e+02   2.2946838378906301e+02
   1.5690000000000001e+02   4.9031417846679702e+01
   1.5700000000000000e+02   2.3796412658691401e+02
   1.5709999999999999e+02   1.0692259216308599e+02
   1.5809999999999999e+02   6.8783457031250000e+03
   1.5890000000000001e+02   1.9451608657836900e+01
   1.5900000000000000e+02   1.3076004638671900e+03
   1.5909999999999999e+02   3.7156277465820301e+02
   1.6000000000000000e+02   1.8404608154296901e+02
   1.6009999999999999e+02   1.5051844482421900e+03
   1.6090000000000001e+02   1.1190523147583001e+01
   1.6100000000000000e+02   2.1313130187988301e+02
   1.6109999999999999e+02   6.7807708740234403e+01
   1.6290000000000001e+02   1.0838237762451200e+01
   1.6690000000000001e+02   3.0726921081543001e+01
   1.6709999999999999e+02   1.5468435287475600e+01
   1.6800000000000000e+02   5.6485908508300803e+01
   1.6890000000000001e+02   2.1090480804443398e+01
   1.6990000000000001e+02   1.1371824264526399e+01
   1.7000000000000000e+02   1.8952636718750000e+02
   1.7009999999999999e+02   9.4646751403808594e+01
   1.7090000000000001e+02   7.5912994384765597e+01
   1.7109999999999999e+02   6.8244415283203097e+01
   1.7180000000000001e+02   1.0393092155456500e+01
   1.7200000000000000e+02   4.3650680541992199e+02
   1.7209999999999999e+02   3.6336697387695301e+02
   1.7290000000000001e+02   9.7602386474609403e+01
   1.7309999999999999e+02   2.8584484863281301e+02
   1.7390000000000001e+02   4.8835235595703097e+01
   1.7419999999999999e+02   2.6984350204467798e+01
   1.7519999999999999e+02   2.0193326950073200e+01
   1.8200000000000000e+02   1.0194995117187500e+02
   1.8209999999999999e+02   2.6094732284545898e+01
   1.8309999999999999e+02   1.0993631362915000e+01
   1.8319999999999999e+02   2.7853912353515600e+01
   1.8400000000000000e+02   1.8751283264160199e+02
   1.8409999999999999e+02   6.2801971435546898e+02
   1.8480000000000001e+02   4.4278320312500000e+01
   1.8500000000000000e+02   1.1534060668945300e+02
   1.8509999999999999e+02   3.3340884399414102e+02
   1.8519999999999999e+02   3.8552627563476598e+01
   1.8600000000000000e+02   4.4147296142578102e+02
   1.8609999999999999e+02   1.4983541259765600e+03
   1.8700000000000000e+02   8.8024432373046898e+02
   1.8709999999999999e+02   1.0578593750000000e+03
   1.8800000000000000e+02   5.8549737548828102e+02
   1.8809999999999999e+02   1.8800834960937500e+03
   1.8900000000000000e+02   1.1310779571533200e+02
   1.8909999999999999e+02   8.2870371093750000e+03
   1.9000000000000000e+02   3.0191497802734398e+02
   1.9009999999999999e+02   8.9913391113281295e+02
   1.9109999999999999e+02   4.3913368225097699e+01
   1.9130000000000001e+02   9.6914529800415004e+00
   1.9490000000000001e+02   1.1792085647583001e+01
   1.9690000000000001e+02   1.2207119941711399e+01
   1.9780000000000001e+02   9.8996019363403303e+00
   1.9800000000000000e+02   8.8547622680664105e+01
   1.9819999999999999e+02   2.6229005813598601e+01
   1.9890000000000001e+02   4.0745258331298800e+01
   1.9909999999999999e+02   1.2694242858886700e+02
   1.9919999999999999e+02   4.3309745788574197e+01
   2.0009999999999999e+02   2.7564101562500000e+04
   2.0109999999999999e+02   3.9231191406250000e+03
   2.0190000000000001e+02   1.1844378471374499e+01
   2.0200000000000000e+02   1.5785314941406301e+02
   2.0209999999999999e+02   1.7730653381347699e+02
   2.0690000000000001e+02   9.4415988922119105e+00
   2.0700000000000000e+02   2.4509714126586900e+01
   2.0709999999999999e+02   1.0679940223693800e+01
   2.1069999999999999e+02   1.5485740661621101e+01
   2.1100000000000000e+02   3.7303611755371101e+01
   2.1309999999999999e+02   1.2526661872863800e+01
   2.1409999999999999e+02   3.6053027343750000e+02
   2.1500000000000000e+02   3.0769683837890602e+02
   2.1509999999999999e+02   3.8570003509521499e+01
   2.1580000000000001e+02   1.0214692115783700e+01
   2.1600000000000000e+02   2.9328281402587901e+01
   2.1700000000000000e+02   9.4376125335693395e+00
   2.1890000000000001e+02   1.3513789176940900e+01
   2.2919999999999999e+02   1.0843848228454601e+01
   2.3280000000000001e+02   3.4124977111816399e+01
   2.3290000000000001e+02   6.1534481048583999e+01
   2.3419999999999999e+02   1.3960126876831101e+01
   2.3680000000000001e+02   3.4879287719726598e+01
   2.3690000000000001e+02   3.5209800720214801e+01
   2.3700000000000000e+02   8.2603981018066406e+01
   2.3869999999999999e+02   1.1464944839477500e+01
   2.4090000000000001e+02   8.3030517578125000e+01
   2.4109999999999999e+02   3.3533363342285199e+01
   2.4130000000000001e+02   2.8843772888183601e+01
   2.4159999999999999e+02   1.7412946701049801e+01
   2.4209999999999999e+02   6.0041191101074197e+01
   2.4219999999999999e+02   2.7435769653320301e+02
   2.4309999999999999e+02   6.5816648437500000e+04
   2.4409999999999999e+02   1.1351875976562500e+04
   2.4509999999999999e+02   9.3438702392578102e+02
   2.4519999999999999e+02   2.1690873718261699e+02
   2.4600000000000000e+02   1.2109605789184601e+01
   2.7889999999999998e+02   1.7178342819213899e+01
   2.7910000000000002e+02   1.1570967864990200e+02
   2.7919999999999999e+02   1.4653463745117199e+02
   2.7930000000000001e+02   2.4239271163940401e+01
   2.8019999999999999e+02   1.2948200225830099e+01
   2.9300000000000000e+02   2.4184186935424801e+01
   3.3200000000000000e+02   1.0788801193237299e+01
   3.3219999999999999e+02   3.2001693725585902e+01
   3.3430000000000001e+02   1.0682919502258301e+01
