   4.0899999999999999e+01   9.8043670654296903e+01
   4.1000000000000000e+01   3.4008163452148398e+02
   4.1100000000000001e+01   1.4247717285156301e+02
   4.2000000000000000e+01   1.3500968933105500e+02
   4.2000000000000000e+01   1.2575469970703100e+03
   4.2100000000000001e+01   4.0892996215820301e+02
   4.2899999999999999e+01   7.0106010437011705e+01
   4.3000000000000000e+01   2.7788214111328102e+02
   4.3200000000000003e+01   5.7750210762023899e+00
   4.3899999999999999e+01   1.5892012023925801e+02
   4.4000000000000000e+01   4.1300018310546898e+02
   4.5000000000000000e+01   4.3325541992187500e+03
   4.6000000000000000e+01   8.2901756286621094e+01
   4.6100000000000001e+01   7.2139801979064897e+00
   4.9899999999999999e+01   2.7015775680541999e+01
   5.0000000000000000e+01   9.0702781677246094e+01
   5.0100000000000001e+01   2.7154615402221701e+01
   5.0899999999999999e+01   2.7237533569335898e+02
   5.1000000000000000e+01   2.3092181396484401e+02
   5.1200000000000003e+01   8.4876079559326207e+00
   5.1799999999999997e+01   4.2524471282958999e+01
   5.2000000000000000e+01   1.1274089813232401e+02
   5.2899999999999999e+01   1.2050165557861300e+02
   5.3000000000000000e+01   5.9501556396484403e+01
   5.3200000000000003e+01   7.4862122535705602e+00
   5.3899999999999999e+01   2.2628507614135700e+01
   5.4000000000000000e+01   1.2771913909912099e+02
   5.4100000000000001e+01   1.9656885147094702e+01
   5.4899999999999999e+01   6.8788322448730497e+01
   5.5000000000000000e+01   4.1857699584960898e+02
   5.5100000000000001e+01   1.9610937118530298e+01
   5.5799999999999997e+01   1.9510301589965799e+01
   5.5899999999999999e+01   8.6497543334960895e+01
   5.6000000000000000e+01   2.0848831176757801e+02
   5.6899999999999999e+01   1.5431240081787100e+01
   5.7000000000000000e+01   1.4488603210449199e+02
   5.7100000000000001e+01   6.0364486694335902e+01
   5.8000000000000000e+01   1.5224200439453099e+02
   5.8100000000000001e+01   2.3504708862304699e+02
   5.8799999999999997e+01   1.1611873626709000e+01
   5.8899999999999999e+01   2.9241464614868200e+01
   5.9100000000000001e+01   6.9744171142578097e+01
   6.1000000000000000e+01   6.7709269523620597e+00
   6.1799999999999997e+01   7.0664763450622603e+00
   6.2000000000000000e+01   1.2013513565063500e+01
   6.2100000000000001e+01   9.6740407943725604e+00
   6.2899999999999999e+01   1.7050885009765599e+02
   6.3000000000000000e+01   1.4750889587402301e+02
   6.3899999999999999e+01   3.5218776702880902e+01
   6.4000000000000000e+01   1.1585823822021500e+02
   6.4099999999999994e+01   1.6101955413818398e+01
   6.4900000000000006e+01   1.0832119750976599e+02
   6.5000000000000000e+01   9.5020434570312500e+02
   6.5799999999999997e+01   9.2872114181518608e+00
   6.5900000000000006e+01   5.2774829864502003e+01
   6.6000000000000000e+01   9.9568946838378906e+01
   6.6200000000000003e+01   6.9869422912597701e+00
   6.6900000000000006e+01   1.8002232360839801e+02
   6.7000000000000000e+01   2.0785485839843801e+02
   6.8000000000000000e+01   2.1429951477050801e+02
   6.8099999999999994e+01   1.8299256896972699e+02
   6.9000000000000000e+01   1.2601982879638700e+02
   6.9099999999999994e+01   2.4984930419921901e+02
   6.9900000000000006e+01   3.0013475418090799e+01
   7.0000000000000000e+01   4.7198654174804699e+02
   7.0099999999999994e+01   3.9760980224609398e+02
   7.0900000000000006e+01   2.2531723022460898e+01
   7.2099999999999994e+01   1.2841500282287599e+01
   7.3000000000000000e+01   7.0993351936340297e+00
   7.3900000000000006e+01   2.0992929458618200e+01
   7.4000000000000000e+01   2.5253232955932599e+01
   7.4799999999999997e+01   7.2147340774536097e+00
   7.4900000000000006e+01   2.8769729614257798e+01
   7.5700000000000003e+01   6.2221741676330602e+00
   7.5900000000000006e+01   4.0025127410888700e+01
   7.6000000000000000e+01   7.5750839233398395e+01
   7.6200000000000003e+01   1.0301799774169901e+01
   7.7000000000000000e+01   2.8886171875000000e+03
   7.7900000000000006e+01   5.7292240142822301e+01
   7.8000000000000000e+01   6.4860076904296898e+02
   7.8799999999999997e+01   5.9421096801757798e+01
   7.9000000000000000e+01   7.9371942138671898e+02
   7.9099999999999994e+01   8.9345893859863295e+01
   7.9900000000000006e+01   7.0944442749023395e+01
   8.0000000000000000e+01   1.8542457580566401e+02
   8.0799999999999997e+01   1.1229119300842299e+01
   8.0900000000000006e+01   4.2986225128173800e+01
   8.1000000000000000e+01   5.5662136077880902e+01
   8.1200000000000003e+01   8.2584705352783203e+00
   8.1900000000000006e+01   5.3636482238769503e+01
   8.2000000000000000e+01   2.5231521606445301e+02
   8.2099999999999994e+01   1.3617222595214801e+02
   8.2900000000000006e+01   4.0338687896728501e+01
   8.3000000000000000e+01   3.5028434753417997e+01
   8.3900000000000006e+01   2.9339012145996101e+01
   8.4000000000000000e+01   9.2417640686035199e+01
   8.4099999999999994e+01   2.3285909652710000e+01
   8.7900000000000006e+01   1.3079799652099600e+01
   8.8000000000000000e+01   5.6916370391845703e+00
   8.8200000000000003e+01   5.7442975044250497e+00
   8.8799999999999997e+01   2.9126871109008800e+01
   8.8900000000000006e+01   9.3784736633300795e+01
   8.9000000000000000e+01   9.2823135375976605e+01
   8.9099999999999994e+01   3.6857635498046903e+01
   9.0000000000000000e+01   1.4509096145629901e+01
   9.0000000000000000e+01   1.1093170928955099e+02
   9.0200000000000003e+01   8.2475296020507798e+01
   9.0299999999999997e+01   1.0557765960693400e+01
   9.1000000000000000e+01   3.5671914062500000e+03
   9.1700000000000003e+01   7.5232143402099600e+00
   9.1900000000000006e+01   1.2145538330078099e+02
   9.2099999999999994e+01   5.5136212158203102e+02
   9.2200000000000003e+01   5.7904534339904803e+00
   9.2900000000000006e+01   9.9024635314941406e+01
   9.3099999999999994e+01   3.6082019042968801e+02
   9.3200000000000003e+01   5.7596473693847701e+00
   9.3799999999999997e+01   2.1969205856323200e+01
   9.3900000000000006e+01   8.9885070800781307e+01
   9.4099999999999994e+01   3.7171359252929699e+02
   9.4200000000000003e+01   3.6117862701416001e+01
   9.4900000000000006e+01   3.8037929534912102e+01
   9.5000000000000000e+01   1.3192527770996099e+02
   9.5099999999999994e+01   2.1412918090820301e+02
   9.6099999999999994e+01   2.0002520751953100e+03
   9.6200000000000003e+01   1.4556689262390099e+01
   9.6799999999999997e+01   5.8683466911315900e+00
   9.6900000000000006e+01   6.7352165222167997e+01
   9.7099999999999994e+01   2.6549130249023398e+02
   9.7200000000000003e+01   7.5653958320617702e+00
   9.7900000000000006e+01   4.0394783020019503e+01
   9.8099999999999994e+01   1.1239226531982401e+02
   9.9900000000000006e+01   3.6375732421875000e+01
   1.0000000000000000e+02   1.5060607910156300e+01
   1.0009999999999999e+02   1.7893892288208001e+01
   1.0190000000000001e+02   2.9551589965820298e+01
   1.0209999999999999e+02   5.3443252563476598e+01
   1.0280000000000000e+02   1.0690889358520501e+01
   1.0290000000000001e+02   2.0995513916015599e+02
   1.0300000000000000e+02   7.1957226562500000e+02
   1.0309999999999999e+02   2.4225057601928700e+01
   1.0390000000000001e+02   3.0377717971801800e+01
   1.0400000000000000e+02   4.8309649658203102e+02
   1.0409999999999999e+02   7.2054071044921898e+02
   1.0490000000000001e+02   4.5335483551025398e+01
   1.0500000000000000e+02   3.1050275878906300e+03
   1.0590000000000001e+02   1.4030490112304699e+02
   1.0600000000000000e+02   6.0669494628906295e+02
   1.0609999999999999e+02   3.0078924560546898e+02
   1.0680000000000000e+02   1.4718415260314901e+01
   1.0690000000000001e+02   9.9026632308959996e+00
   1.0709999999999999e+02   4.5619319915771499e+01
   1.0820000000000000e+02   8.0067863464355504e+00
   1.0880000000000000e+02   5.8992738723754901e+00
   1.0909999999999999e+02   5.2184433937072798e+00
   1.1480000000000000e+02   6.4628667831420898e+00
   1.1500000000000000e+02   5.2484081268310497e+01
   1.1520000000000000e+02   1.0206211090087900e+01
   1.1559999999999999e+02   1.3546161651611300e+01
   1.1580000000000000e+02   3.7325492858886697e+01
   1.1609999999999999e+02   1.7101308822631800e+01
   1.1680000000000000e+02   1.8403518676757798e+01
   1.1690000000000001e+02   1.1224443817138700e+02
   1.1700000000000000e+02   3.4289019775390602e+02
   1.1720000000000000e+02   1.8184545516967798e+01
   1.1790000000000001e+02   1.3216790771484401e+02
   1.1800000000000000e+02   5.6547100830078102e+02
   1.1890000000000001e+02   4.0712261199951200e+01
   1.1900000000000000e+02   2.8826165771484398e+02
   1.1909999999999999e+02   7.3738311767578097e+01
   1.1970000000000000e+02   5.7523446083068803e+00
   1.1990000000000001e+02   4.9423061370849602e+01
   1.2000000000000000e+02   1.5771104431152301e+02
   1.2009999999999999e+02   2.5379280090331999e+01
   1.2090000000000001e+02   5.7868313789367702e+00
   1.2790000000000001e+02   3.4005264282226598e+01
   1.2800000000000000e+02   7.2884399414062500e+01
   1.2869999999999999e+02   6.2012805938720703e+00
   1.2890000000000001e+02   6.8752017021179199e+00
   1.2909999999999999e+02   3.6082614898681598e+01
   1.2940000000000001e+02   5.6594791412353498e+00
   1.2990000000000001e+02   3.4397632598877003e+01
   1.3000000000000000e+02   1.0014446411132800e+03
   1.3009999999999999e+02   1.2003817749023401e+02
   1.3090000000000001e+02   1.1206792449951200e+02
   1.3100000000000000e+02   4.3819036865234398e+02
   1.3109999999999999e+02   5.5806297302246101e+01
   1.3190000000000001e+02   2.7017404556274400e+01
   1.3200000000000000e+02   4.4571191406250000e+02
   1.3209999999999999e+02   1.0985529785156300e+03
   1.3290000000000001e+02   2.1259157180786101e+01
   1.3300000000000000e+02   1.9138787841796901e+02
   1.3309999999999999e+02   5.9209632873535201e+00
   1.3319999999999999e+02   1.6407228469848601e+01
   1.3380000000000001e+02   6.2065134048461896e+00
   1.3390000000000001e+02   1.0915096282959000e+01
   1.3400000000000000e+02   6.0997024536132798e+01
   1.3409999999999999e+02   3.2004776000976598e+01
   1.3490000000000001e+02   5.2285625457763700e+01
   1.3500000000000000e+02   1.2558138275146500e+02
   1.3519999999999999e+02   2.2536314010620099e+01
   1.3669999999999999e+02   1.4634177207946800e+01
   1.3690000000000001e+02   7.4340301513671903e+01
   1.3890000000000001e+02   6.7871528625488295e+01
   1.3909999999999999e+02   1.7138031005859401e+02
   1.3980000000000001e+02   6.0128326416015598e+00
   1.4000000000000000e+02   1.2245532989501999e+01
   1.4290000000000001e+02   2.6795091629028299e+01
   1.4300000000000000e+02   8.7398738861084002e+00
   1.4309999999999999e+02   1.9151309967041001e+01
   1.4319999999999999e+02   1.5390979766845700e+01
   1.4390000000000001e+02   1.0474810791015599e+02
   1.4400000000000000e+02   1.1161246490478500e+02
   1.4409999999999999e+02   5.4698989868164098e+01
   1.4419999999999999e+02   1.1341430664062500e+01
   1.4500000000000000e+02   1.2098150634765599e+02
   1.4519999999999999e+02   2.4610000610351602e+01
   1.4590000000000001e+02   1.3352346801757801e+02
   1.4600000000000000e+02   4.1973626708984398e+02
   1.4609999999999999e+02   7.1262260437011705e+01
   1.4680000000000001e+02   8.4113922119140607e+00
   1.4700000000000000e+02   3.6609951019287102e+01
   1.4790000000000001e+02   6.4614739418029803e+00
   1.4800000000000000e+02   4.8070701599121101e+01
   1.4809999999999999e+02   4.2044197082519503e+01
   1.4819999999999999e+02   1.4672338485717800e+01
   1.5590000000000001e+02   9.9359931945800799e+00
   1.5600000000000000e+02   5.7398803710937500e+01
   1.5609999999999999e+02   1.0978549957275400e+01
   1.5680000000000001e+02   1.8486738204956101e+01
   1.5700000000000000e+02   3.1344438552856399e+01
   1.5730000000000001e+02   7.6708440780639604e+00
   1.5790000000000001e+02   6.6365074157714801e+01
   1.5809999999999999e+02   2.0273028564453100e+03
   1.5890000000000001e+02   3.5119659423828097e+01
   1.5900000000000000e+02   3.2938308715820301e+02
   1.5909999999999999e+02   1.0442906188964800e+02
   1.6000000000000000e+02   2.3141075134277301e+02
   1.6009999999999999e+02   2.6356781005859398e+02
   1.6100000000000000e+02   6.2337711334228501e+01
   1.6190000000000001e+02   5.9951910972595197e+00
   1.6219999999999999e+02   1.1969945907592800e+01
   1.6490000000000001e+02   4.4694923400878899e+01
   1.6500000000000000e+02   7.4421699523925795e+01
   1.6519999999999999e+02   5.1059772491455099e+01
   1.6600000000000000e+02   6.4630031585693404e+00
   1.6619999999999999e+02   5.9544773101806596e+00
   1.6990000000000001e+02   5.9890799522399902e+00
   1.7190000000000001e+02   2.0879261016845700e+01
   1.7209999999999999e+02   2.0758945465087901e+01
   1.7309999999999999e+02   7.0504250526428196e+00
   1.7319999999999999e+02   6.6456198692321804e+00
   1.8109999999999999e+02   7.0962028503418004e+00
   1.8190000000000001e+02   6.5897130966186497e+00
   1.8200000000000000e+02   6.1911926269531303e+00
   1.8400000000000000e+02   1.5210778808593801e+02
   1.8409999999999999e+02   1.1322660827636700e+02
   1.8419999999999999e+02   1.7442932128906300e+01
   1.8500000000000000e+02   9.6130096435546903e+01
   1.8509999999999999e+02   6.1494117736816399e+01
   1.8519999999999999e+02   1.7962524414062500e+01
   1.8590000000000001e+02   7.5703086853027301e+01
   1.8600000000000000e+02   3.3182904052734398e+02
   1.8609999999999999e+02   9.6261573791503906e+01
   1.8640000000000001e+02   6.5960288047790501e+00
   1.8700000000000000e+02   1.0750592803955099e+02
   1.8709999999999999e+02   3.0718579101562500e+02
   1.8730000000000001e+02   1.3964717864990201e+01
   1.8800000000000000e+02   4.4768230438232401e+01
   1.8809999999999999e+02   7.0924127197265602e+02
   1.8819999999999999e+02   2.0680452346801800e+01
   1.8900000000000000e+02   5.3476249694824197e+01
   1.8909999999999999e+02   2.5437469482421901e+02
   1.8990000000000001e+02   7.5226984024047896e+00
   1.9000000000000000e+02   1.6151603698730500e+02
   1.9009999999999999e+02   6.3757641601562500e+02
   1.9019999999999999e+02   1.8906484603881800e+01
   1.9100000000000000e+02   2.9121536254882798e+01
   1.9109999999999999e+02   5.6710880279541001e+01
   1.9119999999999999e+02   1.4899586677551300e+01
   1.9200000000000000e+02   7.2186889648437500e+00
   2.0100000000000000e+02   1.2528973388671901e+02
   2.0119999999999999e+02   1.8663637161254901e+01
   2.0200000000000000e+02   6.1964263916015598e+00
   2.1080000000000001e+02   8.0695199966430700e+00
   2.1100000000000000e+02   1.7407798767089801e+01
   2.1480000000000001e+02   3.4108055114746101e+01
   2.1490000000000001e+02   5.2286346435546903e+01
   2.1569999999999999e+02   2.1244453430175799e+01
   2.1600000000000000e+02   1.1494278907775900e+01
   2.1690000000000001e+02   7.8727364540100098e+00
   2.1709999999999999e+02   6.1367807388305700e+00
   2.1809999999999999e+02   2.2886118164062500e+03
   2.1890000000000001e+02   4.6708869934082003e+01
   2.1909999999999999e+02   2.3623986816406301e+02
   2.1919999999999999e+02   9.5331733703613295e+01
   2.2009999999999999e+02   5.6385040283203098e+00
   2.2890000000000001e+02   1.3010766983032200e+01
   2.2900000000000000e+02   7.6089195251464801e+01
   2.2919999999999999e+02   3.1867641448974599e+01
   2.3090000000000001e+02   1.2679187774658200e+01
   2.3109999999999999e+02   5.8240726470947301e+01
   2.3119999999999999e+02   1.4066608428955099e+01
   2.3209999999999999e+02   1.2312713623046900e+01
   2.3300000000000000e+02   1.1228954315185501e+01
   2.3680000000000001e+02   7.7634143829345703e+00
   2.3700000000000000e+02   3.1202068328857401e+01
   2.6019999999999999e+02   3.6434818267822301e+01
   2.6119999999999999e+02   1.0586293945312500e+04
   2.6210000000000002e+02   8.7685607910156307e+01
   2.6210000000000002e+02   1.6669090576171900e+03
   2.6219999999999999e+02   1.0791595458984401e+02
   2.6300000000000000e+02   7.5068519592285199e+01
   2.6319999999999999e+02   1.5301913452148401e+02
   2.7919999999999999e+02   6.6417622566223100e+00
   2.8019999999999999e+02   7.5879230499267596e+00
