   4.0000000000000000e+01   2.6928353881835898e+02
   4.1100000000000001e+01   5.2114184570312500e+03
   4.2100000000000001e+01   2.5316492187500000e+04
   4.3000000000000000e+01   1.2547077636718800e+03
   4.3100000000000001e+01   1.1493549804687500e+03
   4.4100000000000001e+01   2.6783105468750000e+04
   4.4899999999999999e+01   3.2250972747802699e+01
   4.5000000000000000e+01   7.1290625000000000e+02
   4.8799999999999997e+01   2.1393247604370099e+01
   5.0000000000000000e+01   3.5160452270507801e+02
   5.0000000000000000e+01   9.0061364746093795e+02
   5.0899999999999999e+01   2.1536743164062500e+02
   5.1000000000000000e+01   4.8134223632812500e+03
   5.2000000000000000e+01   1.6659321289062500e+03
   5.3000000000000000e+01   8.6941894531250000e+02
   5.3100000000000001e+01   6.8963128662109398e+02
   5.3899999999999999e+01   7.7245101928710895e+01
   5.4000000000000000e+01   2.2655166015625000e+03
   5.5100000000000001e+01   3.0986616210937500e+03
   5.6000000000000000e+01   3.7014631347656300e+03
   5.7100000000000001e+01   2.6854016113281300e+03
   5.7899999999999999e+01   1.0274626922607401e+02
   5.8000000000000000e+01   3.1590625000000000e+02
   5.8799999999999997e+01   1.2151625633239700e+01
   5.8899999999999999e+01   9.4215026855468807e+01
   5.9000000000000000e+01   5.6407722473144503e+01
   6.1000000000000000e+01   5.0876132965087898e+01
   6.1100000000000001e+01   1.5208102226257299e+01
   6.1899999999999999e+01   1.9095825195312500e+02
   6.2000000000000000e+01   3.4519000244140602e+02
   6.2899999999999999e+01   9.7272193908691406e+01
   6.3000000000000000e+01   2.8618217773437500e+03
   6.4000000000000000e+01   1.3685187988281300e+03
   6.4099999999999994e+01   7.5789337158203097e+01
   6.5000000000000000e+01   1.5940625000000000e+04
   6.6000000000000000e+01   3.0631181640625000e+03
   6.7000000000000000e+01   1.8850573730468800e+03
   6.8000000000000000e+01   3.4758537597656300e+03
   6.9000000000000000e+01   1.7269648742675801e+02
   6.9099999999999994e+01   1.6344582519531300e+03
   7.0099999999999994e+01   8.8816503906250000e+03
   7.1000000000000000e+01   6.2790747070312500e+02
   7.1900000000000006e+01   7.7217475891113295e+01
   7.2099999999999994e+01   5.8854629516601598e+01
   7.2200000000000003e+01   4.5149955749511697e+01
   7.3000000000000000e+01   9.5336463928222699e+01
   7.3900000000000006e+01   4.4401702880859403e+01
   7.4000000000000000e+01   4.4686520385742199e+02
   7.4799999999999997e+01   9.3250030517578097e+01
   7.4900000000000006e+01   2.5808654785156301e+02
   7.5000000000000000e+01   4.1965505981445301e+02
   7.5900000000000006e+01   1.6031013488769500e+02
   7.6099999999999994e+01   1.2944549560546900e+03
   7.7000000000000000e+01   2.7483953125000000e+04
   7.8000000000000000e+01   7.0426137695312500e+03
   7.9000000000000000e+01   9.0110742187500000e+03
   7.9900000000000006e+01   7.8253486633300795e+01
   8.0000000000000000e+01   1.6995750732421900e+03
   8.1000000000000000e+01   4.6083926391601602e+02
   8.1099999999999994e+01   1.2280892944335901e+02
   8.2000000000000000e+01   2.0773547363281300e+03
   8.2900000000000006e+01   8.8759414672851605e+01
   8.3000000000000000e+01   2.3704071044921901e+02
   8.3099999999999994e+01   2.7524386596679699e+02
   8.3900000000000006e+01   7.8560310363769503e+01
   8.4099999999999994e+01   7.8982360839843795e+02
   8.5000000000000000e+01   1.4945045471191401e+02
   8.6000000000000000e+01   1.6543920516967798e+01
   8.7000000000000000e+01   6.9741851806640597e+01
   8.7099999999999994e+01   3.6730350494384801e+01
   8.7900000000000006e+01   5.4101009368896499e+01
   8.8200000000000003e+01   3.5380184173583999e+01
   8.9000000000000000e+01   3.0655036621093800e+03
   8.9900000000000006e+01   7.1771888732910199e+01
   9.0099999999999994e+01   1.6547397460937500e+03
   9.0099999999999994e+01   5.3041064453125000e+02
   9.1000000000000000e+01   4.7884863281250000e+04
   9.2000000000000000e+01   7.2841152343750000e+03
   9.3000000000000000e+01   3.9075161132812500e+03
   9.4000000000000000e+01   6.2687145996093795e+02
   9.4500000000000000e+01   7.6642407226562500e+02
   9.4599999999999994e+01   4.7117353515625000e+03
   9.5200000000000003e+01   1.4517088317871099e+02
   9.5299999999999997e+01   7.4306785583496094e+01
   9.6099999999999994e+01   1.8767486328125000e+04
   9.6900000000000006e+01   6.3813987731933601e+01
   9.7099999999999994e+01   2.5417900390625000e+03
   9.8000000000000000e+01   3.1216687011718801e+02
   9.8099999999999994e+01   8.0818412780761705e+01
   1.0020000000000000e+02   1.4954381942749000e+01
   1.0100000000000000e+02   4.1376407623291001e+01
   1.0109999999999999e+02   5.7506481170654297e+01
   1.0120000000000000e+02   1.7586915969848601e+01
   1.0180000000000000e+02   2.4664131164550799e+01
   1.0200000000000000e+02   6.0340509033203102e+02
   1.0209999999999999e+02   5.0333059692382801e+02
   1.0300000000000000e+02   8.9041152343750000e+03
   1.0400000000000000e+02   1.1730231445312500e+04
   1.0500000000000000e+02   2.2525158203125000e+04
   1.0600000000000000e+02   7.9012050781250000e+03
   1.0700000000000000e+02   6.7638232421875000e+02
   1.0800000000000000e+02   1.1822622680664099e+02
   1.0820000000000000e+02   1.8337928771972699e+01
   1.0890000000000001e+02   1.6371726989746101e+01
   1.0900000000000000e+02   2.4351982116699201e+01
   1.0909999999999999e+02   3.1204265594482401e+01
   1.1009999999999999e+02   1.9418413162231399e+01
   1.1080000000000000e+02   1.6033941268920898e+01
   1.1090000000000001e+02   6.8381988525390597e+01
   1.1500000000000000e+02   1.5018721923828100e+03
   1.1509999999999999e+02   2.5441416931152301e+02
   1.1590000000000001e+02   1.1674158477783200e+02
   1.1600000000000000e+02   4.4629837036132801e+02
   1.1609999999999999e+02   4.6562805175781301e+02
   1.1709999999999999e+02   8.3755947265625000e+03
   1.1809999999999999e+02   3.2038554687500000e+04
   1.1909999999999999e+02   8.1986503906250000e+03
   1.1990000000000001e+02   3.6419235229492202e+01
   1.2000000000000000e+02   2.1564282226562500e+03
   1.2090000000000001e+02   2.0070917129516602e+01
   1.2100000000000000e+02   9.7402679443359403e+01
   1.2109999999999999e+02   3.3445552825927699e+01
   1.2680000000000000e+02   5.1414173126220703e+01
   1.2700000000000000e+02   1.1284111022949200e+02
   1.2709999999999999e+02   7.0846221923828097e+01
   1.2790000000000001e+02   9.4041862487792997e+01
   1.2800000000000000e+02   5.3450634765625000e+02
   1.2809999999999999e+02   2.0808839797973601e+01
   1.2890000000000001e+02   5.4587184906005902e+01
   1.2909999999999999e+02   5.3870666503906295e+02
   1.2919999999999999e+02   6.6718025207519503e+01
   1.3009999999999999e+02   9.7517744140625000e+03
   1.3109999999999999e+02   5.4526718750000000e+03
   1.3209999999999999e+02   2.4967093750000000e+04
   1.3300000000000000e+02   4.0261611938476602e+02
   1.3309999999999999e+02   2.9077858886718800e+03
   1.3409999999999999e+02   1.2333969726562500e+03
   1.3490000000000001e+02   2.7118638992309599e+01
   1.3509999999999999e+02   7.6418022155761705e+01
   1.3519999999999999e+02   1.4774509429931600e+01
   1.3700000000000000e+02   2.1796109008789099e+02
   1.3709999999999999e+02   3.7067531585693402e+01
   1.3909999999999999e+02   3.0231813430786101e+01
   1.3990000000000001e+02   2.7898517608642599e+01
   1.4069999999999999e+02   1.6250265121460000e+01
   1.4100000000000000e+02   5.6621509552002003e+01
   1.4200000000000000e+02   4.4176647186279297e+01
   1.4209999999999999e+02   4.7346836090087898e+01
   1.4290000000000001e+02   7.5963890075683594e+01
   1.4300000000000000e+02   2.9914288330078102e+02
   1.4309999999999999e+02   3.1966665649414102e+02
   1.4390000000000001e+02   2.5082984924316401e+02
   1.4409999999999999e+02   2.8921657714843800e+03
   1.4500000000000000e+02   2.0221087646484401e+02
   1.4519999999999999e+02   2.5490361328125000e+03
   1.4609999999999999e+02   1.1534152343750000e+05
   1.4709999999999999e+02   1.3759790039062500e+04
   1.4809999999999999e+02   2.2077553710937500e+03
   1.4900000000000000e+02   1.5211062622070301e+02
   1.4919999999999999e+02   4.0047191619872997e+01
   1.5200000000000000e+02   4.2647617340087898e+01
   1.5380000000000001e+02   1.6948942184448200e+01
   1.5500000000000000e+02   5.1282615661621101e+01
   1.5509999999999999e+02   1.8278860092163100e+01
   1.5590000000000001e+02   7.7406806945800795e+01
   1.5600000000000000e+02   3.1491955566406301e+02
   1.5690000000000001e+02   6.6013778686523395e+01
   1.5700000000000000e+02   7.6159835815429702e+01
   1.5709999999999999e+02   6.9475151062011705e+01
   1.5719999999999999e+02   2.5630561828613299e+01
   1.5780000000000001e+02   1.5209804534912100e+01
   1.5800000000000000e+02   8.4462066650390602e+02
   1.5859999999999999e+02   1.8769020080566399e+01
   1.5900000000000000e+02   2.4430744934082000e+02
   1.5909999999999999e+02   5.2196313476562500e+02
   1.6009999999999999e+02   4.5716250000000000e+03
   1.6090000000000001e+02   1.1922384643554700e+02
   1.6109999999999999e+02   4.4212518310546898e+02
   1.6119999999999999e+02   1.4926820373535199e+02
   1.6200000000000000e+02   1.6234441757202099e+01
   1.6800000000000000e+02   2.1361669540405298e+01
   1.6809999999999999e+02   1.9966566085815401e+01
   1.7000000000000000e+02   1.7890575408935501e+01
   1.7090000000000001e+02   2.2266344070434599e+01
   1.7109999999999999e+02   1.4109265327453601e+01
   1.7180000000000001e+02   3.6294830322265597e+01
   1.7209999999999999e+02   3.3748825073242202e+01
   1.7290000000000001e+02   7.2868537902832003e+01
   1.7300000000000000e+02   1.9196640014648401e+02
   1.7380000000000001e+02   2.2806217193603501e+01
   1.7400000000000000e+02   3.8849483489990199e+01
   1.7419999999999999e+02   3.3539188385009801e+01
   1.7509999999999999e+02   1.4415136337280300e+01
   1.7590000000000001e+02   1.6728116989135700e+01
   1.7600000000000000e+02   1.6228532791137699e+01
   1.7809999999999999e+02   1.3860889434814499e+01
   1.8030000000000001e+02   2.0153118133544901e+01
   1.8090000000000001e+02   6.8773994445800795e+01
   1.8119999999999999e+02   1.5575428009033200e+01
   1.8209999999999999e+02   1.4736322402954100e+01
   1.8290000000000001e+02   2.1582658767700199e+01
   1.8380000000000001e+02   2.1440134048461900e+01
   1.8400000000000000e+02   2.8265969848632801e+02
   1.8409999999999999e+02   2.5547236633300801e+02
   1.8419999999999999e+02   6.5531646728515597e+01
   1.8490000000000001e+02   3.4540500640869098e+01
   1.8509999999999999e+02   3.8234103393554699e+02
   1.8519999999999999e+02   4.2985897064208999e+01
   1.8609999999999999e+02   9.1837207031250000e+02
   1.8619999999999999e+02   9.9996696472167997e+01
   1.8700000000000000e+02   2.3110131835937500e+02
   1.8709999999999999e+02   1.2730340576171900e+03
   1.8809999999999999e+02   1.8876639404296900e+03
   1.8909999999999999e+02   9.8724109375000000e+04
   1.9009999999999999e+02   1.3680468750000000e+04
   1.9090000000000001e+02   3.3663883209228501e+01
   1.9100000000000000e+02   4.0956250000000000e+02
   1.9109999999999999e+02   6.0659252929687500e+02
   2.0100000000000000e+02   1.8638826370239300e+01
   2.0309999999999999e+02   7.2378349304199205e+01
   2.0700000000000000e+02   3.4948780059814503e+01
   2.1080000000000001e+02   4.7450828552246103e+00
   2.1109999999999999e+02   2.7119018554687500e+01
   2.1490000000000001e+02   1.7767486572265599e+02
   2.1600000000000000e+02   6.7504243850707999e+00
   2.1700000000000000e+02   1.5629989624023400e+01
   2.1880000000000001e+02   6.9077049255371094e+01
   2.1900000000000000e+02   8.9286937713622994e+00
   2.2209999999999999e+02   1.3986006736755400e+01
   2.3300000000000000e+02   6.9262603759765597e+01
   2.3669999999999999e+02   6.2275405883789098e+01
   2.3700000000000000e+02   1.2452379608154300e+02
   2.5109999999999999e+02   4.3091587066650398e+01
   2.5119999999999999e+02   6.2295177459716797e+01
   2.7689999999999998e+02   1.4772393226623500e+01
   2.7800000000000000e+02   1.9860740661621101e+01
   2.7810000000000002e+02   8.3061233520507798e+01
   2.7900000000000000e+02   3.4451320648193402e+01
   2.7910000000000002e+02   1.4488205909729000e+01
   2.8019999999999999e+02   3.2381359863281300e+03
   2.8100000000000000e+02   2.8404055786132801e+02
   2.8119999999999999e+02   2.8631552124023398e+02
   2.8130000000000001e+02   2.7263977050781301e+02
   2.8210000000000002e+02   1.4078116416931200e+01
