   4.0100000000000001e+01   4.8726602172851602e+02
   4.1100000000000001e+01   8.0298774414062500e+03
   4.2100000000000001e+01   2.2161599609375000e+04
   4.3000000000000000e+01   2.7476003417968800e+03
   4.4000000000000000e+01   3.0154208984375000e+03
   4.5000000000000000e+01   7.9695884704589801e+01
   4.5200000000000003e+01   7.3810859680175795e+01
   4.5500000000000000e+01   3.4382820129394503e+01
   4.7700000000000003e+01   9.3996009826660192e+00
   4.8899999999999999e+01   4.1269577026367202e+01
   4.9000000000000000e+01   1.0256275177002000e+02
   4.9899999999999999e+01   5.6508583068847699e+01
   5.0000000000000000e+01   2.5653728027343800e+03
   5.1000000000000000e+01   1.1405041015625000e+04
   5.2000000000000000e+01   3.0004431152343800e+03
   5.3000000000000000e+01   3.8079790039062500e+03
   5.4100000000000001e+01   4.9006826171875000e+03
   5.5100000000000001e+01   1.8209140625000000e+04
   5.6100000000000001e+01   1.5237409179687500e+04
   5.7100000000000001e+01   7.8072421875000000e+04
   5.8000000000000000e+01   3.4765872192382801e+02
   5.8100000000000001e+01   2.5469616699218800e+03
   5.8899999999999999e+01   6.3304866790771499e+01
   5.9000000000000000e+01   3.2992132568359398e+02
   5.9200000000000003e+01   1.2004416465759300e+01
   6.0100000000000001e+01   1.0077344894409199e+01
   6.0799999999999997e+01   4.3452087402343800e+01
   6.0899999999999999e+01   8.0622970581054702e+01
   6.1000000000000000e+01   1.5887211608886699e+02
   6.1899999999999999e+01   3.0502239990234398e+02
   6.2000000000000000e+01   8.3453295898437500e+02
   6.2100000000000001e+01   4.9216842651367202e+01
   6.3000000000000000e+01   6.9745463867187500e+03
   6.3100000000000001e+01   7.8459709167480497e+01
   6.4000000000000000e+01   1.6095498657226599e+02
   6.4000000000000000e+01   4.8700839843750000e+03
   6.5000000000000000e+01   4.9935996093750000e+04
   6.6000000000000000e+01   5.6247377929687500e+03
   6.6799999999999997e+01   4.8567321777343800e+01
   6.7000000000000000e+01   3.9229482421875000e+03
   6.8000000000000000e+01   4.1388085937500000e+03
   6.9099999999999994e+01   8.9640986328125000e+03
   7.0000000000000000e+01   1.4437445068359400e+03
   7.0099999999999994e+01   9.6145288085937500e+02
   7.1000000000000000e+01   2.5870587158203102e+02
   7.1099999999999994e+01   1.9819837951660199e+02
   7.1799999999999997e+01   1.1801874160766600e+01
   7.1900000000000006e+01   4.4571800231933601e+01
   7.2099999999999994e+01   1.1797348022460901e+02
   7.2799999999999997e+01   2.9611284255981399e+01
   7.3000000000000000e+01   1.3315242004394500e+02
   7.3099999999999994e+01   2.5658000946044901e+01
   7.3900000000000006e+01   4.9866153717041001e+01
   7.3900000000000006e+01   1.8279544067382801e+02
   7.4000000000000000e+01   1.1692154541015600e+03
   7.4200000000000003e+01   7.2693527221679702e+01
   7.4900000000000006e+01   3.5096466064453097e+01
   7.5000000000000000e+01   1.1517972412109400e+03
   7.6000000000000000e+01   7.4143652343750000e+02
   7.6099999999999994e+01   2.2221813964843800e+03
   7.7000000000000000e+01   5.3880910156250000e+04
   7.8000000000000000e+01   9.0003173828125000e+03
   7.9000000000000000e+01   3.9450346679687500e+03
   8.0099999999999994e+01   7.0542695312500000e+03
   8.1299999999999997e+01   5.5005493164062500e+03
   8.2099999999999994e+01   4.4028750000000000e+05
   8.3099999999999994e+01   2.7235093750000000e+04
   8.4099999999999994e+01   1.4302983398437500e+03
   8.4900000000000006e+01   5.3147624969482401e+01
   8.5000000000000000e+01   1.1988951873779300e+02
   8.5099999999999994e+01   2.2209072113037099e+01
   8.5299999999999997e+01   1.3611018180847200e+01
   8.5599999999999994e+01   1.5420707702636699e+01
   8.5799999999999997e+01   4.4597358703613303e+01
   8.6000000000000000e+01   1.0577755737304700e+02
   8.6099999999999994e+01   9.3717178344726605e+01
   8.7000000000000000e+01   2.8812863159179699e+02
   8.7099999999999994e+01   4.9205062866210902e+01
   8.7500000000000000e+01   1.7508638381958001e+01
   8.7799999999999997e+01   3.1228471755981399e+01
   8.8000000000000000e+01   1.1881144714355500e+02
   8.8099999999999994e+01   6.4612442016601605e+01
   8.8200000000000003e+01   1.8073182678222699e+02
   8.9000000000000000e+01   1.2981772460937500e+04
   9.0099999999999994e+01   1.0246011718750000e+04
   9.0200000000000003e+01   4.6383798828125000e+03
   9.1000000000000000e+01   5.9508081250000000e+05
   9.2099999999999994e+01   5.8180265625000000e+04
   9.3000000000000000e+01   2.1113164062500000e+04
   9.4099999999999994e+01   5.7619042968750000e+03
   9.5000000000000000e+01   4.4247100830078102e+02
   9.5099999999999994e+01   1.2326810302734400e+03
   9.6099999999999994e+01   1.7619042968750000e+04
   9.7000000000000000e+01   9.0661486816406295e+02
   9.7099999999999994e+01   8.6516979980468795e+02
   9.7900000000000006e+01   1.3873976135253901e+02
   9.8000000000000000e+01   1.7338146972656301e+02
   9.8299999999999997e+01   1.0653819084167500e+01
   9.8799999999999997e+01   3.4334598541259801e+01
   9.9000000000000000e+01   1.1197424316406300e+02
   9.9099999999999994e+01   7.2837234497070298e+01
   9.9299999999999997e+01   1.7211750030517599e+01
   1.0000000000000000e+02   1.5353535461425801e+02
   1.0009999999999999e+02   4.3296002197265602e+02
   1.0100000000000000e+02   1.8432704162597699e+02
   1.0120000000000000e+02   1.6268352508544901e+01
   1.0190000000000001e+02   2.0429096984863301e+02
   1.0200000000000000e+02   4.9193023681640602e+02
   1.0220000000000000e+02   1.0761633300781300e+02
   1.0300000000000000e+02   4.9479404296875000e+03
   1.0400000000000000e+02   2.5974957031250000e+04
   1.0509999999999999e+02   9.9376279296875000e+03
   1.0609999999999999e+02   1.5450609375000000e+04
   1.0700000000000000e+02   1.3623664550781300e+03
   1.0709999999999999e+02   7.5068557739257798e+01
   1.0780000000000000e+02   1.3363343238830600e+01
   1.0790000000000001e+02   8.5296211242675795e+01
   1.0809999999999999e+02   7.5746665954589801e+01
   1.0890000000000001e+02   7.1884597778320298e+01
   1.0900000000000000e+02   5.0756530761718800e+01
   1.0990000000000001e+02   6.6086631774902301e+01
   1.1100000000000000e+02   2.5783775329589801e+01
   1.1109999999999999e+02   4.0120929718017599e+01
   1.1200000000000000e+02   5.5576293945312500e+01
   1.1209999999999999e+02   2.5594219970703099e+02
   1.1300000000000000e+02   2.6469738769531301e+02
   1.1309999999999999e+02   8.3032653808593807e+01
   1.1400000000000000e+02   7.2511543273925795e+01
   1.1409999999999999e+02   3.6453576660156301e+02
   1.1420000000000000e+02   4.4555290222167997e+01
   1.1509999999999999e+02   3.9879895019531300e+03
   1.1590000000000001e+02   9.6734664916992202e+01
   1.1600000000000000e+02   2.6237438964843800e+03
   1.1630000000000000e+02   6.4310173034667997e+01
   1.1709999999999999e+02   2.0672193359375000e+04
   1.1809999999999999e+02   5.9039132812500000e+04
   1.1909999999999999e+02   3.0657841796875000e+04
   1.2009999999999999e+02   2.3774585937500000e+04
   1.2109999999999999e+02   2.2410737304687500e+03
   1.2190000000000001e+02   1.6593984603881800e+01
   1.2209999999999999e+02   8.4877563476562500e+01
   1.2209999999999999e+02   2.7585983276367202e+01
   1.2320000000000000e+02   1.1984435081481900e+01
   1.2500000000000000e+02   1.9423513793945301e+02
   1.2590000000000001e+02   5.5440773010253899e+01
   1.2600000000000000e+02   1.4320530700683599e+02
   1.2680000000000000e+02   3.8621009826660199e+01
   1.2700000000000000e+02   3.9673477172851602e+02
   1.2709999999999999e+02   3.2014514160156301e+02
   1.2720000000000000e+02   1.6462667465210000e+01
   1.2800000000000000e+02   9.1341345214843795e+02
   1.2800000000000000e+02   5.5621191406250000e+02
   1.2819999999999999e+02   3.0229022979736300e+01
   1.2909999999999999e+02   1.5626236572265600e+03
   1.2909999999999999e+02   8.1345092773437500e+01
   1.3009999999999999e+02   1.6493501953125000e+04
   1.3109999999999999e+02   8.3731113281250000e+03
   1.3209999999999999e+02   5.5280777343750000e+04
   1.3309999999999999e+02   1.0109406250000000e+04
   1.3409999999999999e+02   1.8515056640625000e+04
   1.3500000000000000e+02   5.9483489990234398e+02
   1.3509999999999999e+02   1.3608538818359400e+03
   1.3600000000000000e+02   4.6880386352539098e+01
   1.3609999999999999e+02   5.4149505615234403e+01
   1.3700000000000000e+02   3.0673651123046898e+02
   1.3709999999999999e+02   4.2384784698486300e+01
   1.3809999999999999e+02   1.2264971733093301e+01
   1.3890000000000001e+02   1.7576918029785199e+02
   1.3909999999999999e+02   2.5036753845214801e+02
   1.3990000000000001e+02   9.7329475402832003e+01
   1.4009999999999999e+02   2.3820941925048800e+01
   1.4080000000000001e+02   1.1936985969543500e+01
   1.4090000000000001e+02   2.3318066406250000e+02
   1.4109999999999999e+02   1.5229309082031301e+02
   1.4200000000000000e+02   2.5150048828125000e+02
   1.4209999999999999e+02   2.7017916870117199e+02
   1.4219999999999999e+02   1.2229319763183599e+02
   1.4300000000000000e+02   5.3110015869140602e+02
   1.4309999999999999e+02   1.8998028564453100e+03
   1.4409999999999999e+02   2.4293091796875000e+04
   1.4509999999999999e+02   2.2423777343750000e+04
   1.4609999999999999e+02   7.2709515625000000e+04
   1.4709999999999999e+02   1.0100941406250000e+04
   1.4780000000000001e+02   2.0438226699829102e+01
   1.4800000000000000e+02   5.0369789123535199e+01
   1.4809999999999999e+02   2.2644096679687500e+03
   1.4909999999999999e+02   3.5346005859375000e+03
   1.5009999999999999e+02   1.3161453125000000e+04
   1.5100000000000000e+02   4.2604589843750000e+02
   1.5109999999999999e+02   9.3027618408203102e+02
   1.5190000000000001e+02   7.1594879150390597e+01
   1.5200000000000000e+02   2.1902763366699199e+02
   1.5219999999999999e+02   4.9555419921875000e+01
   1.5290000000000001e+02   5.8746112823486300e+01
   1.5309999999999999e+02   1.0118557739257800e+02
   1.5319999999999999e+02   1.5310948371887200e+01
   1.5400000000000000e+02   3.8918510437011697e+01
   1.5409999999999999e+02   2.4728262329101599e+02
   1.5490000000000001e+02   7.0511459350585895e+01
   1.5500000000000000e+02   1.7410867309570301e+02
   1.5509999999999999e+02   7.0002120971679702e+01
   1.5590000000000001e+02   1.3949321746826200e+01
   1.5609999999999999e+02   1.0817523193359400e+03
   1.5619999999999999e+02   2.1669767379760700e+01
   1.5700000000000000e+02   1.8420765686035199e+02
   1.5709999999999999e+02   6.1796374511718795e+02
   1.5719999999999999e+02   1.6936718750000000e+02
   1.5809999999999999e+02   2.9068148437500000e+04
   1.5909999999999999e+02   4.9395454101562500e+03
   1.5990000000000001e+02   3.1641592025756800e+01
   1.6009999999999999e+02   2.2649772949218800e+03
   1.6080000000000001e+02   1.2232606887817401e+01
   1.6109999999999999e+02   7.9294299316406295e+02
   1.6200000000000000e+02   1.4776060485839801e+02
   1.6209999999999999e+02   4.6746681213378899e+01
   1.6300000000000000e+02   6.2488708496093800e+01
   1.6400000000000000e+02   1.1456967353820801e+01
   1.6480000000000001e+02   3.4378784179687500e+01
   1.6500000000000000e+02   6.6300109863281307e+01
   1.6509999999999999e+02   2.1147421264648401e+02
   1.6580000000000001e+02   1.1190277099609400e+01
   1.6600000000000000e+02   1.2087809753418000e+02
   1.6669999999999999e+02   1.6481866836547901e+01
   1.6690000000000001e+02   4.1137706756591797e+01
   1.6700000000000000e+02   3.7118865966796898e+02
   1.6780000000000001e+02   4.5157951354980497e+01
   1.6800000000000000e+02   2.3765155029296901e+02
   1.6809999999999999e+02   1.3431518554687500e+02
   1.6869999999999999e+02   1.6594465255737301e+01
   1.6900000000000000e+02   1.8965193176269500e+02
   1.6909999999999999e+02   1.2127007293701200e+02
   1.6919999999999999e+02   8.3138290405273395e+01
   1.6930000000000001e+02   4.8829170227050803e+01
   1.7009999999999999e+02   3.9756528320312500e+03
   1.7100000000000000e+02   5.8197137451171898e+02
   1.7109999999999999e+02   2.9156833496093800e+03
   1.7209999999999999e+02   1.1269950781250000e+05
   1.7309999999999999e+02   1.0708644531250000e+05
   1.7409999999999999e+02   4.3529226562500000e+04
   1.7500000000000000e+02   1.2852708435058599e+02
   1.7509999999999999e+02   8.0848427734375000e+03
   1.7590000000000001e+02   6.9457046508789105e+01
   1.7609999999999999e+02   1.4403488769531300e+03
   1.7619999999999999e+02   2.4075037002563501e+01
   1.7700000000000000e+02   5.0897605895996101e+01
   1.7709999999999999e+02   1.0640592193603500e+02
   1.7790000000000001e+02   2.1832571029663100e+01
   1.7809999999999999e+02   3.5593315124511697e+01
   1.7909999999999999e+02   9.5458412170410192e+00
   1.7980000000000001e+02   3.4955387115478501e+01
   1.8000000000000000e+02   1.2425163269043000e+02
   1.8009999999999999e+02   1.5451138305664099e+02
   1.8100000000000000e+02   6.5212600708007798e+01
   1.8190000000000001e+02   1.0212165832519499e+01
   1.8200000000000000e+02   1.7135794067382801e+02
   1.8209999999999999e+02   5.9048549652099602e+01
   1.8290000000000001e+02   4.5226211547851598e+01
   1.8309999999999999e+02   2.7964536666870099e+01
   1.8390000000000001e+02   1.0989936828613300e+02
   1.8409999999999999e+02   7.7734268188476605e+01
   1.8419999999999999e+02   2.9720779418945298e+01
   1.8490000000000001e+02   1.3601734161376999e+01
   1.8500000000000000e+02   6.2766597747802699e+01
   1.8509999999999999e+02   1.6392910766601599e+02
   1.8519999999999999e+02   1.3566265106201200e+01
   1.8590000000000001e+02   8.9183868408203097e+01
   1.8609999999999999e+02   1.0046380615234401e+02
   1.8619999999999999e+02   1.6447813034057599e+01
   1.8709999999999999e+02   2.7088565063476602e+02
   1.8709999999999999e+02   1.4432983398437500e+02
   1.8730000000000001e+02   1.0016572952270501e+01
   1.8809999999999999e+02   1.3157446289062500e+03
   1.8909999999999999e+02   5.5218347167968795e+02
   1.8909999999999999e+02   1.0718532714843800e+03
   1.9009999999999999e+02   6.7527460937500000e+03
   1.9080000000000001e+02   1.6835809707641602e+01
   1.9109999999999999e+02   1.2079088134765600e+03
   1.9130000000000001e+02   1.3333353996276900e+01
   1.9190000000000001e+02   1.0594337463378899e+01
   1.9200000000000000e+02   7.9084518432617202e+01
   1.9209999999999999e+02   1.4334005355835000e+01
   1.9290000000000001e+02   3.5835762023925803e+01
   1.9309999999999999e+02   9.2969284057617202e+01
   1.9340000000000001e+02   1.1160797119140600e+01
   1.9390000000000001e+02   2.0737695312500000e+02
   1.9400000000000000e+02   4.8413269042968800e+01
   1.9480000000000001e+02   2.1299455642700199e+01
   1.9500000000000000e+02   1.4999658203125000e+02
   1.9509999999999999e+02   1.4482005119323700e+01
   1.9600000000000000e+02   6.5494476318359403e+01
   1.9609999999999999e+02   1.5794461250305201e+01
   1.9619999999999999e+02   2.1272159576416001e+01
   1.9809999999999999e+02   1.2433107376098601e+01
   1.9909999999999999e+02   1.4272613525390600e+01
   2.0009999999999999e+02   1.1666975975036600e+01
   2.0030000000000001e+02   1.5173384666442900e+01
   2.0090000000000001e+02   1.2507246017456101e+01
   2.0100000000000000e+02   8.5755630493164105e+01
   2.0109999999999999e+02   1.0588227844238300e+02
   2.0119999999999999e+02   1.9377689361572301e+01
   2.0190000000000001e+02   3.3343070983886697e+01
   2.0209999999999999e+02   5.6520861816406295e+02
   2.0209999999999999e+02   9.5379760742187500e+02
   2.0280000000000001e+02   1.2397105216980000e+01
   2.0309999999999999e+02   1.3542989501953100e+03
   2.0319999999999999e+02   3.3625045776367202e+01
   2.0390000000000001e+02   1.2150368499755901e+02
   2.0409999999999999e+02   3.9507498168945301e+02
   2.0419999999999999e+02   9.3999084472656307e+01
   2.0500000000000000e+02   1.4705192565918001e+01
   2.0509999999999999e+02   3.4478218078613303e+01
   2.0600000000000000e+02   1.3245782470703099e+02
   2.0619999999999999e+02   1.0578486442565900e+01
   2.0680000000000001e+02   2.1143066406250000e+01
   2.0690000000000001e+02   7.1336105346679702e+01
   2.0709999999999999e+02   1.3850122070312500e+02
   2.0790000000000001e+02   5.2105743408203097e+01
   2.0809999999999999e+02   8.6372613525390602e+02
   2.0819999999999999e+02   2.1985826492309599e+01
   2.0880000000000001e+02   1.7279687881469702e+01
   2.0890000000000001e+02   3.0887706756591800e+01
   2.0909999999999999e+02   1.2499945831298800e+02
   2.0930000000000001e+02   3.1481338500976602e+01
   2.0990000000000001e+02   1.0411202430725099e+01
   2.1000000000000000e+02   4.9075889587402301e+01
   2.1019999999999999e+02   2.3277662277221701e+01
   2.1080000000000001e+02   8.0099685668945298e+01
   2.1109999999999999e+02   6.9328453063964801e+01
   2.1290000000000001e+02   9.8918199539184606e+00
   2.1300000000000000e+02   1.0127861022949199e+01
   2.1319999999999999e+02   4.6185523986816399e+01
   2.1400000000000000e+02   2.3676010131835898e+01
   2.1409999999999999e+02   8.4939041137695298e+01
   2.1500000000000000e+02   1.7857577514648401e+02
   2.1509999999999999e+02   1.7607220458984400e+03
   2.1590000000000001e+02   2.5067047119140600e+01
   2.1609999999999999e+02   6.6811785888671898e+02
   2.1619999999999999e+02   1.7938377380371099e+02
   2.1709999999999999e+02   2.2793891601562500e+03
   2.1800000000000000e+02   2.6687573242187500e+02
   2.1809999999999999e+02   4.5329565429687500e+02
   2.1819999999999999e+02   3.3724842071533203e+01
   2.1890000000000001e+02   5.5324447631835902e+01
   2.1900000000000000e+02   1.5905059814453099e+02
   2.1909999999999999e+02   1.6269210815429699e+02
   2.1990000000000001e+02   4.0497249603271499e+01
   2.2000000000000000e+02   4.6756881713867202e+01
   2.2009999999999999e+02   1.0537262725830099e+02
   2.2100000000000000e+02   2.4057780456543000e+02
   2.2109999999999999e+02   5.1786413574218795e+02
   2.2119999999999999e+02   1.2178853034973100e+01
   2.2190000000000001e+02   1.7433155059814499e+01
   2.2209999999999999e+02   5.3385742187500000e+02
   2.2290000000000001e+02   2.5223705291748001e+01
   2.2309999999999999e+02   2.7660203933715799e+01
   2.2380000000000001e+02   1.2361124038696300e+01
   2.2400000000000000e+02   6.4355529785156307e+01
   2.2409999999999999e+02   1.0943194580078099e+02
   2.2430000000000001e+02   5.0729034423828097e+01
   2.2490000000000001e+02   2.3993064880371101e+01
   2.2900000000000000e+02   2.2634572982788100e+01
   2.2909999999999999e+02   7.1874794006347699e+01
   2.3000000000000000e+02   4.8162433624267599e+01
   2.3019999999999999e+02   9.6413307189941406e+00
   2.3109999999999999e+02   5.1823486328125000e+03
   2.3209999999999999e+02   5.7100189208984398e+02
   2.3219999999999999e+02   2.2642518615722699e+02
   2.3290000000000001e+02   3.3820995330810497e+01
   2.3300000000000000e+02   1.1943639373779300e+02
   2.3309999999999999e+02   1.7384405136108398e+01
   2.3380000000000001e+02   1.1170581817626999e+01
   2.3400000000000000e+02   6.6562240600585895e+01
   2.3409999999999999e+02   7.1955574035644503e+01
   2.3500000000000000e+02   6.0265625000000000e+01
   2.3509999999999999e+02   4.7183727264404297e+01
   2.3519999999999999e+02   2.5621103286743200e+01
   2.3609999999999999e+02   5.4665960693359398e+02
   2.3609999999999999e+02   1.1306713867187500e+03
   2.3700000000000000e+02   3.0625842285156301e+02
   2.3709999999999999e+02   1.5235596923828100e+03
   2.3790000000000001e+02   4.0185832977294901e+01
   2.3800000000000000e+02   3.1662361145019499e+01
   2.3809999999999999e+02   2.9537442016601602e+02
   2.3830000000000001e+02   9.8653573989868200e+00
   2.4509999999999999e+02   7.8656835937500000e+02
   2.4530000000000001e+02   6.9217651367187500e+01
   2.4590000000000001e+02   1.4849469184875501e+01
   2.4600000000000000e+02   5.9075595855712898e+01
   2.4619999999999999e+02   4.7303520202636697e+01
   2.4630000000000001e+02   1.3912836074829100e+01
   2.4800000000000000e+02   1.7263339233398401e+02
   2.4809999999999999e+02   1.2362263183593800e+03
   2.4909999999999999e+02   6.9019101562500000e+03
   2.5000000000000000e+02   1.3640184020996099e+02
   2.5009999999999999e+02   2.3019821777343800e+03
   2.5030000000000001e+02   3.6977680206298800e+01
   2.5100000000000000e+02   7.3886459350585895e+01
   2.5109999999999999e+02   2.3050575256347699e+02
   2.5119999999999999e+02   1.0462976074218800e+02
   2.5200000000000000e+02   9.5996456146240199e+00
   2.5209999999999999e+02   1.2911209106445300e+01
   2.6239999999999998e+02   1.0170144081115700e+01
   2.6300000000000000e+02   2.4002665710449199e+02
   2.6310000000000002e+02   3.5090875244140602e+02
   2.6330000000000001e+02   2.6851982116699201e+01
   2.6400000000000000e+02   9.1705490112304702e+01
   2.6419999999999999e+02   1.3949913024902301e+02
   2.6419999999999999e+02   4.4797279357910199e+01
   2.6519999999999999e+02   3.7148496093750000e+04
   2.6619999999999999e+02   7.5459052734375000e+03
   2.6700000000000000e+02   2.1868352890014599e+01
   2.6710000000000002e+02   5.8282464599609398e+02
   2.6719999999999999e+02   1.6760104370117199e+02
   2.6819999999999999e+02   2.3754154205322301e+01
   2.7610000000000002e+02   4.4649581909179702e+01
   2.9310000000000002e+02   2.4498867187500000e+03
   2.9319999999999999e+02   6.7524757385253906e+01
   2.9389999999999998e+02   9.6437473297119105e+00
   2.9410000000000002e+02   3.2998474121093801e+02
   2.9419999999999999e+02   1.9007542419433599e+02
   2.9500000000000000e+02   1.0041350364685099e+01
   2.9530000000000001e+02   3.3288223266601598e+01
   3.0400000000000000e+02   1.7349720001220700e+01
   3.0500000000000000e+02   4.2246803283691399e+01
   3.0530000000000001e+02   2.1247447967529300e+01
   3.2110000000000002e+02   2.9358172607421898e+02
   3.2119999999999999e+02   1.0756663818359400e+03
   3.2130000000000001e+02   2.4785455322265599e+02
   3.2219999999999999e+02   9.1558457031250000e+03
   3.2319999999999999e+02   7.6452435302734398e+02
   3.2319999999999999e+02   1.6200159912109400e+03
   3.2410000000000002e+02   7.2790069580078097e+01
   3.2419999999999999e+02   1.8134716796875000e+02
