   4.0100000000000001e+01   4.2619589233398398e+02
   4.1100000000000001e+01   1.1610822265625000e+04
   4.2000000000000000e+01   1.7140808593750000e+04
   4.3100000000000001e+01   2.7675875000000000e+04
   4.4100000000000001e+01   8.8927822265625000e+03
   4.5000000000000000e+01   1.9669317626953099e+02
   4.5100000000000001e+01   1.6718803405761701e+01
   4.9000000000000000e+01   9.6914081573486293e+00
   4.9899999999999999e+01   2.8782925415039102e+02
   5.0000000000000000e+01   3.8979672241210898e+02
   5.0100000000000001e+01   7.8548294067382798e+01
   5.1000000000000000e+01   2.8046843261718800e+03
   5.1799999999999997e+01   7.7287506103515597e+01
   5.2000000000000000e+01   6.7659051513671898e+02
   5.2899999999999999e+01   2.9645037841796898e+02
   5.3000000000000000e+01   8.2521850585937500e+02
   5.3899999999999999e+01   7.1286682128906307e+01
   5.4000000000000000e+01   1.4454971923828100e+03
   5.5000000000000000e+01   3.9157280273437500e+03
   5.6000000000000000e+01   1.9487207031250000e+02
   5.6000000000000000e+01   2.7525676269531300e+03
   5.7000000000000000e+01   3.3342269897460898e+02
   5.7100000000000001e+01   1.8375628662109400e+03
   5.8000000000000000e+01   2.4450575256347699e+02
   5.8100000000000001e+01   1.4403533935546901e+02
   5.8799999999999997e+01   1.1920408248901399e+01
   5.9000000000000000e+01   1.8996043395996099e+02
   5.9299999999999997e+01   9.4028892517089808e+00
   5.9799999999999997e+01   2.0798812866210898e+01
   6.0899999999999999e+01   1.1859774589538601e+01
   6.1100000000000001e+01   1.5907080650329601e+01
   6.1799999999999997e+01   2.1082096099853501e+01
   6.1899999999999999e+01   1.0660665130615200e+02
   6.2000000000000000e+01   2.2895550537109401e+02
   6.2899999999999999e+01   2.3543290710449199e+02
   6.3000000000000000e+01   1.2393674316406300e+03
   6.3899999999999999e+01   4.9526840209960902e+01
   6.4000000000000000e+01   6.7613977050781295e+02
   6.4099999999999994e+01   1.7444572448730500e+02
   6.4900000000000006e+01   8.6572174072265597e+01
   6.5000000000000000e+01   6.1280585937500000e+03
   6.5900000000000006e+01   6.5134071350097699e+01
   6.6000000000000000e+01   1.0212391967773400e+03
   6.7000000000000000e+01   2.6783198242187500e+03
   6.8099999999999994e+01   3.9284289550781300e+03
   6.9000000000000000e+01   3.8480539550781300e+03
   7.0099999999999994e+01   6.2319013671875000e+03
   7.1000000000000000e+01   1.6169005859375000e+04
   7.2000000000000000e+01   7.9586975097656295e+02
   7.2900000000000006e+01   8.1286766052246094e+01
   7.3000000000000000e+01   9.7205917358398395e+01
   7.3400000000000006e+01   1.6506507873535199e+01
   7.3900000000000006e+01   6.8117744445800795e+01
   7.4000000000000000e+01   1.8280213928222699e+02
   7.4900000000000006e+01   2.2846643066406301e+02
   7.5099999999999994e+01   1.1428805541992200e+02
   7.5900000000000006e+01   4.1201782226562500e+01
   7.6000000000000000e+01   5.4480322265625000e+02
   7.6099999999999994e+01   4.5219702148437500e+02
   7.6299999999999997e+01   4.0432178497314503e+01
   7.7000000000000000e+01   1.9489460937500000e+04
   7.8000000000000000e+01   4.2135839843750000e+03
   7.9000000000000000e+01   2.7745538330078102e+02
   7.9000000000000000e+01   6.4002753906250000e+03
   7.9900000000000006e+01   7.5978622436523395e+01
   8.0000000000000000e+01   1.4571287841796900e+03
   8.0799999999999997e+01   2.7567930221557599e+00
   8.0900000000000006e+01   2.2032568359375000e+02
   8.1000000000000000e+01   3.6050500488281301e+02
   8.2099999999999994e+01   3.1186606445312500e+03
   8.2900000000000006e+01   1.3175016784668000e+02
   8.3099999999999994e+01   6.2736358642578102e+02
   8.3200000000000003e+01   1.0519464874267599e+02
   8.3799999999999997e+01   1.8969453811645501e+01
   8.4000000000000000e+01   7.9584197998046898e+02
   8.4099999999999994e+01   5.0370452880859398e+02
   8.4299999999999997e+01   3.6639911651611300e+01
   8.4900000000000006e+01   4.5199176788330099e+01
   8.5099999999999994e+01   7.0288627624511705e+01
   8.5200000000000003e+01   3.0853401184081999e+01
   8.5799999999999997e+01   1.1152886390686000e+01
   8.6099999999999994e+01   1.1488102912902800e+01
   8.6799999999999997e+01   1.2791909217834499e+01
   8.7000000000000000e+01   2.8563186645507798e+01
   8.7799999999999997e+01   1.0931493759155300e+01
   8.8099999999999994e+01   1.4507797241210900e+01
   8.9000000000000000e+01   1.0482142333984400e+03
   8.9099999999999994e+01   3.5945620727539102e+02
   8.9799999999999997e+01   1.2321974754333500e+01
   9.0000000000000000e+01   1.1622377014160200e+02
   9.0099999999999994e+01   9.0820678710937500e+02
   9.0200000000000003e+01   1.4576838684082000e+02
   9.1000000000000000e+01   2.7772033203125000e+04
   9.2000000000000000e+01   2.4730442810058599e+02
   9.2099999999999994e+01   3.7384885253906300e+03
   9.3000000000000000e+01   5.9420996093750000e+03
   9.4000000000000000e+01   3.8432138671875000e+03
   9.4900000000000006e+01   5.6261405944824197e+01
   9.5099999999999994e+01   2.5444060058593800e+03
   9.6099999999999994e+01   1.5362791015625000e+04
   9.7000000000000000e+01   2.8362266540527301e+01
   9.7099999999999994e+01   2.3243193359375000e+03
   9.7900000000000006e+01   3.1312665939331101e+01
   9.8000000000000000e+01   4.9301434326171898e+02
   9.8099999999999994e+01   2.6779028320312500e+02
   9.9099999999999994e+01   3.2983634948730497e+01
   9.9799999999999997e+01   1.6766756057739300e+01
   1.0000000000000000e+02   4.8145107269287102e+01
   1.0020000000000000e+02   2.5063356399536101e+01
   1.0090000000000001e+02   2.4490148544311499e+01
   1.0100000000000000e+02   1.2905874252319300e+01
   1.0109999999999999e+02   1.3676908874511699e+02
   1.0120000000000000e+02   2.4597667694091800e+01
   1.0180000000000000e+02   2.7694999694824201e+01
   1.0200000000000000e+02   4.7625744628906301e+02
   1.0209999999999999e+02   2.8018707275390602e+02
   1.0300000000000000e+02   6.4634150390625000e+03
   1.0400000000000000e+02   1.0262886718750000e+04
   1.0509999999999999e+02   2.5348677734375000e+04
   1.0609999999999999e+02   4.7675893554687500e+03
   1.0680000000000000e+02   9.8529291152954102e+00
   1.0690000000000001e+02   1.6411619567871099e+02
   1.0709999999999999e+02   2.7203366088867199e+02
   1.0800000000000000e+02   9.8687423706054702e+01
   1.0809999999999999e+02   1.7439762878418000e+02
   1.0870000000000000e+02   2.4754304885864300e+01
   1.0890000000000001e+02   6.5880126953125000e+01
   1.0920000000000000e+02   1.7809804916381800e+01
   1.0990000000000001e+02   2.6523567199706999e+01
   1.1000000000000000e+02   7.5219848632812500e+01
   1.1080000000000000e+02   1.8252456665039102e+01
   1.1100000000000000e+02   1.3415228271484401e+02
   1.1109999999999999e+02   5.9589859008789098e+01
   1.1120000000000000e+02   2.1859266281127901e+01
   1.1190000000000001e+02   1.2059026718139600e+01
   1.1200000000000000e+02   2.2118011474609400e+01
   1.1209999999999999e+02   1.3245578765869100e+01
   1.1290000000000001e+02   7.3395034790039105e+01
   1.1309999999999999e+02   2.1405990600585898e+01
   1.1320000000000000e+02   2.5064664840698200e+01
   1.1390000000000001e+02   1.3755927085876500e+01
   1.1409999999999999e+02   3.8713665008544901e+01
   1.1490000000000001e+02   3.6596797943115199e+01
   1.1500000000000000e+02   1.1532652587890600e+03
   1.1600000000000000e+02   4.0671273803710898e+02
   1.1609999999999999e+02   2.7973083496093801e+02
   1.1700000000000000e+02   2.2494794921875000e+03
   1.1709999999999999e+02   1.9537348632812500e+03
   1.1800000000000000e+02   9.4271132812500000e+03
   1.1900000000000000e+02   3.3276289062500000e+03
   1.2000000000000000e+02   1.6102741699218800e+03
   1.2080000000000000e+02   3.2976890563964801e+01
   1.2100000000000000e+02   8.4713096618652301e+01
   1.2180000000000000e+02   1.2243031501770000e+01
   1.2200000000000000e+02   1.2620604515075700e+01
   1.2300000000000000e+02   2.3789024353027301e+01
   1.2680000000000000e+02   4.9385429382324197e+01
   1.2700000000000000e+02   9.3313888549804702e+01
   1.2780000000000000e+02   2.0484228134155298e+01
   1.2790000000000001e+02   1.6088676452636699e+02
   1.2809999999999999e+02   2.9359567260742199e+02
   1.2830000000000001e+02   3.2383094787597699e+01
   1.2900000000000000e+02   3.0225085449218801e+02
   1.2909999999999999e+02   2.1100981140136699e+02
   1.2930000000000001e+02   7.0347007751464801e+01
   1.3000000000000000e+02   1.1069545898437500e+04
   1.3100000000000000e+02   6.2847280273437500e+03
   1.3109999999999999e+02   4.7564367675781301e+02
   1.3209999999999999e+02   1.3182086914062500e+04
   1.3300000000000000e+02   2.0138214111328099e+02
   1.3309999999999999e+02   2.0347910156250000e+03
   1.3390000000000001e+02   3.6553230285644503e+01
   1.3409999999999999e+02   1.2007615966796900e+03
   1.3480000000000001e+02   1.2620572090148899e+01
   1.3500000000000000e+02   1.2444948577880901e+02
   1.3509999999999999e+02   6.5554832458496094e+01
   1.3680000000000001e+02   1.3455436706543000e+02
   1.3690000000000001e+02   1.7188336181640599e+02
   1.3790000000000001e+02   1.2764118194580099e+01
   1.3800000000000000e+02   1.1734613418579100e+01
   1.3900000000000000e+02   7.6858587646484398e+02
   1.3909999999999999e+02   6.6931909179687500e+02
   1.3990000000000001e+02   4.8604354858398402e+01
   1.4009999999999999e+02   1.0016812133789099e+02
   1.4090000000000001e+02   7.5639328002929702e+01
   1.4100000000000000e+02   6.5356163024902301e+01
   1.4109999999999999e+02   4.9108306884765597e+01
   1.4169999999999999e+02   1.2272743225097701e+01
   1.4180000000000001e+02   1.1903162002563500e+01
   1.4200000000000000e+02   1.9375570297241200e+01
   1.4209999999999999e+02   6.7890014648437500e+01
   1.4219999999999999e+02   1.5184510231018100e+01
   1.4280000000000001e+02   1.9445810317993200e+01
   1.4290000000000001e+02   3.2714328765869098e+01
   1.4300000000000000e+02   2.3159812927246099e+02
   1.4309999999999999e+02   2.5859265136718801e+02
   1.4409999999999999e+02   1.4769780273437500e+03
   1.4409999999999999e+02   7.5225921630859398e+02
   1.4480000000000001e+02   1.9122915267944300e+01
   1.4509999999999999e+02   8.1904003906250000e+02
   1.4519999999999999e+02   1.1911999511718800e+03
   1.4609999999999999e+02   5.3380257812500000e+04
   1.4700000000000000e+02   8.0003112792968807e+01
   1.4709999999999999e+02   6.2050854492187500e+03
   1.4809999999999999e+02   9.9185906982421898e+02
   1.4900000000000000e+02   1.3418205261230501e+01
   1.5080000000000001e+02   1.3623096466064499e+01
   1.5209999999999999e+02   1.0456052780151399e+01
   1.5400000000000000e+02   9.9064392089843807e+01
   1.5459999999999999e+02   1.0777744293212900e+01
   1.5480000000000001e+02   3.7362442016601598e+01
   1.5509999999999999e+02   8.0569725036621094e+01
   1.5519999999999999e+02   1.5983366012573200e+01
   1.5590000000000001e+02   9.1501678466796903e+01
   1.5600000000000000e+02   2.9811151123046898e+02
   1.5619999999999999e+02   2.8967340469360401e+01
   1.5680000000000001e+02   1.6419044494628899e+01
   1.5690000000000001e+02   5.2972492218017599e+01
   1.5700000000000000e+02   1.4693270874023401e+02
   1.5709999999999999e+02   1.7609729003906301e+02
   1.5719999999999999e+02   2.5229084014892599e+01
   1.5809999999999999e+02   2.8042314453125000e+03
   1.5890000000000001e+02   2.8088190078735401e+01
   1.5909999999999999e+02   1.7381381835937500e+03
   1.5919999999999999e+02   5.0720046997070298e+01
   1.6009999999999999e+02   2.7167805175781300e+03
   1.6019999999999999e+02   1.9256277465820301e+02
   1.6080000000000001e+02   3.8903759002685497e+01
   1.6100000000000000e+02   3.2178549194335898e+02
   1.6119999999999999e+02   1.3594554138183599e+02
   1.6180000000000001e+02   1.0090568542480501e+01
   1.6200000000000000e+02   5.6002227783203097e+01
   1.6219999999999999e+02   1.3617046356201200e+01
   1.6290000000000001e+02   1.8392048645019500e+02
   1.6300000000000000e+02   3.3658959960937500e+02
   1.6319999999999999e+02   2.9187343597412099e+01
   1.6390000000000001e+02   1.0053179168701200e+02
   1.6400000000000000e+02   2.6806054687500000e+02
   1.6409999999999999e+02   1.2300721740722700e+02
   1.6500000000000000e+02   3.8400093078613303e+01
   1.6690000000000001e+02   2.1886295318603501e+01
   1.6700000000000000e+02   2.1948905944824201e+01
   1.6719999999999999e+02   1.3182269096374499e+01
   1.6790000000000001e+02   1.0864943504333500e+01
   1.6809999999999999e+02   3.3463996887207003e+01
   1.6890000000000001e+02   9.9215307235717791e+00
   1.7000000000000000e+02   5.6629634857177699e+01
   1.7009999999999999e+02   6.4609329223632798e+01
   1.7019999999999999e+02   4.7282859802246101e+01
   1.7100000000000000e+02   4.9855472564697301e+01
   1.7109999999999999e+02   1.5670337677001999e+01
   1.7200000000000000e+02   2.2150335693359401e+02
   1.7209999999999999e+02   2.3366610717773401e+02
   1.7309999999999999e+02   6.4252862548828102e+02
   1.7319999999999999e+02   3.7041084289550803e+01
   1.7390000000000001e+02   6.7009620666503906e+01
   1.7400000000000000e+02   1.0515666198730500e+02
   1.7419999999999999e+02   2.1639368057251001e+01
   1.7490000000000001e+02   1.0449832916259799e+01
   1.7509999999999999e+02   1.1390998840331999e+01
   1.7880000000000001e+02   1.0250308990478500e+01
   1.8100000000000000e+02   1.0103896141052200e+01
   1.8209999999999999e+02   1.4861889648437500e+02
   1.8290000000000001e+02   9.8358840942382795e+00
   1.8300000000000000e+02   1.8056161880493200e+01
   1.8400000000000000e+02   6.4753887939453102e+02
   1.8409999999999999e+02   5.3589709472656295e+02
   1.8490000000000001e+02   6.0367431640625000e+01
   1.8509999999999999e+02   5.9410589599609398e+02
   1.8519999999999999e+02   1.7524728393554699e+02
   1.8609999999999999e+02   3.0193359375000000e+03
   1.8700000000000000e+02   6.1433624267578097e+01
   1.8709999999999999e+02   2.8599389648437500e+03
   1.8809999999999999e+02   1.6059554443359400e+03
   1.8809999999999999e+02   3.9250651855468800e+03
   1.8909999999999999e+02   3.2146433593750000e+04
   1.9009999999999999e+02   4.7397695312500000e+03
   1.9100000000000000e+02   1.1182931518554700e+02
   1.9109999999999999e+02   1.1469946289062500e+02
   1.9119999999999999e+02   4.1935756683349602e+01
   1.9819999999999999e+02   9.6464900970459002e+00
   2.0009999999999999e+02   2.6014923095703100e+01
   2.0080000000000001e+02   9.7475175857543892e+00
   2.0200000000000000e+02   9.9790554046630895e+00
   2.0609999999999999e+02   1.2544780731201200e+01
   2.0690000000000001e+02   1.1348964691162100e+01
   2.1100000000000000e+02   7.6169013977050795e+01
   2.1290000000000001e+02   1.1853268623352101e+01
   2.1309999999999999e+02   1.2023186683654799e+01
   2.1400000000000000e+02   2.0498046875000000e+01
   2.1409999999999999e+02   2.3881706237793001e+01
   2.1480000000000001e+02   7.0807785034179702e+01
   2.1490000000000001e+02   7.6874145507812500e+01
   2.1509999999999999e+02   2.4933242797851602e+01
   2.1609999999999999e+02   5.1338325195312500e+03
   2.1700000000000000e+02   5.1303306579589801e+01
   2.1709999999999999e+02   8.6126623535156295e+02
   2.1809999999999999e+02   9.9667978286743200e+00
   2.1890000000000001e+02   3.0313016891479499e+01
   2.2909999999999999e+02   9.0024955749511705e+01
   2.2919999999999999e+02   1.8992622375488299e+01
   2.2990000000000001e+02   9.8465585708618200e+00
   2.3000000000000000e+02   5.8999778747558601e+01
   2.3009999999999999e+02   3.1904235839843801e+02
   2.3030000000000001e+02   3.7200679779052699e+01
   2.3100000000000000e+02   1.0284541320800800e+02
   2.3109999999999999e+02   5.2326663970947301e+01
   2.3119999999999999e+02   9.9945564270019503e+01
   2.3280000000000001e+02   3.6408199310302699e+01
   2.3300000000000000e+02   1.2964062500000000e+02
   2.3309999999999999e+02   4.5104231834411603e+00
   2.3690000000000001e+02   4.0079978942871101e+01
   2.4090000000000001e+02   2.0672039031982401e+01
   2.4119999999999999e+02   9.6844816207885707e+00
   2.4309999999999999e+02   2.3417949676513700e+01
   2.5090000000000001e+02   4.0883392333984403e+01
   2.5109999999999999e+02   9.6356382369995099e+00
   2.5480000000000001e+02   1.0171595573425300e+01
   2.5500000000000000e+02   2.2460144042968800e+01
   2.5519999999999999e+02   9.9100170135497994e+00
   2.5639999999999998e+02   9.9812355041503906e+00
   2.5669999999999999e+02   3.0286270141601602e+01
   2.5680000000000001e+02   2.5341247558593800e+01
   2.5689999999999998e+02   3.5991939544677699e+01
   2.5710000000000002e+02   1.2057269287109401e+02
   2.5730000000000001e+02   1.1519682312011700e+02
   2.5800000000000000e+02   7.8008796691894503e+01
   2.5819999999999999e+02   4.3141384887695301e+02
   2.5919999999999999e+02   8.6045710937500000e+04
   2.6019999999999999e+02   1.5717762695312500e+04
   2.6110000000000002e+02   4.5258389282226602e+02
   2.6119999999999999e+02   1.2232308349609400e+03
   2.6210000000000002e+02   5.1722232818603501e+01
   2.6230000000000001e+02   3.2970436096191399e+01
   2.7900000000000000e+02   8.3136398315429702e+01
   2.7919999999999999e+02   1.7999765014648401e+02
   2.9289999999999998e+02   1.2722796440124499e+01
   3.0700000000000000e+02   9.8680143356323207e+00
   3.0730000000000001e+02   1.4140225410461399e+01
   3.4810000000000002e+02   1.8039196777343801e+02
   3.4830000000000001e+02   6.5684455871582003e+01
   3.4910000000000002e+02   4.7612560272216797e+01
   3.4930000000000001e+02   2.3069995880126999e+01
