   4.0100000000000001e+01   1.9409921264648401e+02
   4.1100000000000001e+01   7.4348515625000000e+03
   4.2100000000000001e+01   1.1004711914062500e+04
   4.3100000000000001e+01   1.8648580078125000e+04
   4.4100000000000001e+01   7.1689853515625000e+03
   4.4899999999999999e+01   3.0595804214477500e+01
   4.5000000000000000e+01   1.5315231323242199e+02
   4.5100000000000001e+01   2.3231298446655298e+01
   4.9899999999999999e+01   9.9020393371582003e+01
   5.0000000000000000e+01   2.7010589599609398e+02
   5.0200000000000003e+01   3.0859453201293899e+01
   5.1000000000000000e+01   3.7470605468750000e+02
   5.1000000000000000e+01   5.0718801879882801e+02
   5.1899999999999999e+01   9.0910049438476605e+01
   5.2000000000000000e+01   1.2844528198242199e+02
   5.2100000000000001e+01   1.7309335327148401e+02
   5.3000000000000000e+01   6.7173651123046898e+02
   5.3100000000000001e+01   4.4922183990478501e+01
   5.4000000000000000e+01   3.2223803710937500e+02
   5.4000000000000000e+01   6.8308489990234398e+02
   5.5000000000000000e+01   2.5683527832031300e+03
   5.5899999999999999e+01   5.2598918914794901e+01
   5.6000000000000000e+01   1.8797716064453100e+03
   5.7000000000000000e+01   1.3217247314453100e+03
   5.7100000000000001e+01   3.1031756591796898e+02
   5.8000000000000000e+01   1.3983485412597699e+02
   5.8100000000000001e+01   2.5575361251831101e+01
   5.8799999999999997e+01   2.2651805877685498e+00
   5.8899999999999999e+01   9.9910408020019503e+01
   5.9000000000000000e+01   5.0589225769042997e+01
   6.0899999999999999e+01   3.4508258819580099e+01
   6.1799999999999997e+01   2.9187864303588899e+01
   6.1899999999999999e+01   1.0910204315185500e+02
   6.2100000000000001e+01   7.7683853149414105e+01
   6.2899999999999999e+01   5.3791011810302699e+01
   6.3000000000000000e+01   7.6057421875000000e+02
   6.3899999999999999e+01   1.0659899902343800e+02
   6.4099999999999994e+01   1.6037884521484401e+02
   6.4299999999999997e+01   8.8675069808959996e+00
   6.4900000000000006e+01   6.4997428894042997e+01
   6.5000000000000000e+01   3.1378696289062500e+03
   6.5900000000000006e+01   1.7102624511718801e+02
   6.6099999999999994e+01   2.1299896240234401e+02
   6.7000000000000000e+01   6.9053710937500000e+02
   6.7099999999999994e+01   9.5743591308593795e+02
   6.8000000000000000e+01   2.8163813476562500e+03
   6.9000000000000000e+01   8.0649681091308594e+01
   6.9000000000000000e+01   2.8405603027343800e+03
   7.0099999999999994e+01   4.6776372070312500e+03
   7.1099999999999994e+01   1.2258314453125000e+04
   7.1900000000000006e+01   1.4346684265136699e+02
   7.2000000000000000e+01   4.2648779296875000e+02
   7.2099999999999994e+01   7.9084381103515597e+01
   7.2900000000000006e+01   2.9434530258178700e+01
   7.3000000000000000e+01   3.4773101806640597e+01
   7.3099999999999994e+01   4.6745433807372997e+01
   7.3900000000000006e+01   8.9739700317382798e+01
   7.4000000000000000e+01   1.2709300994873000e+02
   7.4799999999999997e+01   5.6427429199218800e+01
   7.5000000000000000e+01   1.5284425048828100e+03
   7.5700000000000003e+01   1.3226498603820801e+01
   7.5799999999999997e+01   1.1266708374023400e+01
   7.5900000000000006e+01   1.6533554077148401e+02
   7.6000000000000000e+01   2.2229393005371099e+02
   7.6200000000000003e+01   9.0501070022583008e+00
   7.7000000000000000e+01   4.4178881835937500e+03
   7.8000000000000000e+01   1.3440223388671900e+03
   7.8099999999999994e+01   4.0194976806640602e+02
   7.8900000000000006e+01   6.4300338745117202e+01
   7.9000000000000000e+01   3.8178212890625000e+03
   7.9900000000000006e+01   3.4163919067382801e+02
   8.0000000000000000e+01   6.7512268066406295e+02
   8.0900000000000006e+01   2.1028521728515599e+02
   8.1000000000000000e+01   2.8108303833007801e+02
   8.1099999999999994e+01   7.0569274902343807e+01
   8.1900000000000006e+01   2.9805995941162099e+01
   8.2000000000000000e+01   2.4705578613281300e+03
   8.3000000000000000e+01   1.3261304931640600e+03
   8.3099999999999994e+01   2.5979995727539102e+02
   8.3900000000000006e+01   5.9926074981689503e+01
   8.4000000000000000e+01   9.2698968505859398e+02
   8.4200000000000003e+01   8.9948600769042997e+01
   8.4900000000000006e+01   1.1929244232177700e+02
   8.5200000000000003e+01   1.2992734909057599e+01
   8.6000000000000000e+01   1.0837284088134799e+01
   8.8000000000000000e+01   2.1570684432983398e+01
   8.8200000000000003e+01   1.1857778549194300e+01
   8.9000000000000000e+01   9.5500299072265602e+02
   8.9099999999999994e+01   4.0510684967041001e+01
   9.0000000000000000e+01   3.3625555419921898e+02
   9.0099999999999994e+01   2.6369479370117199e+02
   9.1000000000000000e+01   1.5881298828125000e+04
   9.2000000000000000e+01   2.4149328613281301e+02
   9.2099999999999994e+01   1.3179201660156300e+03
   9.2799999999999997e+01   1.0457511901855501e+01
   9.3000000000000000e+01   1.3750167846679699e+02
   9.3099999999999994e+01   2.7014666748046898e+02
   9.3200000000000003e+01   3.8207786560058601e+01
   9.4000000000000000e+01   5.6205773925781295e+02
   9.4099999999999994e+01   9.6937512207031295e+02
   9.5000000000000000e+01   7.7833154296875000e+03
   9.6099999999999994e+01   1.0085571289062500e+04
   9.7000000000000000e+01   6.1082366943359398e+02
   9.7099999999999994e+01   1.2088646240234400e+03
   9.8000000000000000e+01   4.9608822631835898e+02
   9.8099999999999994e+01   8.4015075683593807e+01
   9.8900000000000006e+01   1.8745256423950199e+01
   1.0000000000000000e+02   2.4959884643554702e+01
   1.0009999999999999e+02   2.2305276870727500e+01
   1.0080000000000000e+02   5.0881942749023402e+01
   1.0100000000000000e+02   1.4195849609375000e+02
   1.0109999999999999e+02   1.2471718788146999e+01
   1.0190000000000001e+02   1.0197404479980500e+02
   1.0200000000000000e+02   3.0255572509765602e+02
   1.0220000000000000e+02   1.1918268585205099e+02
   1.0230000000000000e+02   1.2393758773803700e+01
   1.0290000000000001e+02   1.6454943847656301e+02
   1.0300000000000000e+02   4.0239160156250000e+03
   1.0400000000000000e+02   1.1420260009765600e+03
   1.0409999999999999e+02   1.2247860107421900e+03
   1.0509999999999999e+02   1.4586497070312500e+04
   1.0600000000000000e+02   1.2695041503906300e+03
   1.0609999999999999e+02   2.8407079696655298e+01
   1.0690000000000001e+02   8.5272140502929702e+01
   1.0709999999999999e+02   2.5170077514648401e+02
   1.0790000000000001e+02   1.8195971679687500e+02
   1.0800000000000000e+02   1.6009140014648401e+02
   1.0809999999999999e+02   7.4439895629882798e+01
   1.0900000000000000e+02   2.9582702636718800e+03
   1.0909999999999999e+02   4.8275089263916001e+01
   1.1000000000000000e+02   1.1062016601562500e+03
   1.1009999999999999e+02   3.0060897827148398e+02
   1.1100000000000000e+02   3.4961555175781300e+03
   1.1200000000000000e+02   2.5912152099609398e+02
   1.1200000000000000e+02   4.0097760009765602e+02
   1.1209999999999999e+02   1.2895919799804699e+02
   1.1290000000000001e+02   3.8158718109130902e+01
   1.1300000000000000e+02   5.5127799987792997e+01
   1.1320000000000000e+02   1.7239151000976602e+01
   1.1400000000000000e+02   9.5903272628784197e+00
   1.1480000000000000e+02   4.0699722290039098e+01
   1.1490000000000001e+02   1.2356093597412099e+02
   1.1500000000000000e+02   3.5144610595703102e+02
   1.1570000000000000e+02   1.8040243148803700e+01
   1.1600000000000000e+02   1.6249401855468801e+02
   1.1609999999999999e+02   6.3494873046875000e+01
   1.1680000000000000e+02   1.5902201652526900e+01
   1.1700000000000000e+02   2.4093194580078099e+02
   1.1700000000000000e+02   7.4321331787109398e+02
   1.1800000000000000e+02   1.4975271606445301e+02
   1.1809999999999999e+02   5.0568450927734403e+01
   1.1900000000000000e+02   3.5411758422851598e+01
   1.1909999999999999e+02   1.0460471153259300e+01
   1.1990000000000001e+02   4.1684951782226598e+01
   1.2080000000000000e+02   1.4557189941406300e+01
   1.2100000000000000e+02   4.0944607543945301e+02
   1.2109999999999999e+02   1.6339045715332000e+02
   1.2200000000000000e+02   5.2142851562500000e+03
   1.2300000000000000e+02   1.2369895019531300e+03
   1.2309999999999999e+02   7.1205627441406295e+02
   1.2390000000000001e+02   4.1280914306640597e+01
   1.2400000000000000e+02   8.1560552978515602e+02
   1.2409999999999999e+02   5.4427062988281295e+02
   1.2480000000000000e+02   1.2814699172973601e+01
   1.2490000000000001e+02   7.0785552978515597e+01
   1.2520000000000000e+02   1.2585416793823200e+01
   1.2690000000000001e+02   2.0111442565918001e+01
   1.2700000000000000e+02   3.1721981048583999e+01
   1.2790000000000001e+02   6.4146804809570298e+01
   1.2800000000000000e+02   5.8648242950439503e+01
   1.2809999999999999e+02   5.9948276519775398e+01
   1.2890000000000001e+02   1.5660984802246099e+02
   1.2909999999999999e+02   6.7533531188964801e+01
   1.3000000000000000e+02   1.1396009521484400e+03
   1.3009999999999999e+02   5.8284503173828102e+02
   1.3080000000000001e+02   1.1175068855285600e+01
   1.3100000000000000e+02   4.1155538940429699e+02
   1.3109999999999999e+02   3.9433750152587898e+01
   1.3200000000000000e+02   7.7972326660156295e+02
   1.3280000000000001e+02   4.0960361480712898e+01
   1.3290000000000001e+02   1.2217595672607401e+02
   1.3300000000000000e+02   1.5424964904785199e+02
   1.3319999999999999e+02   1.7467821121215799e+01
   1.3390000000000001e+02   5.9674819946289098e+01
   1.3400000000000000e+02   5.5856335449218795e+02
   1.3409999999999999e+02   1.1681381988525401e+02
   1.3430000000000001e+02   1.7433620452880898e+01
   1.3490000000000001e+02   2.2680853271484401e+02
   1.3500000000000000e+02   1.4228107910156300e+03
   1.3600000000000000e+02   4.6014653320312500e+03
   1.3700000000000000e+02   1.2571009521484400e+03
   1.3709999999999999e+02   1.4007297363281300e+03
   1.3780000000000001e+02   1.4390933036804199e+01
   1.3800000000000000e+02   1.0259554443359400e+03
   1.3900000000000000e+02   1.0982279052734400e+03
   1.3919999999999999e+02   2.3976804733276399e+01
   1.3990000000000001e+02   2.1105167388916001e+01
   1.4000000000000000e+02   6.4829734802246094e+01
   1.4090000000000001e+02   5.5349887847900398e+01
   1.4109999999999999e+02   5.9225421905517599e+01
   1.4169999999999999e+02   9.6384372711181605e+00
   1.4280000000000001e+02   1.2473971366882299e+01
   1.4300000000000000e+02   2.7724946975708001e+01
   1.4309999999999999e+02   7.5415283203125000e+01
   1.4400000000000000e+02   3.0747964477539102e+02
   1.4409999999999999e+02   1.4537039184570301e+02
   1.4500000000000000e+02   1.0462215423584000e+02
   1.4519999999999999e+02   2.5864465713501001e+01
   1.4590000000000001e+02   1.9958171081543000e+02
   1.4609999999999999e+02   1.9687414550781301e+02
   1.4690000000000001e+02   1.7279958724975600e+01
   1.4700000000000000e+02   1.1669989013671901e+02
   1.4719999999999999e+02   1.2583497047424300e+01
   1.4800000000000000e+02   1.0960142822265600e+03
   1.4809999999999999e+02   4.8761909179687500e+03
   1.4900000000000000e+02   4.4850327148437500e+03
   1.5009999999999999e+02   6.8710761718750000e+03
   1.5100000000000000e+02   1.3121892089843800e+03
   1.5200000000000000e+02   1.9162385559082000e+02
   1.5209999999999999e+02   1.8272329711914099e+02
   1.5290000000000001e+02   1.9676635742187500e+01
   1.5300000000000000e+02   7.3505920410156307e+01
   1.5319999999999999e+02   9.5938339233398402e+00
   1.5400000000000000e+02   3.7630500793457003e+01
   1.5409999999999999e+02   3.2571105957031300e+01
   1.5500000000000000e+02   1.1654476928710901e+02
   1.5580000000000001e+02   4.0129714965820298e+01
   1.5600000000000000e+02   1.8023860931396499e+01
   1.5609999999999999e+02   1.1235365295410200e+02
   1.5700000000000000e+02   9.8757371902465803e+00
   1.5790000000000001e+02   3.2876651763916001e+01
   1.5800000000000000e+02   1.0609783935546901e+02
   1.5819999999999999e+02   1.1021467590332000e+02
   1.5890000000000001e+02   4.6800308227539098e+01
   1.5900000000000000e+02   1.2343067932128901e+02
   1.5909999999999999e+02   3.6957996368408203e+01
   1.6000000000000000e+02   7.0154302978515602e+02
   1.6009999999999999e+02   7.2396691894531295e+02
   1.6080000000000001e+02   1.1395925521850600e+01
   1.6100000000000000e+02   2.2322265625000000e+02
   1.6119999999999999e+02   1.1370137023925800e+02
   1.6190000000000001e+02   1.8035556793212901e+01
   1.6200000000000000e+02   6.4811637878417997e+01
   1.6209999999999999e+02   8.2631634521484398e+02
   1.6290000000000001e+02   1.1882125854492200e+02
   1.6309999999999999e+02   1.0234841308593800e+03
   1.6409999999999999e+02   3.0093228515625000e+04
   1.6490000000000001e+02   2.4854438781738299e+01
   1.6509999999999999e+02   3.3510019531250000e+03
   1.6590000000000001e+02   1.8452455139160199e+02
   1.6600000000000000e+02   2.5983547973632801e+02
   1.6669999999999999e+02   1.1003308296203601e+01
   1.6690000000000001e+02   2.3253133773803700e+01
   1.7000000000000000e+02   1.2529200553894000e+01
   1.7009999999999999e+02   3.0824569702148398e+01
   1.7200000000000000e+02   4.4909820556640597e+01
   1.7400000000000000e+02   1.6301882934570301e+02
   1.7480000000000001e+02   7.1179718017578097e+01
   1.7500000000000000e+02   2.0056257247924801e+01
   1.7509999999999999e+02   5.5178340911865199e+01
   1.7519999999999999e+02   1.1197700500488301e+01
   1.7600000000000000e+02   2.4893437194824199e+02
   1.7600000000000000e+02   9.8379827880859398e+02
   1.7619999999999999e+02   1.7412059783935501e+01
   1.7700000000000000e+02   4.0862512207031301e+02
   1.7709999999999999e+02   4.5333395385742199e+02
   1.7800000000000000e+02   2.9340625000000000e+02
   1.7809999999999999e+02   1.9058096313476599e+02
   1.7869999999999999e+02   1.1524765968322800e+01
   1.7890000000000001e+02   4.9291778564453097e+01
   1.7919999999999999e+02   1.1922676086425801e+01
   1.7990000000000001e+02   9.3060989379882795e+00
   1.8090000000000001e+02   8.7915611267089801e+01
   1.8109999999999999e+02   1.9772232055664099e+02
   1.8200000000000000e+02   2.0488830566406301e+02
   1.8209999999999999e+02   1.2158284759521500e+02
   1.8300000000000000e+02   4.1279228210449197e+01
   1.8400000000000000e+02   2.6283209228515602e+02
   1.8409999999999999e+02   4.5511962890625000e+02
   1.8419999999999999e+02   5.5821811676025398e+01
   1.8500000000000000e+02   1.0625483703613300e+02
   1.8509999999999999e+02   3.8922817993164102e+02
   1.8609999999999999e+02   1.9442552490234400e+03
   1.8700000000000000e+02   1.7499601745605500e+02
   1.8709999999999999e+02   3.2319677734375000e+02
   1.8719999999999999e+02   1.0433844757080099e+02
   1.8790000000000001e+02   2.4662054061889599e+01
   1.8809999999999999e+02   1.5247640380859400e+03
   1.8819999999999999e+02   4.9389965820312500e+02
   1.8900000000000000e+02   9.9469060897827095e+00
   1.8909999999999999e+02   2.1946041870117199e+02
   1.8919999999999999e+02   6.6773254394531307e+01
   1.8980000000000001e+02   1.8849689483642599e+01
   1.9000000000000000e+02   2.6602266311645501e+01
   1.9009999999999999e+02   1.2136035156250000e+02
   1.9090000000000001e+02   5.5356903076171903e+01
   1.9100000000000000e+02   3.0230563354492199e+02
   1.9109999999999999e+02   4.5158973693847699e+01
   1.9190000000000001e+02   1.2725242614746101e+01
   1.9209999999999999e+02   2.2401035308837901e+01
   1.9309999999999999e+02   2.8727497100830099e+01
   2.0090000000000001e+02   2.3873041152954102e+01
   2.0190000000000001e+02   1.1986999511718800e+01
   2.0290000000000001e+02   1.0534554481506300e+01
   2.0309999999999999e+02   9.2649478912353498e+00
   2.0390000000000001e+02   2.1449167251586900e+01
   2.0400000000000000e+02   4.4212596893310497e+01
   2.0440000000000001e+02   9.9718875885009801e+00
   2.0490000000000001e+02   5.3639709472656300e+01
   2.0509999999999999e+02   1.3661754150390600e+03
   2.0590000000000001e+02   1.8416376113891602e+01
   2.0609999999999999e+02   1.1393056640625000e+03
   2.0619999999999999e+02   6.0104443359375000e+02
   2.0709999999999999e+02   1.7271820312500000e+04
   2.0800000000000000e+02   2.0508262634277301e+02
   2.0809999999999999e+02   2.3863483886718800e+03
   2.0900000000000000e+02   7.6770095825195298e+01
   2.0900000000000000e+02   5.9950160980224602e+01
   2.0909999999999999e+02   4.0555477142333999e+01
   2.1100000000000000e+02   2.3267711639404300e+01
   2.1490000000000001e+02   4.1930786132812500e+01
   2.1500000000000000e+02   4.7646156311035199e+01
   2.1590000000000001e+02   9.7246971130371094e+00
   2.1619999999999999e+02   9.0074539184570295e+00
   2.1700000000000000e+02   2.1987358093261701e+01
   2.1809999999999999e+02   1.3782680511474600e+01
   2.1819999999999999e+02   1.1470162391662599e+01
   2.1869999999999999e+02   9.7706413269043004e+00
   2.1880000000000001e+02   6.7141342163085902e+00
   2.1900000000000000e+02   5.1413025856018102e+00
   2.3109999999999999e+02   9.8853294372558594e+01
   2.3119999999999999e+02   9.2560253143310494e+00
   2.3180000000000001e+02   1.2207106590271000e+01
   2.3290000000000001e+02   4.1381389617919901e+01
   2.3300000000000000e+02   8.0420455932617202e+01
   2.3309999999999999e+02   8.2538127899169904e+00
   2.3409999999999999e+02   3.3410468750000000e+03
   2.3500000000000000e+02   8.2921348571777301e+01
   2.3509999999999999e+02   3.1447692871093801e+02
   2.3519999999999999e+02   1.5106674194335901e+02
   2.3680000000000001e+02   1.0033033370971699e+01
   2.3700000000000000e+02   3.5621368408203097e+01
   2.4709999999999999e+02   1.3575481414794901e+01
   2.4800000000000000e+02   5.5637065887451200e+01
   2.4819999999999999e+02   2.6156732177734398e+02
   2.4900000000000000e+02   1.7295040130615199e+01
   2.4919999999999999e+02   9.2572326660156303e+00
   2.5919999999999999e+02   1.1531404495239300e+01
   2.6119999999999999e+02   9.4078674316406303e+00
   2.6900000000000000e+02   1.0162793159484901e+01
   2.7410000000000002e+02   9.3614339828491193e+00
   2.7430000000000001e+02   1.0704576492309601e+01
   2.7489999999999998e+02   9.7277679443359393e+00
   2.7500000000000000e+02   4.1148559570312500e+01
   2.7510000000000002e+02   4.7734107971191399e+01
   2.7530000000000001e+02   3.9906356811523402e+01
   2.7600000000000000e+02   8.3491157531738295e+01
   2.7619999999999999e+02   1.5685684204101599e+02
   2.7619999999999999e+02   9.9235420227050795e+01
   2.7719999999999999e+02   5.3491167968750000e+04
   2.7819999999999999e+02   9.8351083984375000e+03
   2.7900000000000000e+02   4.1586021423339801e+01
   2.7919999999999999e+02   8.2973907470703102e+02
   2.8000000000000000e+02   1.0884691238403301e+01
   2.8010000000000002e+02   3.1730318069458001e+01
   2.9689999999999998e+02   2.3641420364379901e+01
   2.9700000000000000e+02   7.4663246154785199e+01
   2.9719999999999999e+02   4.7877929687500000e+01
   2.9739999999999998e+02   1.6590496063232401e+01
   3.2510000000000002e+02   3.1158411026001001e+01
   3.6610000000000002e+02   1.1531948089599600e+01
   3.6630000000000001e+02   6.0274436950683601e+01
   3.6710000000000002e+02   2.5118015289306602e+01
   3.6719999999999999e+02   1.5276864051818800e+01
