   4.0100000000000001e+01   1.1031883239746099e+02
   4.0899999999999999e+01   3.0790039062500000e+01
   4.1100000000000001e+01   3.5480795898437500e+03
   4.2000000000000000e+01   1.0399487304687500e+02
   4.2100000000000001e+01   1.8299316406250000e+03
   4.2899999999999999e+01   1.9912635803222699e+01
   4.3000000000000000e+01   4.1982261657714801e+01
   4.3100000000000001e+01   3.2962921142578102e+02
   4.4000000000000000e+01   6.7555035400390602e+02
   4.9799999999999997e+01   9.0864009857177699e+00
   4.9899999999999999e+01   8.1898490905761705e+01
   5.0100000000000001e+01   5.2024822235107401e+01
   5.1000000000000000e+01   3.9316162109375000e+02
   5.1100000000000001e+01   1.4553005981445301e+02
   5.2000000000000000e+01   9.9369071960449205e+01
   5.2100000000000001e+01   5.1554382324218800e+01
   5.2899999999999999e+01   1.1516110992431599e+02
   5.3100000000000001e+01   1.9281562805175801e+02
   5.3799999999999997e+01   8.8132610321044904e+00
   5.4000000000000000e+01   1.4137655639648401e+02
   5.4100000000000001e+01   8.7752525329589801e+01
   5.5000000000000000e+01   8.0613513183593795e+02
   5.5100000000000001e+01   1.2312135314941401e+02
   5.5899999999999999e+01   7.1786254882812500e+01
   5.6000000000000000e+01   2.3623587036132801e+02
   5.6100000000000001e+01   9.7620193481445298e+01
   5.7000000000000000e+01   3.4122402954101602e+02
   5.8100000000000001e+01   1.0635789871215801e+01
   5.9000000000000000e+01   5.3692825317382798e+01
   6.2000000000000000e+01   1.2510684013366699e+01
   6.2899999999999999e+01   4.7062496185302699e+01
   6.3000000000000000e+01   2.3947302246093801e+02
   6.3799999999999997e+01   4.9781909942627003e+01
   6.4000000000000000e+01   7.9961624145507798e+01
   6.5000000000000000e+01   4.7839175415039102e+02
   6.5099999999999994e+01   6.6153674316406295e+02
   6.5900000000000006e+01   3.9193275451660199e+01
   6.6000000000000000e+01   2.2046736145019500e+02
   6.6099999999999994e+01   4.5660270690917997e+01
   6.7000000000000000e+01   2.7771194458007801e+02
   6.7099999999999994e+01   8.8029180908203102e+02
   6.7200000000000003e+01   2.9898900985717798e+01
   6.7700000000000003e+01   1.2471007347106900e+01
   6.7900000000000006e+01   1.2597287178039601e+01
   6.8099999999999994e+01   8.5304669189453102e+02
   6.9099999999999994e+01   1.2531234375000000e+04
   7.0000000000000000e+01   1.6400400390625000e+03
   7.0900000000000006e+01   9.7370300292968803e+00
   7.1000000000000000e+01   6.4039466857910199e+01
   7.1099999999999994e+01   1.0058306694030801e+01
   7.1200000000000003e+01   1.1236825942993200e+01
   7.2900000000000006e+01   2.0199405670166001e+01
   7.3799999999999997e+01   9.2132940292358398e+00
   7.4099999999999994e+01   2.3925510406494102e+01
   7.4799999999999997e+01   1.0590087890625000e+01
   7.4900000000000006e+01   2.9480876922607401e+01
   7.5900000000000006e+01   4.8135711669921903e+01
   7.6099999999999994e+01   1.3601193237304699e+02
   7.7000000000000000e+01   3.3342431640625000e+03
   7.8000000000000000e+01   7.9062353515625000e+02
   7.8900000000000006e+01   5.7794616699218800e+01
   7.9099999999999994e+01   1.1395295410156300e+03
   7.9799999999999997e+01   1.2707019805908200e+01
   8.0000000000000000e+01   2.1989498901367199e+02
   8.0000000000000000e+01   8.8790130615234403e+01
   8.0299999999999997e+01   1.0259286880493200e+01
   8.0900000000000006e+01   2.9986133575439499e+01
   8.1000000000000000e+01   1.0383143615722700e+02
   8.1099999999999994e+01   3.7931438446044901e+01
   8.2000000000000000e+01   3.7547134399414102e+02
   8.2099999999999994e+01   1.7192147827148401e+02
   8.3000000000000000e+01   7.9087310791015597e+01
   8.3099999999999994e+01   6.3746246337890597e+01
   8.3900000000000006e+01   7.2257499694824205e+01
   8.4000000000000000e+01   2.8625973510742199e+02
   8.8799999999999997e+01   1.8443172454833999e+01
   8.8900000000000006e+01   1.2385449218750000e+02
   8.9000000000000000e+01   8.7356040954589801e+01
   8.9099999999999994e+01   2.9150537490844702e+01
   8.9900000000000006e+01   2.4253833770751999e+01
   9.0000000000000000e+01   7.5091659545898395e+01
   9.0099999999999994e+01   4.8134147644042997e+01
   9.1000000000000000e+01   1.3515028381347699e+02
   9.1099999999999994e+01   3.5359519042968800e+03
   9.1799999999999997e+01   3.6299533843994098e+01
   9.2000000000000000e+01   3.4892626953125000e+02
   9.2099999999999994e+01   2.7183447265625000e+02
   9.2200000000000003e+01   8.7338151931762695e+00
   9.3000000000000000e+01   1.7007878417968800e+03
   9.4000000000000000e+01   2.5770953369140602e+02
   9.4000000000000000e+01   4.8557821655273398e+02
   9.4799999999999997e+01   2.7893835067748999e+01
   9.5000000000000000e+01   4.9430184936523398e+02
   9.6099999999999994e+01   2.9842353515625000e+03
   9.6799999999999997e+01   1.3418815612793001e+01
   9.7000000000000000e+01   3.7376568603515602e+02
   9.7099999999999994e+01   1.2305697021484400e+03
   9.7200000000000003e+01   3.0437091827392599e+01
   9.7799999999999997e+01   1.0756757736206101e+01
   9.7900000000000006e+01   1.7891113281250000e+02
   9.8099999999999994e+01   1.1861281585693401e+02
   1.0109999999999999e+02   2.2560314178466800e+01
   1.0200000000000000e+02   3.4129081726074197e+01
   1.0209999999999999e+02   2.3402439117431602e+01
   1.0280000000000000e+02   1.0561403274536101e+01
   1.0300000000000000e+02   1.1488695068359400e+03
   1.0320000000000000e+02   3.8903644561767599e+01
   1.0400000000000000e+02   1.9849121093750000e+03
   1.0500000000000000e+02   3.7235319824218800e+03
   1.0509999999999999e+02   1.1301846923828100e+03
   1.0590000000000001e+02   1.8763795471191401e+02
   1.0600000000000000e+02   6.2944323730468795e+02
   1.0690000000000001e+02   4.2296878814697301e+01
   1.0790000000000001e+02   4.4138069152832003e+01
   1.0880000000000000e+02   1.9750705718994102e+01
   1.0980000000000000e+02   1.5721277236938500e+01
   1.1100000000000000e+02   1.8031711578369102e+01
   1.1300000000000000e+02   8.2752742767334002e+00
   1.1490000000000001e+02   6.9124710083007798e+01
   1.1500000000000000e+02   1.9134199523925801e+02
   1.1509999999999999e+02   5.8768634796142599e+01
   1.1590000000000001e+02   3.4566318511962898e+01
   1.1600000000000000e+02   8.7839683532714801e+01
   1.1700000000000000e+02   7.9096380615234398e+02
   1.1720000000000000e+02   1.1677070617675801e+01
   1.1800000000000000e+02   1.4844792480468800e+03
   1.1880000000000000e+02   6.4445175170898395e+01
   1.1900000000000000e+02   6.0525286865234398e+02
   1.2000000000000000e+02   2.5606375122070301e+02
   1.2100000000000000e+02   1.8295673370361300e+01
   1.2200000000000000e+02   2.0241094589233398e+01
   1.2790000000000001e+02   2.0753980636596701e+01
   1.2800000000000000e+02   7.6603790283203097e+01
   1.2819999999999999e+02   2.3728057861328100e+01
   1.2880000000000001e+02   2.2113735198974599e+01
   1.2900000000000000e+02   7.9702415466308594e+01
   1.2990000000000001e+02   2.1567539215087901e+01
   1.3000000000000000e+02   2.1276828613281300e+03
   1.3090000000000001e+02   6.8871704101562500e+01
   1.3100000000000000e+02   8.2211297607421898e+02
   1.3109999999999999e+02   6.1587231445312500e+02
   1.3190000000000001e+02   7.5683647155761705e+01
   1.3200000000000000e+02   2.1044082031250000e+03
   1.3290000000000001e+02   1.5790211677551300e+01
   1.3300000000000000e+02   4.6219549560546898e+02
   1.3400000000000000e+02   1.7974612426757801e+02
   1.3409999999999999e+02   6.2654182434082003e+01
   1.3419999999999999e+02   9.4488983154296893e+00
   1.3480000000000001e+02   8.9948167800903303e+00
   1.3690000000000001e+02   2.8607128906250000e+02
   1.3700000000000000e+02   1.0992706298828099e+02
   1.3790000000000001e+02   2.8357837677001999e+01
   1.3900000000000000e+02   1.5083468627929699e+02
   1.3909999999999999e+02   9.2873596191406307e+01
   1.4209999999999999e+02   7.7055525779724103e+00
   1.4280000000000001e+02   8.1100921630859393e+00
   1.4300000000000000e+02   1.2166396331787099e+02
   1.4309999999999999e+02   1.1400000000000000e+02
   1.4400000000000000e+02   1.1144411468505901e+02
   1.4409999999999999e+02   3.4859564208984398e+02
   1.4490000000000001e+02   1.6690350341796901e+02
   1.4500000000000000e+02   1.2664482116699200e+02
   1.4509999999999999e+02   7.9937919616699205e+01
   1.4609999999999999e+02   7.3102758789062500e+03
   1.4690000000000001e+02   1.2760820007324200e+02
   1.4709999999999999e+02   6.8613165283203102e+02
   1.4790000000000001e+02   3.2872261047363303e+01
   1.4800000000000000e+02   2.4319226074218801e+02
   1.4819999999999999e+02   2.4551097869873001e+01
   1.4900000000000000e+02   1.3043293952941900e+01
   1.5480000000000001e+02   2.1844911575317401e+01
   1.5490000000000001e+02   4.9918117523193402e+01
   1.5509999999999999e+02   9.7875776290893608e+00
   1.5580000000000001e+02   1.1460481643676800e+01
   1.5590000000000001e+02   4.7155765533447301e+01
   1.5609999999999999e+02   6.2859058380127003e+01
   1.5700000000000000e+02   3.7217113494872997e+01
   1.5780000000000001e+02   8.7981653213500994e+00
   1.5790000000000001e+02   3.5465553283691399e+01
   1.5800000000000000e+02   1.2629216003418000e+02
   1.5809999999999999e+02   1.6405570983886699e+02
   1.5890000000000001e+02   1.7613354492187500e+02
   1.5909999999999999e+02   2.2438764953613301e+02
   1.5990000000000001e+02   8.3765953063964801e+01
   1.6000000000000000e+02   2.4075219726562500e+02
   1.6009999999999999e+02   4.3079998779296898e+02
   1.6090000000000001e+02   2.9442346572876001e+01
   1.6100000000000000e+02   8.3572669982910199e+01
   1.6700000000000000e+02   1.7090835571289102e+01
   1.6719999999999999e+02   1.2750301361084000e+01
   1.6800000000000000e+02   8.0592374801635707e+00
   1.6909999999999999e+02   7.8626198768615696e+00
   1.6990000000000001e+02   6.9913757324218807e+01
   1.7009999999999999e+02   1.1276900482177700e+02
   1.7030000000000001e+02   1.0006065368652299e+01
   1.7090000000000001e+02   1.6316539764404300e+01
   1.7100000000000000e+02   1.2427344322204601e+01
   1.7109999999999999e+02   6.8576759338378906e+01
   1.7200000000000000e+02   1.0153664398193401e+02
   1.7209999999999999e+02   6.2771800994872997e+01
   1.7300000000000000e+02   8.7298851013183594e+01
   1.7309999999999999e+02   3.9865844726562500e+01
   1.7509999999999999e+02   9.6836109161377006e+00
   1.8390000000000001e+02   8.7664308547973597e+00
   1.8400000000000000e+02   3.7029931640625000e+02
   1.8409999999999999e+02   5.1693481445312500e+01
   1.8500000000000000e+02   2.0296798706054699e+02
   1.8509999999999999e+02   4.1669960021972699e+01
   1.8590000000000001e+02   7.0492630004882798e+01
   1.8609999999999999e+02   4.9225366210937500e+02
   1.8619999999999999e+02   1.4689268493652301e+02
   1.8690000000000001e+02   2.8858890533447301e+01
   1.8700000000000000e+02   8.0400123596191406e+01
   1.8709999999999999e+02   6.2829174804687500e+02
   1.8790000000000001e+02   3.5083366394042997e+01
   1.8809999999999999e+02   1.5160540771484400e+03
   1.8909999999999999e+02   8.6083085937500000e+03
   1.8990000000000001e+02   8.5847225189209002e+00
   1.9000000000000000e+02   6.9191680908203097e+01
   1.9009999999999999e+02   1.1674960937500000e+03
   1.9019999999999999e+02   7.7024168968200701e+00
   1.9100000000000000e+02   5.0055038452148402e+01
   1.9119999999999999e+02   8.5148534774780291e+00
   1.9480000000000001e+02   8.1590948104858398e+00
   1.9500000000000000e+02   9.0820693969726598e+00
   2.0000000000000000e+02   1.0621898651123001e+01
   2.0669999999999999e+02   8.4662103652954102e+00
   2.0690000000000001e+02   1.1068741798400900e+01
   2.0709999999999999e+02   2.1245616912841800e+01
   2.0809999999999999e+02   9.0537090301513707e+00
   2.1080000000000001e+02   9.3203842163085895e+01
   2.1100000000000000e+02   5.5895221710205099e+01
   2.1300000000000000e+02   8.2672252655029297e+00
   2.1480000000000001e+02   3.7051074981689503e+01
   2.1490000000000001e+02   4.7503875732421903e+01
   2.1509999999999999e+02   3.5021129608154297e+01
   2.1600000000000000e+02   3.7574939727783203e+01
   2.1690000000000001e+02   2.0262620925903299e+01
   2.1890000000000001e+02   3.8214153289794901e+01
   2.1909999999999999e+02   9.9065418243408203e+00
   2.3109999999999999e+02   1.0704433441162100e+01
   2.3280000000000001e+02   4.6978294372558601e+01
   2.3309999999999999e+02   6.2893074035644503e+01
   2.3409999999999999e+02   9.4597587585449201e+00
   2.3680000000000001e+02   1.4153129577636699e+02
   2.3709999999999999e+02   1.3039384841918899e+01
   2.4190000000000001e+02   1.3362367630004901e+01
   2.4209999999999999e+02   1.9422850036621099e+02
   2.4230000000000001e+02   2.2588649749755898e+01
   2.4319999999999999e+02   1.8075565338134801e+01
   2.5610000000000002e+02   7.7540154457092303e+00
   2.7910000000000002e+02   4.5807273864746101e+01
   2.7919999999999999e+02   1.8875041961669901e+01
   2.8280000000000001e+02   1.0516419410705600e+01
   2.8300000000000000e+02   1.8610794067382798e+01
   2.8319999999999999e+02   1.2884668350219700e+01
   2.8419999999999999e+02   2.0012384414672901e+01
   2.8519999999999999e+02   1.6064798828125000e+04
   2.8619999999999999e+02   3.2570048828125000e+03
   2.8710000000000002e+02   2.4496852874755898e+01
   2.8719999999999999e+02   3.0866250610351602e+02
   2.8900000000000000e+02   7.8877744674682599e+00
   2.9280000000000001e+02   1.0896622657775900e+01
   2.9289999999999998e+02   1.3334495544433601e+01
   3.0700000000000000e+02   1.1668221473693800e+01
   3.0710000000000002e+02   9.1640138626098597e+00
   3.3510000000000002e+02   1.0133831977844199e+01
   3.7430000000000001e+02   3.5967704772949197e+01
