   3.9899999999999999e+01   3.0291461944580099e+01
   4.0100000000000001e+01   4.8633853912353501e+01
   4.1000000000000000e+01   1.7280306396484400e+03
   4.1100000000000001e+01   2.5376837158203099e+02
   4.2000000000000000e+01   8.3157968750000000e+03
   4.2899999999999999e+01   6.0619712829589801e+01
   4.3100000000000001e+01   9.9945300292968795e+02
   4.3200000000000003e+01   2.3760372161865199e+01
   4.4000000000000000e+01   3.3630976562500000e+03
   4.4899999999999999e+01   1.2100728607177700e+02
   4.5000000000000000e+01   2.1922889709472699e+02
   4.5100000000000001e+01   2.5044238281250000e+02
   4.6000000000000000e+01   1.7719845581054699e+02
   4.6100000000000001e+01   1.6175677490234401e+02
   4.9000000000000000e+01   2.9640525817871101e+01
   4.9899999999999999e+01   1.7745553588867199e+02
   5.0000000000000000e+01   1.0113413238525401e+02
   5.0799999999999997e+01   1.0310614776611300e+02
   5.1000000000000000e+01   2.2793965148925801e+02
   5.1100000000000001e+01   1.3345750808715801e+01
   5.1899999999999999e+01   9.5180572509765597e+01
   5.2100000000000001e+01   1.9711465835571300e+01
   5.2899999999999999e+01   2.2498943328857401e+01
   5.3000000000000000e+01   3.5361892700195301e+02
   5.3100000000000001e+01   3.3955856323242199e+02
   5.4000000000000000e+01   5.3090502929687500e+02
   5.4100000000000001e+01   2.4853927612304699e+02
   5.4899999999999999e+01   1.9796268463134801e+01
   5.5000000000000000e+01   1.9778720703125000e+03
   5.6000000000000000e+01   4.1625776367187500e+03
   5.7000000000000000e+01   6.5875189208984398e+02
   5.7100000000000001e+01   7.3705810546875000e+02
   5.8100000000000001e+01   1.0090219726562500e+04
   5.8899999999999999e+01   1.6911431884765599e+02
   5.9100000000000001e+01   3.5760382080078102e+02
   6.0100000000000001e+01   4.2459465026855497e+01
   6.0899999999999999e+01   8.8871810913085895e+01
   6.1100000000000001e+01   8.5378089904785199e+01
   6.1899999999999999e+01   5.0995028686523398e+02
   6.2100000000000001e+01   1.9036402893066401e+02
   6.3000000000000000e+01   1.4681390380859400e+03
   6.3799999999999997e+01   1.4865991592407200e+01
   6.3899999999999999e+01   2.1612155914306602e+01
   6.4000000000000000e+01   8.5619819641113295e+01
   6.4200000000000003e+01   3.7233833312988303e+01
   6.4900000000000006e+01   1.9690371704101599e+02
   6.5099999999999994e+01   7.7126174926757798e+01
   6.6000000000000000e+01   2.8009939575195301e+02
   6.7000000000000000e+01   1.1287609863281300e+03
   6.7099999999999994e+01   1.6804168701171900e+01
   6.8000000000000000e+01   2.7879846191406300e+03
   6.8900000000000006e+01   1.4904435729980500e+02
   6.9000000000000000e+01   9.0609722900390602e+02
   7.0099999999999994e+01   5.1667270507812500e+03
   7.1099999999999994e+01   1.3974489257812500e+04
   7.2000000000000000e+01   1.2751877441406300e+03
   7.2900000000000006e+01   9.7521142578125000e+02
   7.3000000000000000e+01   1.1573236083984401e+02
   7.3799999999999997e+01   1.6783193588256800e+01
   7.3900000000000006e+01   2.0239549255371099e+02
   7.4099999999999994e+01   1.0811264038085901e+02
   7.4799999999999997e+01   8.5323600769042997e+01
   7.5000000000000000e+01   4.7874008178710898e+02
   7.5900000000000006e+01   1.6358894348144499e+01
   7.7000000000000000e+01   9.3939007568359398e+02
   7.7900000000000006e+01   5.7767364501953097e+01
   7.8099999999999994e+01   2.6149996948242199e+02
   7.9099999999999994e+01   1.9523815917968800e+03
   7.9200000000000003e+01   8.8545372009277301e+01
   7.9799999999999997e+01   5.8841224670410199e+01
   8.0000000000000000e+01   5.9381414794921898e+02
   8.0200000000000003e+01   2.8557672500610401e+01
   8.1000000000000000e+01   2.1190156250000000e+03
   8.2000000000000000e+01   4.3040571289062500e+03
   8.3099999999999994e+01   2.7340358886718800e+03
   8.4099999999999994e+01   6.3487476562500000e+04
   8.5099999999999994e+01   5.3227060546875000e+03
   8.5900000000000006e+01   5.6422458648681598e+01
   8.6000000000000000e+01   4.3618069458007801e+02
   8.6099999999999994e+01   1.5098970031738301e+02
   8.6799999999999997e+01   2.4444087982177699e+01
   8.6900000000000006e+01   6.3396954345703102e+02
   8.7900000000000006e+01   2.2187336730957000e+02
   8.8200000000000003e+01   1.3662379455566401e+02
   8.9000000000000000e+01   4.7356845703125000e+03
   8.9799999999999997e+01   1.3835084915161101e+01
   8.9900000000000006e+01   3.2603121948242199e+02
   9.0099999999999994e+01   1.9514291381835901e+02
   9.0900000000000006e+01   2.7280408859252901e+01
   9.1000000000000000e+01   1.6984317016601599e+02
   9.2000000000000000e+01   2.6848611831665000e+01
   9.2299999999999997e+01   1.4000860214233400e+01
   9.2900000000000006e+01   5.2981170654296903e+01
   9.3099999999999994e+01   1.6102149963378901e+02
   9.4000000000000000e+01   1.1106373291015600e+03
   9.5000000000000000e+01   2.2054211425781301e+02
   9.5099999999999994e+01   3.1334289550781301e+02
   9.5200000000000003e+01   1.4374676513671901e+02
   9.6099999999999994e+01   2.2632158203125000e+03
   9.7000000000000000e+01   3.4118034667968800e+03
   9.8099999999999994e+01   4.1785810546875000e+03
   9.8799999999999997e+01   2.7098005294799801e+01
   9.9000000000000000e+01   4.1641098022460898e+02
   9.9099999999999994e+01   1.3429056396484400e+03
   1.0000000000000000e+02   1.7768409729003901e+02
   1.0009999999999999e+02   1.3565301513671901e+02
   1.0070000000000000e+02   4.5961715698242202e+01
   1.0090000000000001e+02   1.3963748168945301e+02
   1.0100000000000000e+02   1.1637689971923800e+02
   1.0190000000000001e+02   6.0655174255371101e+01
   1.0200000000000000e+02   5.8737556457519503e+01
   1.0300000000000000e+02   1.5265999794006300e+01
   1.0309999999999999e+02   2.1837484359741200e+01
   1.0390000000000001e+02   2.3241106033325199e+01
   1.0409999999999999e+02   1.2306504249572800e+01
   1.0520000000000000e+02   1.1872785568237299e+01
   1.0609999999999999e+02   4.0522502899169901e+01
   1.0620000000000000e+02   3.3405673980712898e+01
   1.0690000000000001e+02   1.5401547241210901e+02
   1.0700000000000000e+02   1.2665165901184100e+01
   1.0790000000000001e+02   6.0060634613037102e+01
   1.0800000000000000e+02   6.6768780517578102e+02
   1.0880000000000000e+02   5.7431804656982401e+01
   1.0900000000000000e+02   5.6614398193359398e+02
   1.0909999999999999e+02   2.3819883728027301e+02
   1.1009999999999999e+02   5.9250107421875000e+03
   1.1109999999999999e+02   1.0792303466796900e+03
   1.1209999999999999e+02   3.1145073242187500e+03
   1.1300000000000000e+02   3.7698709106445301e+02
   1.1309999999999999e+02   1.2452804565429700e+02
   1.1390000000000001e+02   1.2040989875793500e+01
   1.1409999999999999e+02   8.8379043579101605e+01
   1.1470000000000000e+02   1.1967578887939499e+01
   1.1509999999999999e+02   7.1586784362792997e+01
   1.1600000000000000e+02   3.3758056640625000e+01
   1.1700000000000000e+02   1.4744688034057599e+01
   1.1709999999999999e+02   2.6962219238281300e+01
   1.1990000000000001e+02   1.7251737594604499e+01
   1.2009999999999999e+02   6.5378692626953097e+01
   1.2090000000000001e+02   4.7436870574951200e+01
   1.2100000000000000e+02   1.4333375930786101e+01
   1.2120000000000000e+02   1.9017492294311499e+01
   1.2190000000000001e+02   4.0577713012695298e+01
   1.2200000000000000e+02   2.8134072875976602e+02
   1.2220000000000000e+02   1.9460321044921901e+02
   1.2300000000000000e+02   5.4851674804687500e+03
   1.2409999999999999e+02   9.3010039062500000e+03
   1.2509999999999999e+02   3.2814242187500000e+04
   1.2600000000000000e+02   3.6578286743164102e+02
   1.2609999999999999e+02   3.7889116210937500e+03
   1.2670000000000000e+02   2.9272804260253899e+01
   1.2700000000000000e+02   5.3493225097656295e+02
   1.2709999999999999e+02   8.8820152282714801e+01
   1.2780000000000000e+02   1.4710084915161101e+01
   1.2790000000000001e+02   6.7165580749511705e+01
   1.2819999999999999e+02   1.1967307090759300e+01
   1.3080000000000001e+02   1.4975038528442401e+01
   1.3100000000000000e+02   9.3932807922363295e+01
   1.3119999999999999e+02   6.2177120208740199e+01
   1.3200000000000000e+02   4.4932842254638700e+01
   1.3269999999999999e+02   1.7206716537475600e+01
   1.3290000000000001e+02   2.7480657958984398e+02
   1.3300000000000000e+02   6.3638940429687500e+02
   1.3390000000000001e+02   3.3278648376464801e+01
   1.3490000000000001e+02   5.1057473754882801e+02
   1.3500000000000000e+02   7.3919883728027301e+01
   1.3509999999999999e+02   1.7845481872558601e+01
   1.3580000000000001e+02   1.7252660751342798e+01
   1.3590000000000001e+02   3.7261760711669901e+01
   1.3609999999999999e+02   3.4777694702148402e+01
   1.3690000000000001e+02   3.4053192138671898e+02
   1.3700000000000000e+02   1.7457168579101602e+01
   1.3790000000000001e+02   1.8582397460937500e+02
   1.3809999999999999e+02   1.6309968566894500e+02
   1.3890000000000001e+02   7.8702095031738295e+01
   1.3900000000000000e+02   1.6984564208984401e+02
   1.3909999999999999e+02   2.0877233886718801e+02
   1.3980000000000001e+02   1.9508588790893601e+01
   1.4000000000000000e+02   1.4269563293457000e+02
   1.4009999999999999e+02   8.7026214599609403e+01
   1.4080000000000001e+02   3.6509925842285199e+01
   1.4100000000000000e+02   6.7515274047851605e+01
   1.4119999999999999e+02   3.6674953460693402e+01
   1.4580000000000001e+02   4.0783298492431598e+01
   1.4600000000000000e+02   1.6595119476318398e+01
   1.4619999999999999e+02   3.6107730865478501e+01
   1.4700000000000000e+02   3.6523826599121101e+01
   1.4790000000000001e+02   2.6492357254028299e+01
   1.4809999999999999e+02   6.6012054443359403e+01
   1.4890000000000001e+02   7.3461791992187500e+01
   1.4909999999999999e+02   1.8112529754638700e+01
   1.5000000000000000e+02   5.1149330139160199e+01
   1.5009999999999999e+02   6.6561859130859403e+01
   1.5080000000000001e+02   1.4640550613403301e+01
   1.5100000000000000e+02   1.0835397338867200e+02
   1.5109999999999999e+02   2.2001970291137699e+01
   1.5190000000000001e+02   1.4094749450683599e+02
   1.5200000000000000e+02   4.7183464050292997e+01
   1.5209999999999999e+02   4.0398117065429702e+01
   1.5219999999999999e+02   2.8981985092163100e+01
   1.5300000000000000e+02   1.8046800613403299e+01
   1.5309999999999999e+02   7.4455596923828102e+02
   1.5390000000000001e+02   2.9957599639892599e+01
   1.5400000000000000e+02   1.7865875244140599e+02
   1.5430000000000001e+02   2.9509696960449201e+01
   1.5490000000000001e+02   2.7316007614135700e+01
   1.5509999999999999e+02   5.7797106933593795e+02
   1.5519999999999999e+02   4.4526939392089801e+01
   1.5600000000000000e+02   7.7086578369140597e+01
   1.5609999999999999e+02   3.4472152709960902e+01
   1.5669999999999999e+02   1.3892410278320300e+01
   1.5690000000000001e+02   1.1060005187988300e+02
   1.5690000000000001e+02   5.5007099151611300e+01
   1.5790000000000001e+02   1.0729426574707000e+02
   1.5800000000000000e+02   5.8731134033203102e+02
   1.5809999999999999e+02   1.9844577789306602e+01
   1.5900000000000000e+02   1.8347763671875000e+04
   1.6000000000000000e+02   1.8406142578125000e+03
   1.6009999999999999e+02   9.2959594726562500e+01
   1.6100000000000000e+02   1.1417022460937500e+04
   1.6200000000000000e+02   1.1973776855468800e+03
   1.6290000000000001e+02   7.3926116943359398e+02
   1.6300000000000000e+02   1.2850178222656300e+03
   1.6390000000000001e+02   2.2932229614257801e+02
   1.6409999999999999e+02   1.4676572799682599e+01
   1.6480000000000001e+02   1.7931562423706101e+01
   1.6500000000000000e+02   4.5599773406982401e+01
   1.6590000000000001e+02   3.3512363433837898e+01
   1.6600000000000000e+02   1.7060147094726599e+02
   1.6690000000000001e+02   6.7182853698730497e+01
   1.6709999999999999e+02   1.3693099975585901e+02
   1.6790000000000001e+02   6.4430191040039105e+01
   1.6800000000000000e+02   2.4251096725463899e+01
   1.6809999999999999e+02   4.8287521362304702e+01
   1.7190000000000001e+02   1.5052949905395501e+01
   1.7290000000000001e+02   4.1746463775634801e+01
   1.7309999999999999e+02   1.6319444656372099e+01
   1.7390000000000001e+02   1.4245491981506300e+01
   1.7400000000000000e+02   1.3270521163940399e+01
   1.7780000000000001e+02   4.2605854034423800e+01
   1.7909999999999999e+02   1.2114272117614700e+01
   1.7990000000000001e+02   3.5233486175537102e+01
   1.8009999999999999e+02   4.3812065124511697e+01
   1.8090000000000001e+02   8.1022476196289105e+01
   1.8100000000000000e+02   8.9253135681152301e+01
   1.8109999999999999e+02   1.5549849510192900e+01
   1.8200000000000000e+02   2.6812469482421898e+02
   1.8200000000000000e+02   7.0464057922363295e+01
   1.8219999999999999e+02   4.0630783081054702e+01
   1.8290000000000001e+02   8.7799369812011705e+01
   1.8309999999999999e+02   2.4770831298828099e+02
   1.8330000000000001e+02   1.7551054000854499e+01
   1.8380000000000001e+02   6.8104057312011705e+01
   1.8390000000000001e+02   1.7163591003418000e+02
   1.8400000000000000e+02   1.6272660827636699e+02
   1.8500000000000000e+02   2.9550315856933601e+01
   1.8580000000000001e+02   2.4279695510864300e+01
   1.8590000000000001e+02   4.4494662475585898e+02
   1.8600000000000000e+02   4.7715888977050803e+01
   1.8680000000000001e+02   3.3186786651611300e+01
   1.8690000000000001e+02   1.2419592857360801e+01
   1.8700000000000000e+02   1.2546293258666999e+01
   1.8800000000000000e+02   2.6925631713867199e+02
   1.9400000000000000e+02   1.4510623168945301e+02
   1.9480000000000001e+02   1.2759791374206500e+01
   1.9500000000000000e+02   3.3922542572021499e+01
   1.9580000000000001e+02   8.7977996826171903e+01
   1.9600000000000000e+02   7.6685386657714801e+01
   1.9609999999999999e+02   9.2941032409667997e+01
   1.9690000000000001e+02   2.9001213073730501e+01
   1.9790000000000001e+02   9.1613616943359403e+01
   1.9809999999999999e+02   1.6203794479370099e+01
   1.9890000000000001e+02   8.1659744262695298e+01
   1.9990000000000001e+02   1.2087537384033200e+02
   2.0069999999999999e+02   4.3325439453125000e+01
   2.0090000000000001e+02   2.9554073333740199e+01
   2.0100000000000000e+02   2.6725940704345700e+01
   2.0180000000000001e+02   1.3240988731384300e+01
   2.0200000000000000e+02   1.3965625000000000e+02
   2.0380000000000001e+02   1.3239263534545900e+01
   2.0690000000000001e+02   1.2003772735595700e+01
   2.0709999999999999e+02   3.9919898986816399e+01
   2.0780000000000001e+02   1.5767732620239300e+01
   2.0800000000000000e+02   6.3760247802734398e+02
   2.0809999999999999e+02   1.1524818420410200e+02
   2.0890000000000001e+02   3.5248683929443402e+01
   2.0900000000000000e+02   5.8871555328369098e+01
   2.0990000000000001e+02   9.9022300720214801e+01
   2.1000000000000000e+02   1.9144694519043000e+02
   2.1009999999999999e+02   1.7027336120605501e+01
   2.1090000000000001e+02   3.6486129760742202e+01
   2.1109999999999999e+02   1.9271701812744102e+01
   2.1480000000000001e+02   6.7928924560546903e+01
   2.1490000000000001e+02   4.8542251586914098e+01
   2.1590000000000001e+02   2.5162771224975600e+01
   2.1669999999999999e+02   1.4538455963134799e+01
   2.1690000000000001e+02   7.2479968070983896e+00
   2.1709999999999999e+02   1.4387345314025900e+01
   2.1790000000000001e+02   1.1623047637939500e+02
   2.1800000000000000e+02   1.2472379302978500e+02
   2.1890000000000001e+02   1.1596719741821300e+01
   2.1900000000000000e+02   4.8404609680175803e+01
   2.1990000000000001e+02   6.3176033020019503e+01
   2.2000000000000000e+02   2.9278480529785199e+01
   2.2019999999999999e+02   4.6439109802246101e+01
   2.2090000000000001e+02   1.3993785858154300e+01
   2.2300000000000000e+02   1.3196518898010300e+01
   2.2869999999999999e+02   1.2642933845520000e+01
   2.2990000000000001e+02   1.2084891319274901e+01
   2.3290000000000001e+02   3.2166816711425803e+01
   2.3300000000000000e+02   8.6462039947509801e+00
   2.3390000000000001e+02   1.3042951583862299e+01
   2.3690000000000001e+02   7.6636695861816406e+01
   2.3700000000000000e+02   2.3796382904052699e+01
   2.3909999999999999e+02   1.2279059410095201e+01
   2.4390000000000001e+02   1.6396831512451200e+01
   2.4400000000000000e+02   1.6410047531127901e+01
   2.5409999999999999e+02   2.8173799514770501e+01
   2.5490000000000001e+02   1.4413252830505400e+01
   2.5600000000000000e+02   1.2017191886901900e+01
   2.5780000000000001e+02   1.5521640777587900e+01
   2.6200000000000000e+02   6.5748291015625000e+01
   2.6410000000000002e+02   6.4814971923828097e+01
   2.6430000000000001e+02   2.2212247848510700e+01
   2.7300000000000000e+02   3.0065320968627901e+01
   2.7319999999999999e+02   1.1543970108032200e+01
   2.7480000000000001e+02   2.1958683013916001e+01
   2.7489999999999998e+02   1.4613591003418000e+02
   2.7500000000000000e+02   6.8511535644531307e+01
   2.7519999999999999e+02   5.4504203796386701e+00
   2.7610000000000002e+02   1.2459367752075201e+01
   2.7710000000000002e+02   6.9545158386230497e+01
   2.8219999999999999e+02   1.2338387489318800e+01
   2.9619999999999999e+02   1.8184898376464801e+01
   2.9800000000000000e+02   2.0818313598632801e+02
   2.9810000000000002e+02   9.2470199584960895e+01
   2.9880000000000001e+02   1.2329289436340300e+01
   2.9900000000000000e+02   4.1311203002929702e+01
   2.9919999999999999e+02   1.1835389137268100e+01
   2.9980000000000001e+02   2.1332551956176800e+01
   3.0010000000000002e+02   7.3886703491210895e+01
   3.0010000000000002e+02   5.5278404235839801e+01
   3.0200000000000000e+02   1.6009603500366200e+01
   3.0700000000000000e+02   2.7260768890380898e+01
   3.0710000000000002e+02   5.8170612335205099e+01
   3.0719999999999999e+02   1.8456590652465799e+01
   3.0880000000000001e+02   2.7327527999877901e+01
   3.0910000000000002e+02   4.2459388732910199e+01
   3.1000000000000000e+02   2.6514728546142599e+01
   3.1010000000000002e+02   5.6647556304931598e+01
   3.1089999999999998e+02   1.6085380554199201e+01
   3.1319999999999999e+02   3.0899021148681602e+01
   3.2480000000000001e+02   1.5991559982299799e+01
   3.2489999999999998e+02   2.7332939147949201e+01
   3.2510000000000002e+02   2.0659099578857401e+01
   3.2689999999999998e+02   1.4166721343994100e+01
   3.2700000000000000e+02   9.0717559814453097e+01
   3.2710000000000002e+02   1.5254995346069300e+01
   3.2730000000000001e+02   1.6226137161254901e+01
   3.2889999999999998e+02   1.6282594680786101e+01
   3.2900000000000000e+02   2.9482328414916999e+01
   3.2919999999999999e+02   1.5393057823181200e+01
   3.4100000000000000e+02   1.3568254470825201e+01
   3.4119999999999999e+02   1.3341489791870099e+01
   3.4200000000000000e+02   4.2802650451660199e+01
   3.4210000000000002e+02   1.1780570983886700e+02
   3.4230000000000001e+02   2.3538364410400401e+01
   3.4300000000000000e+02   2.9242704391479499e+01
   3.4339999999999998e+02   1.2219710350036600e+01
   3.4410000000000002e+02   2.9652408599853501e+01
   3.4430000000000001e+02   4.8996780395507798e+01
