   4.0100000000000001e+01   5.1072898864746101e+01
   4.0200000000000003e+01   1.1684858322143601e+01
   4.1000000000000000e+01   2.6611281738281300e+03
   4.2000000000000000e+01   6.1531738281250000e+03
   4.2200000000000003e+01   1.0203914642334000e+02
   4.3000000000000000e+01   9.1355383300781295e+02
   4.3100000000000001e+01   1.8360567092895501e+01
   4.4000000000000000e+01   2.3937009277343800e+03
   4.4899999999999999e+01   2.8224567413330099e+01
   4.5100000000000001e+01   1.5733530998230000e+01
   4.9899999999999999e+01   9.7932693481445298e+01
   5.0000000000000000e+01   2.5719659423828102e+02
   5.1000000000000000e+01   1.4065225830078100e+03
   5.1899999999999999e+01   3.5379138946533203e+01
   5.2000000000000000e+01   3.4167248535156301e+02
   5.3000000000000000e+01   3.5147702026367199e+02
   5.3100000000000001e+01   1.7020745849609401e+02
   5.4000000000000000e+01   3.0741665649414102e+02
   5.4100000000000001e+01   1.4036680603027301e+02
   5.5000000000000000e+01   1.4632376708984400e+03
   5.5799999999999997e+01   1.1614984512329100e+01
   5.6000000000000000e+01   9.0979803466796898e+02
   5.6200000000000003e+01   1.2465511322021500e+02
   5.7000000000000000e+01   9.7747451171875000e+03
   5.7899999999999999e+01   3.4051288604736300e+01
   5.8000000000000000e+01   9.4664965820312500e+02
   5.8100000000000001e+01   7.8697441101074205e+01
   5.8899999999999999e+01   6.3497459411621101e+01
   5.9000000000000000e+01   1.0253529357910200e+02
   5.9200000000000003e+01   1.0043118476867701e+01
   6.1000000000000000e+01   1.1611828804016101e+01
   6.1799999999999997e+01   3.7668205261230497e+01
   6.1899999999999999e+01   5.8363540649414098e+01
   6.2100000000000001e+01   2.8718250274658200e+01
   6.2899999999999999e+01   1.1150730133056599e+02
   6.3000000000000000e+01   4.8732321166992199e+02
   6.3100000000000001e+01   1.1809207153320300e+02
   6.3899999999999999e+01   3.8347057342529297e+01
   6.4000000000000000e+01   3.0357235717773398e+02
   6.4099999999999994e+01   1.5163379669189499e+01
   6.5000000000000000e+01   2.6837189941406300e+03
   6.5900000000000006e+01   2.2353631591796901e+02
   6.6099999999999994e+01   3.5743954467773398e+02
   6.7000000000000000e+01   3.2709646606445301e+02
   6.7099999999999994e+01   5.2842749023437500e+02
   6.7900000000000006e+01   5.2897720336914098e+01
   6.8000000000000000e+01   1.0683155517578100e+03
   6.8099999999999994e+01   1.7665583801269500e+02
   6.8900000000000006e+01   3.4068168640136697e+01
   6.9000000000000000e+01   1.1492727050781300e+03
   6.9099999999999994e+01   5.9899703979492202e+01
   6.9900000000000006e+01   1.1616974830627401e+01
   7.0000000000000000e+01   5.8772778320312500e+02
   7.0099999999999994e+01   7.1477020263671898e+02
   7.0900000000000006e+01   1.7030902099609401e+02
   7.1000000000000000e+01   9.9090461730957003e+01
   7.1200000000000003e+01   3.0268074035644499e+01
   7.1900000000000006e+01   2.2871395111083999e+01
   7.2000000000000000e+01   1.1213655471801800e+01
   7.3000000000000000e+01   2.3807394027710000e+01
   7.3799999999999997e+01   5.1661952972412102e+01
   7.3900000000000006e+01   2.6188106536865199e+01
   7.4000000000000000e+01   5.0179183959960902e+01
   7.4200000000000003e+01   2.9546154022216800e+01
   7.4799999999999997e+01   4.0238758087158203e+01
   7.4900000000000006e+01   1.4234002685546901e+02
   7.5099999999999994e+01   2.2080204010009801e+01
   7.5900000000000006e+01   1.9514567565918000e+02
   7.6000000000000000e+01   1.8472978210449199e+02
   7.6099999999999994e+01   3.9159786224365199e+01
   7.6900000000000006e+01   1.5526699829101599e+02
   7.7000000000000000e+01   8.0572968750000000e+03
   7.8000000000000000e+01   1.9738171386718800e+03
   7.9000000000000000e+01   2.6909636230468800e+03
   7.9799999999999997e+01   1.2975607872009300e+01
   8.0000000000000000e+01   4.0115994262695301e+02
   8.0099999999999994e+01   1.7939091491699199e+02
   8.1000000000000000e+01   4.4879043579101602e+02
   8.1099999999999994e+01   4.2506619262695301e+02
   8.2000000000000000e+01   9.3259124755859398e+02
   8.2099999999999994e+01   1.1793379211425800e+02
   8.3000000000000000e+01   1.9096752929687500e+02
   8.3099999999999994e+01   1.8651091003418000e+02
   8.4000000000000000e+01   7.5110095214843795e+02
   8.4099999999999994e+01   8.1854711914062500e+02
   8.5000000000000000e+01   3.1112024307251001e+01
   8.5000000000000000e+01   8.6293075561523395e+01
   8.5200000000000003e+01   1.4927758216857899e+01
   8.6099999999999994e+01   1.0543444633483899e+01
   8.8200000000000003e+01   1.4588790893554700e+01
   8.8900000000000006e+01   1.9652786254882801e+02
   8.9000000000000000e+01   3.8705917358398398e+02
   9.0000000000000000e+01   1.1825564575195300e+02
   9.0099999999999994e+01   2.8503506469726602e+02
   9.1000000000000000e+01   1.0636351562500000e+04
   9.2000000000000000e+01   1.5872485351562500e+03
   9.3000000000000000e+01   3.3291708984375000e+03
   9.4000000000000000e+01   1.0316147460937500e+03
   9.4099999999999994e+01   3.7644525146484398e+02
   9.4200000000000003e+01   3.0231382369995099e+01
   9.4900000000000006e+01   2.1601364135742199e+02
   9.5099999999999994e+01   1.1270249938964800e+02
   9.5900000000000006e+01   8.0360206604003906e+01
   9.6099999999999994e+01   1.0376828613281300e+03
   9.6200000000000003e+01   2.6522825241088899e+01
   9.7000000000000000e+01   1.9954690551757801e+02
   9.8000000000000000e+01   1.8579733276367199e+02
   9.8099999999999994e+01   1.4132186889648401e+02
   9.8299999999999997e+01   1.0158000946044901e+01
   9.9099999999999994e+01   1.2826547622680700e+01
   1.0080000000000000e+02   3.1924869537353501e+01
   1.0120000000000000e+02   1.2289392471313500e+01
   1.0180000000000000e+02   3.0272176742553700e+01
   1.0200000000000000e+02   1.1526166534423800e+02
   1.0209999999999999e+02   1.9554743957519500e+02
   1.0300000000000000e+02   2.1902460937500000e+03
   1.0309999999999999e+02   6.2866186523437500e+02
   1.0400000000000000e+02   3.9539777832031300e+03
   1.0509999999999999e+02   9.1352099609375000e+03
   1.0609999999999999e+02   1.7855384521484400e+03
   1.0690000000000001e+02   9.0238372802734403e+01
   1.0709999999999999e+02   1.4031303405761699e+02
   1.0720000000000000e+02   8.7506004333496094e+01
   1.0800000000000000e+02   7.2587878417968795e+02
   1.0820000000000000e+02   2.3723888397216800e+01
   1.0900000000000000e+02   4.8314712524414102e+02
   1.0920000000000000e+02   1.1107252502441401e+02
   1.1009999999999999e+02   4.1605229492187500e+03
   1.1100000000000000e+02   2.1393560791015599e+02
   1.1100000000000000e+02   1.9298908996582000e+02
   1.1190000000000001e+02   1.4306168556213400e+01
   1.1200000000000000e+02   2.4399929809570301e+02
   1.1220000000000000e+02   1.0050517272949200e+02
   1.1480000000000000e+02   6.2861007690429702e+01
   1.1500000000000000e+02   3.5711184692382801e+02
   1.1509999999999999e+02   8.9939804077148395e+01
   1.1520000000000000e+02   1.0494076728820801e+01
   1.1590000000000001e+02   2.5469165802001999e+01
   1.1600000000000000e+02   2.2839265441894500e+02
   1.1620000000000000e+02   4.5224681854247997e+01
   1.1700000000000000e+02   1.6876495361328100e+03
   1.1780000000000000e+02   4.7050449371337898e+01
   1.1800000000000000e+02   3.7613488769531301e+02
   1.1809999999999999e+02   2.6987280273437500e+03
   1.1900000000000000e+02   1.2012204589843800e+03
   1.1990000000000001e+02   1.1316483306884800e+02
   1.2000000000000000e+02   3.8223614501953102e+02
   1.2020000000000000e+02   1.0835803222656300e+02
   1.2100000000000000e+02   9.2521133422851605e+01
   1.2120000000000000e+02   2.9650814056396499e+01
   1.2209999999999999e+02   1.2342723846435501e+01
   1.2509999999999999e+02   1.1516762733459499e+01
   1.2590000000000001e+02   1.5697053909301800e+01
   1.2700000000000000e+02   1.0373204231262200e+01
   1.2790000000000001e+02   8.0827445983886705e+01
   1.2809999999999999e+02   1.1965017700195300e+02
   1.2819999999999999e+02   1.6457359313964801e+01
   1.2890000000000001e+02   8.0782867431640597e+01
   1.2900000000000000e+02   8.2397422790527301e+01
   1.2919999999999999e+02   3.2297977447509801e+01
   1.2990000000000001e+02   3.6221939086914098e+01
   1.3009999999999999e+02   3.2177241210937500e+03
   1.3090000000000001e+02   8.5358039855957003e+01
   1.3109999999999999e+02   1.9779581298828100e+03
   1.3209999999999999e+02   5.6627900390625000e+03
   1.3290000000000001e+02   8.9597099304199205e+01
   1.3309999999999999e+02   1.0577794189453100e+03
   1.3390000000000001e+02   1.2654776763916000e+02
   1.3400000000000000e+02   3.1103552246093801e+02
   1.3409999999999999e+02   2.3600682067871099e+02
   1.3500000000000000e+02   3.5052669525146499e+01
   1.3700000000000000e+02   8.1512657165527301e+01
   1.4090000000000001e+02   4.1475124359130902e+01
   1.4300000000000000e+02   1.6635942077636699e+02
   1.4309999999999999e+02   7.8863121032714801e+01
   1.4409999999999999e+02   1.5633602294921900e+03
   1.4500000000000000e+02   1.2581559753418000e+02
   1.4509999999999999e+02   9.5856329345703102e+02
   1.4590000000000001e+02   2.2505769729614300e+01
   1.4609999999999999e+02   1.4356733398437500e+03
   1.4700000000000000e+02   1.2573847961425800e+02
   1.4719999999999999e+02   6.2203964233398402e+01
   1.4790000000000001e+02   1.3546554565429700e+01
   1.4800000000000000e+02   1.8873056030273401e+02
   1.4809999999999999e+02   1.7701319885253901e+02
   1.4890000000000001e+02   1.0016873168945300e+02
   1.4900000000000000e+02   3.5908215332031301e+02
   1.5000000000000000e+02   7.5524993896484403e+01
   1.5009999999999999e+02   1.0253152465820300e+02
   1.5290000000000001e+02   7.6524795532226605e+01
   1.5300000000000000e+02   1.2558967590332000e+02
   1.5319999999999999e+02   9.2871696472167997e+01
   1.5500000000000000e+02   2.3416456222534201e+01
   1.5600000000000000e+02   1.1132060241699200e+02
   1.5609999999999999e+02   4.8176715850830099e+01
   1.5680000000000001e+02   1.9178953170776399e+01
   1.5690000000000001e+02   4.5180942535400398e+01
   1.5700000000000000e+02   8.4089981079101605e+01
   1.5709999999999999e+02   1.3039962768554700e+01
   1.5800000000000000e+02   3.2331610107421898e+02
   1.5809999999999999e+02   3.2489633178710898e+02
   1.5890000000000001e+02   3.8291110992431601e+00
   1.5900000000000000e+02   9.6366320800781295e+02
   1.5919999999999999e+02   7.6888038635253906e+01
   1.6009999999999999e+02   1.4882870117187500e+04
   1.6090000000000001e+02   2.7572814941406300e+01
   1.6100000000000000e+02   1.7804856872558599e+02
   1.6109999999999999e+02   1.7645181884765600e+03
   1.6200000000000000e+02   1.7524571228027301e+02
   1.6209999999999999e+02   8.4752243041992202e+01
   1.6509999999999999e+02   1.5061632156372101e+01
   1.6780000000000001e+02   1.0808207511901900e+01
   1.6800000000000000e+02   1.4829605102539100e+01
   1.6890000000000001e+02   1.4045189857482899e+01
   1.6990000000000001e+02   1.1587741851806600e+01
   1.7000000000000000e+02   2.1247088623046901e+02
   1.7019999999999999e+02   2.4297515869140600e+01
   1.7100000000000000e+02   1.7746698379516602e+01
   1.7109999999999999e+02   2.1900575637817401e+01
   1.7119999999999999e+02   2.4242364883422901e+01
   1.7180000000000001e+02   2.0743059158325199e+01
   1.7200000000000000e+02   5.6057044982910199e+01
   1.7209999999999999e+02   1.4260063476562500e+03
   1.7300000000000000e+02   1.5487210083007801e+02
   1.7309999999999999e+02   2.1473519897460901e+02
   1.7330000000000001e+02   2.3004100799560501e+01
   1.7390000000000001e+02   4.0076435089111300e+01
   1.7409999999999999e+02   8.8584472656250000e+02
   1.7490000000000001e+02   4.7352504730224602e+01
   1.7509999999999999e+02   9.6193901062011705e+01
   1.7519999999999999e+02   3.3785713195800803e+01
   1.8209999999999999e+02   2.1507791519165000e+01
   1.8380000000000001e+02   2.4095743179321300e+01
   1.8390000000000001e+02   4.0102352142333999e+01
   1.8409999999999999e+02   1.9423373413085901e+02
   1.8500000000000000e+02   2.6920244216918899e+01
   1.8600000000000000e+02   1.3552474975585901e+02
   1.8609999999999999e+02   1.3569911193847699e+02
   1.8700000000000000e+02   8.9015083312988295e+01
   1.8709999999999999e+02   1.6389692687988301e+02
   1.8719999999999999e+02   2.1445417404174801e+01
   1.8800000000000000e+02   3.2011928558349602e+01
   1.8900000000000000e+02   2.1305912017822301e+01
   1.9590000000000001e+02   2.2344150543212901e+01
   1.9609999999999999e+02   2.0993494033813501e+01
   1.9709999999999999e+02   2.1579837799072301e+01
   1.9800000000000000e+02   1.3403868103027301e+02
   1.9809999999999999e+02   6.1047894287109398e+02
   1.9890000000000001e+02   1.5762116432189901e+01
   1.9909999999999999e+02   3.1004510498046898e+02
   1.9919999999999999e+02   1.9104466247558599e+02
   1.9980000000000001e+02   1.4658940315246600e+01
   2.0000000000000000e+02   9.4488922119140597e+01
   2.0009999999999999e+02   5.9581768798828102e+02
   2.0019999999999999e+02   2.8048150634765602e+02
   2.0109999999999999e+02   3.6824493408203102e+02
   2.0119999999999999e+02   4.5529177856445301e+02
   2.0190000000000001e+02   2.3339763641357401e+01
   2.0200000000000000e+02   1.2126162719726599e+02
   2.0209999999999999e+02   1.1711727294921900e+03
   2.0230000000000001e+02   5.5443965911865199e+01
   2.0309999999999999e+02   8.9275322265625000e+03
   2.0390000000000001e+02   3.9019142150878899e+01
   2.0400000000000000e+02   1.0321393585205099e+02
   2.0409999999999999e+02   1.2195709228515600e+03
   2.0490000000000001e+02   1.5574057579040501e+01
   2.0500000000000000e+02   3.1184000015258800e+01
   2.0519999999999999e+02   2.8654846191406300e+01
   2.0690000000000001e+02   1.1151753425598100e+01
   2.1100000000000000e+02   1.6304319381713899e+01
   2.1400000000000000e+02   3.7137096405029297e+01
   2.1409999999999999e+02   1.2946917533874499e+01
   2.1419999999999999e+02   1.5109210014343301e+01
   2.1469999999999999e+02   2.1778827667236300e+01
   2.1480000000000001e+02   3.7891258239746101e+01
   2.1500000000000000e+02   6.2946678161621101e+01
   2.1509999999999999e+02   7.4381416320800795e+01
   2.1609999999999999e+02   7.1804428710937500e+03
   2.1709999999999999e+02   1.0646511230468800e+03
   2.1719999999999999e+02   7.4923316955566406e+01
   2.1800000000000000e+02   1.2306244659423800e+02
   2.1890000000000001e+02   6.3509626388549796e+00
   2.1900000000000000e+02   1.0839945793151900e+01
   2.3000000000000000e+02   1.0447006225585900e+01
   2.3009999999999999e+02   2.9948938369751001e+01
   2.3280000000000001e+02   2.5123176574706999e+01
   2.3300000000000000e+02   1.6149742126464801e+01
   2.3719999999999999e+02   1.0160968780517599e+01
   2.4100000000000000e+02   1.0408061981201200e+01
   2.4109999999999999e+02   6.3995441436767599e+01
   2.5610000000000002e+02   1.4187745094299300e+01
   2.5700000000000000e+02   1.1828111267089800e+02
   2.5719999999999999e+02   7.2553222656250000e+01
   2.5739999999999998e+02   1.8629781723022500e+01
   2.5769999999999999e+02   1.4542482376098601e+01
   2.5800000000000000e+02   2.3831899642944300e+01
   2.5819999999999999e+02   1.1795014953613300e+02
   2.5919999999999999e+02   2.8273761718750000e+04
   2.6019999999999999e+02   5.3229589843750000e+03
   2.6089999999999998e+02   2.0856815338134801e+01
   2.6110000000000002e+02   2.3666410827636699e+02
   2.6119999999999999e+02   3.8049902343750000e+02
   2.9289999999999998e+02   1.1616417884826699e+01
   2.9300000000000000e+02   4.9392642974853501e+01
   2.9310000000000002e+02   1.3126904487609901e+01
   2.9330000000000001e+02   1.1920794486999499e+01
   3.4810000000000002e+02   1.1484074592590300e+01
   3.4819999999999999e+02   1.1977675437927200e+01
   3.4830000000000001e+02   3.1141307830810501e+01
   3.5139999999999998e+02   1.3308381080627401e+01
