   4.0100000000000001e+01   3.1750640869140602e+02
   4.0299999999999997e+01   1.0453186988830600e+01
   4.1100000000000001e+01   9.9465351562500000e+03
   4.2000000000000000e+01   6.7081113281250000e+03
   4.3000000000000000e+01   1.6571498107910199e+02
   4.3000000000000000e+01   9.0796063232421898e+02
   4.3899999999999999e+01   1.9289283752441400e+00
   4.4000000000000000e+01   1.9109643554687500e+03
   4.5000000000000000e+01   1.1224819183349600e+01
   4.5200000000000003e+01   1.1347381591796900e+01
   4.9899999999999999e+01   1.8999656677246099e+02
   5.0000000000000000e+01   1.4422789001464801e+02
   5.0100000000000001e+01   1.7007057189941399e+01
   5.0899999999999999e+01   3.2552040100097699e+01
   5.1000000000000000e+01   1.1924921875000000e+03
   5.2000000000000000e+01   2.3599212646484401e+02
   5.2000000000000000e+01   1.5004025268554699e+02
   5.2200000000000003e+01   2.8084115982055700e+01
   5.2899999999999999e+01   2.0105102539062500e+01
   5.3000000000000000e+01   4.1279321289062500e+02
   5.3100000000000001e+01   1.2705665588378901e+02
   5.3899999999999999e+01   1.0081160545349100e+01
   5.4000000000000000e+01   5.3627593994140602e+02
   5.4100000000000001e+01   4.3983856201171903e+01
   5.5000000000000000e+01   1.4763452148437500e+03
   5.5899999999999999e+01   3.5603302001953097e+01
   5.6000000000000000e+01   4.4599609375000000e+02
   5.6100000000000001e+01   5.5780346679687500e+02
   5.7000000000000000e+01   6.7249829101562500e+02
   5.7200000000000003e+01   3.8197219848632798e+01
   5.8000000000000000e+01   4.1681186676025398e+01
   5.8100000000000001e+01   4.6798141479492202e+01
   5.8799999999999997e+01   2.0036499023437500e+01
   5.9000000000000000e+01   6.7442253112792997e+01
   6.1799999999999997e+01   1.4235538482666000e+01
   6.2000000000000000e+01   5.4931179046630902e+01
   6.2100000000000001e+01   4.8620109558105497e+01
   6.2899999999999999e+01   3.7849418640136697e+01
   6.3000000000000000e+01   5.8782031250000000e+02
   6.3200000000000003e+01   1.0442504882812500e+01
   6.3899999999999999e+01   1.6287106323242199e+02
   6.4000000000000000e+01   2.5693328857421898e+02
   6.4900000000000006e+01   4.4055534362792997e+01
   6.5000000000000000e+01   2.8134094238281300e+03
   6.6000000000000000e+01   4.6130694580078102e+02
   6.6200000000000003e+01   4.8888996124267599e+01
   6.6900000000000006e+01   8.8142059326171903e+01
   6.7000000000000000e+01   8.8005407714843795e+02
   6.7099999999999994e+01   1.2932968139648401e+02
   6.8000000000000000e+01   5.3115753173828102e+02
   6.8099999999999994e+01   1.2428344726562500e+03
   6.9000000000000000e+01   1.9969644531250000e+04
   6.9900000000000006e+01   2.3871683120727500e+01
   7.0099999999999994e+01   2.6935234375000000e+03
   7.1000000000000000e+01   1.8959864807128901e+02
   7.1099999999999994e+01   8.2704910278320298e+01
   7.3000000000000000e+01   3.6624000549316399e+01
   7.4000000000000000e+01   9.3469787597656307e+01
   7.4700000000000003e+01   9.7509498596191406e+00
   7.4900000000000006e+01   2.1583318710327099e+01
   7.5000000000000000e+01   1.0133355712890599e+02
   7.5099999999999994e+01   3.3881748199462898e+01
   7.5900000000000006e+01   1.2803567504882801e+02
   7.6099999999999994e+01   1.8517384338378901e+02
   7.6299999999999997e+01   2.2252744674682599e+01
   7.7000000000000000e+01   7.9743676757812500e+03
   7.7900000000000006e+01   1.0930290222168000e+00
   7.8000000000000000e+01   1.4183208007812500e+03
   7.8099999999999994e+01   3.1854571533203102e+02
   7.8900000000000006e+01   4.4369003295898402e+01
   7.9000000000000000e+01   1.2400222167968800e+03
   7.9099999999999994e+01   1.2174447021484400e+03
   7.9900000000000006e+01   4.3504859924316399e+01
   8.0000000000000000e+01   4.4627429199218801e+02
   8.0099999999999994e+01   1.9994566345214801e+02
   8.0900000000000006e+01   1.2269306945800800e+02
   8.1000000000000000e+01   1.8589762878418000e+02
   8.1200000000000003e+01   1.5514991760253899e+01
   8.2000000000000000e+01   7.8543359375000000e+02
   8.2099999999999994e+01   4.6367449951171898e+02
   8.3000000000000000e+01   7.0985733032226605e+01
   8.3099999999999994e+01   2.2578132629394500e+02
   8.3900000000000006e+01   1.0863388824462901e+02
   8.4000000000000000e+01   3.1848480224609398e+02
   8.4099999999999994e+01   7.1377395629882798e+01
   8.5000000000000000e+01   1.0286280632019000e+01
   8.5099999999999994e+01   1.0537998199462900e+01
   8.9000000000000000e+01   4.0679815673828102e+02
   8.9099999999999994e+01   2.7334475708007801e+02
   8.9900000000000006e+01   3.8422164916992202e+01
   9.0000000000000000e+01   4.2321603393554699e+02
   9.0099999999999994e+01   1.9399797058105500e+02
   9.1000000000000000e+01   1.1153766601562500e+04
   9.1900000000000006e+01   1.5518896102905300e+01
   9.2000000000000000e+01   5.5860168457031295e+02
   9.2099999999999994e+01   8.2138769531250000e+02
   9.3000000000000000e+01   2.5042827148437500e+03
   9.3900000000000006e+01   2.7614770507812500e+02
   9.4099999999999994e+01   1.1475410156250000e+03
   9.5000000000000000e+01   5.8068951416015602e+02
   9.5200000000000003e+01   3.1524295043945301e+02
   9.6099999999999994e+01   5.5320200195312500e+03
   9.6900000000000006e+01   6.0929618835449197e+01
   9.7000000000000000e+01   7.5363671875000000e+02
   9.7200000000000003e+01   2.3862434387206999e+01
   9.7900000000000006e+01   7.3725097656250000e+01
   9.8000000000000000e+01   2.6306481933593801e+02
   9.8299999999999997e+01   3.9370399475097699e+01
   1.0020000000000000e+02   9.5939807891845703e+00
   1.0090000000000001e+02   1.0413513183593800e+01
   1.0109999999999999e+02   1.3972095489501999e+01
   1.0200000000000000e+02   2.1119442749023401e+02
   1.0209999999999999e+02   8.9145401000976605e+01
   1.0309999999999999e+02   2.7920234375000000e+03
   1.0400000000000000e+02   3.8010444335937500e+03
   1.0509999999999999e+02   9.1606435546875000e+03
   1.0600000000000000e+02   1.1290963134765600e+03
   1.0609999999999999e+02   4.1232678222656301e+02
   1.0690000000000001e+02   5.5894676208496101e+01
   1.0700000000000000e+02   6.3874252319335902e+01
   1.0709999999999999e+02   1.7121833801269499e+01
   1.0780000000000000e+02   1.1394069671630900e+01
   1.0800000000000000e+02   1.3684050559997599e+01
   1.0809999999999999e+02   4.6901679992675803e+01
   1.0900000000000000e+02   6.0690013885497997e+01
   1.1000000000000000e+02   1.0676484107971200e+01
   1.1020000000000000e+02   9.8717622756958008e+00
   1.1109999999999999e+02   1.0929026603698700e+01
   1.1190000000000001e+02   1.2650892257690399e+01
   1.1200000000000000e+02   5.1810691833496101e+01
   1.1480000000000000e+02   1.5330679893493700e+01
   1.1490000000000001e+02   2.7675097656250000e+02
   1.1500000000000000e+02   3.2455493164062500e+02
   1.1580000000000000e+02   2.4047620773315401e+01
   1.1590000000000001e+02   9.9397338867187500e+01
   1.1600000000000000e+02   1.9492608642578099e+02
   1.1620000000000000e+02   1.6959106445312500e+01
   1.1700000000000000e+02   1.5632966308593800e+03
   1.1709999999999999e+02   1.7452540588378901e+02
   1.1800000000000000e+02   2.9081064453125000e+03
   1.1900000000000000e+02   2.9327383422851602e+02
   1.1900000000000000e+02   6.7847576904296898e+02
   1.2000000000000000e+02   2.5397837829589801e+02
   1.2009999999999999e+02   2.7983532714843801e+02
   1.2100000000000000e+02   1.2514830589294400e+01
   1.2720000000000000e+02   2.5309226989746101e+01
   1.2790000000000001e+02   6.4112762451171903e+01
   1.2800000000000000e+02   1.5314730834960901e+02
   1.2880000000000001e+02   1.7197357177734400e+01
   1.2909999999999999e+02   1.2848297119140599e+02
   1.2919999999999999e+02   6.5716171264648395e+01
   1.2919999999999999e+02   4.7716583251953097e+01
   1.3000000000000000e+02   4.3842568359375000e+03
   1.3100000000000000e+02   2.3642753906250000e+03
   1.3209999999999999e+02   4.3624526367187500e+03
   1.3300000000000000e+02   7.5955017089843795e+02
   1.3390000000000001e+02   1.2629633331298800e+02
   1.3400000000000000e+02   2.5538638305664099e+02
   1.3509999999999999e+02   1.5486774444580099e+01
   1.3690000000000001e+02   5.6018554687500000e+01
   1.3709999999999999e+02   4.5551174163818402e+01
   1.3790000000000001e+02   1.1998883247375501e+01
   1.3890000000000001e+02   5.2066055297851598e+01
   1.3900000000000000e+02   1.0236157989502000e+02
   1.4100000000000000e+02   1.1441863059997599e+01
   1.4180000000000001e+02   1.0270631790161101e+01
   1.4200000000000000e+02   5.6848777770996101e+01
   1.4280000000000001e+02   5.7054794311523402e+01
   1.4300000000000000e+02   1.4840139770507801e+02
   1.4309999999999999e+02   3.3794433593750000e+01
   1.4400000000000000e+02   1.4115969848632801e+02
   1.4409999999999999e+02   8.9422802734375000e+02
   1.4500000000000000e+02   3.3761843872070301e+02
   1.4519999999999999e+02   3.9515090942382801e+02
   1.4609999999999999e+02   1.4900907226562500e+04
   1.4709999999999999e+02   1.8102276611328100e+03
   1.4800000000000000e+02   1.0316889953613300e+02
   1.4809999999999999e+02   1.9757426452636699e+02
   1.4880000000000001e+02   2.2198978424072301e+01
   1.4909999999999999e+02   1.0747666358947800e+01
   1.5290000000000001e+02   9.5983629226684606e+00
   1.5500000000000000e+02   1.6171005249023398e+01
   1.5580000000000001e+02   4.3471759796142599e+01
   1.5609999999999999e+02   1.3914257812500000e+02
   1.5700000000000000e+02   1.4090202331543000e+02
   1.5709999999999999e+02   6.6411651611328097e+01
   1.5730000000000001e+02   1.2262389183044400e+01
   1.5790000000000001e+02   5.5928287506103501e+01
   1.5809999999999999e+02   1.3165412597656300e+03
   1.5890000000000001e+02   1.5467480659484901e+01
   1.5900000000000000e+02   6.1679620361328102e+02
   1.5919999999999999e+02   4.7060981750488303e+01
   1.5980000000000001e+02   1.5395142555236800e+01
   1.6000000000000000e+02   2.7183410644531301e+02
   1.6009999999999999e+02   6.9017340087890602e+02
   1.6100000000000000e+02   1.9546449279785199e+02
   1.6109999999999999e+02   3.8505929565429699e+02
   1.6119999999999999e+02   3.4955001831054702e+01
   1.6190000000000001e+02   2.9842853546142599e+01
   1.6209999999999999e+02   6.4670387268066406e+01
   1.6219999999999999e+02   2.0420452117919901e+01
   1.6700000000000000e+02   1.0214107513427701e+01
   1.6790000000000001e+02   1.0201903343200700e+01
   1.6900000000000000e+02   2.0317638397216800e+01
   1.6990000000000001e+02   3.7731643676757798e+01
   1.7009999999999999e+02   4.8518314361572301e+01
   1.7090000000000001e+02   4.3891098022460902e+01
   1.7180000000000001e+02   3.6937877655029297e+01
   1.7200000000000000e+02   1.4840148925781301e+02
   1.7209999999999999e+02   3.9114627838134801e+01
   1.7269999999999999e+02   1.4128669738769499e+01
   1.7300000000000000e+02   1.0400399780273401e+02
   1.7309999999999999e+02   1.0319587707519500e+02
   1.7319999999999999e+02   7.3667526245117202e+01
   1.7400000000000000e+02   1.1879703521728500e+01
   1.7409999999999999e+02   2.1547931671142599e+01
   1.8190000000000001e+02   1.7672012329101602e+01
   1.8200000000000000e+02   3.8627258300781300e+01
   1.8400000000000000e+02   2.4340646362304699e+02
   1.8409999999999999e+02   3.7216018676757801e+02
   1.8419999999999999e+02   1.8434194564819300e+01
   1.8509999999999999e+02   3.8969644165039102e+02
   1.8519999999999999e+02   6.4067108154296903e+01
   1.8590000000000001e+02   2.6892354965210000e+01
   1.8600000000000000e+02   4.4983447265625000e+02
   1.8609999999999999e+02   7.3095697021484398e+02
   1.8690000000000001e+02   5.0936569213867202e+01
   1.8700000000000000e+02   1.5124948120117199e+02
   1.8709999999999999e+02   9.0302984619140602e+02
   1.8800000000000000e+02   6.4671463012695298e+01
   1.8809999999999999e+02   1.6844675292968800e+03
   1.8909999999999999e+02   1.4887057617187500e+04
   1.9009999999999999e+02   2.1681159667968800e+03
   1.9100000000000000e+02   1.1615596771240200e+02
   1.9119999999999999e+02   6.4908813476562500e+01
   1.9290000000000001e+02   1.0950407028198200e+01
   1.9790000000000001e+02   1.0010797500610400e+01
   1.9900000000000000e+02   9.7387361526489293e+00
   1.9990000000000001e+02   3.6238281250000000e+01
   2.1080000000000001e+02   1.8389841079711900e+01
   2.1100000000000000e+02   3.1957887649536101e+01
   2.1109999999999999e+02   1.1177570343017599e+01
   2.1200000000000000e+02   9.5907983779907209e+00
   2.1300000000000000e+02   1.0135144233703601e+01
   2.1409999999999999e+02   2.8397534179687500e+03
   2.1419999999999999e+02   7.2495941162109403e+01
   2.1509999999999999e+02   6.6624176025390602e+02
   2.1590000000000001e+02   4.0325477600097699e+01
   2.2800000000000000e+02   9.1576805114746094e+01
   2.2809999999999999e+02   1.6253387451171900e+01
   2.2890000000000001e+02   1.1265568733215300e+01
   2.2900000000000000e+02   7.8443939208984403e+01
   2.3280000000000001e+02   1.0168636322021500e+01
   2.3300000000000000e+02   4.4640417098998997e+00
   2.3700000000000000e+02   2.4179996490478501e+01
   2.5369999999999999e+02   1.6149045944213899e+01
   2.5500000000000000e+02   4.4174827575683601e+01
   2.5530000000000001e+02   2.9873106002807599e+01
   2.5559999999999999e+02   3.3497711181640597e+01
   2.5590000000000001e+02   5.3545364379882798e+01
   2.5600000000000000e+02   2.4824846267700199e+01
   2.5619999999999999e+02   9.4703758239746094e+01
   2.5630000000000001e+02   7.8278564453125000e+01
   2.5719999999999999e+02   3.4192261718750000e+04
   2.5819999999999999e+02   6.1128935546875000e+03
   2.5910000000000002e+02   2.3564051818847699e+02
   2.5919999999999999e+02   3.6924832153320301e+02
   2.7900000000000000e+02   2.3557147979736300e+01
   2.7919999999999999e+02   1.3299537658691399e+01
   2.9310000000000002e+02   1.1401024818420399e+01
   3.4589999999999998e+02   2.3674894332885700e+01
   3.4630000000000001e+02   3.3864906311035199e+01
   3.4710000000000002e+02   1.1396133422851600e+01
