   4.0100000000000001e+01   6.4922218322753906e+01
   4.1000000000000000e+01   1.5735961914062500e+03
   4.2000000000000000e+01   7.8306904296875000e+03
   4.3000000000000000e+01   3.2889456176757801e+02
   4.3100000000000001e+01   7.4333868408203102e+02
   4.4000000000000000e+01   2.7213701171875000e+03
   4.4899999999999999e+01   1.2771263122558601e+01
   4.5000000000000000e+01   6.0707513427734398e+02
   4.6000000000000000e+01   3.1181594848632801e+02
   4.8899999999999999e+01   1.2798117637634300e+01
   4.9899999999999999e+01   8.3245605468750000e+01
   5.0100000000000001e+01   1.0378092193603500e+02
   5.0200000000000003e+01   1.4759105682373001e+01
   5.0899999999999999e+01   8.6698234558105497e+01
   5.1000000000000000e+01   2.7155593872070301e+02
   5.1899999999999999e+01   7.4787864685058594e+01
   5.2000000000000000e+01   5.4320835113525398e+01
   5.2899999999999999e+01   2.2232369995117199e+02
   5.3000000000000000e+01   3.9080917358398398e+02
   5.3100000000000001e+01   1.5414747619628901e+02
   5.3899999999999999e+01   4.2821796417236300e+01
   5.4100000000000001e+01   6.7536706542968795e+02
   5.5000000000000000e+01   1.7897983398437500e+03
   5.5200000000000003e+01   5.3149147033691399e+01
   5.6100000000000001e+01   3.8979597167968800e+03
   5.7000000000000000e+01   9.1723028564453102e+02
   5.7100000000000001e+01   3.1022515869140602e+02
   5.8000000000000000e+01   9.0765517578125000e+03
   5.8899999999999999e+01   2.1888708496093801e+02
   5.9100000000000001e+01   1.9946304321289099e+02
   6.0000000000000000e+01   1.7796905517578100e+01
   6.0899999999999999e+01   1.1758601379394500e+02
   6.1000000000000000e+01   6.3366699218750000e+01
   6.1799999999999997e+01   1.1178791046142599e+02
   6.1899999999999999e+01   3.4212997436523398e+02
   6.2000000000000000e+01   1.2969374084472699e+02
   6.3000000000000000e+01   1.4837312011718800e+03
   6.3100000000000001e+01   3.9877983093261697e+01
   6.3899999999999999e+01   5.4983158111572301e+01
   6.4000000000000000e+01   1.0186799621582000e+02
   6.4700000000000003e+01   1.7132957458496101e+01
   6.5000000000000000e+01   1.7957066345214801e+02
   6.5099999999999994e+01   5.8483486175537102e+01
   6.5799999999999997e+01   2.1360755920410199e+01
   6.6000000000000000e+01   1.8240248107910199e+02
   6.6099999999999994e+01   3.4219726562500000e+01
   6.6200000000000003e+01   1.4792616844177200e+01
   6.6400000000000006e+01   1.5453709602356000e+01
   6.6900000000000006e+01   3.6318948364257801e+02
   6.7099999999999994e+01   6.9562341308593795e+02
   6.8099999999999994e+01   2.6552905273437500e+03
   6.8900000000000006e+01   1.1485427856445300e+02
   6.9099999999999994e+01   7.6002307128906295e+02
   6.9200000000000003e+01   3.6808185577392599e+01
   7.0099999999999994e+01   4.7101499023437500e+03
   7.1099999999999994e+01   1.3072443359375000e+04
   7.2000000000000000e+01   1.3447293701171900e+03
   7.2799999999999997e+01   8.9957862854003906e+01
   7.2900000000000006e+01   1.8316384887695301e+02
   7.3000000000000000e+01   6.5188507080078102e+02
   7.3799999999999997e+01   2.3846754074096701e+01
   7.4000000000000000e+01   2.4289596557617199e+02
   7.4900000000000006e+01   4.1051690673828102e+02
   7.5099999999999994e+01   1.3439212036132801e+02
   7.5900000000000006e+01   5.8851158142089801e+01
   7.7000000000000000e+01   8.4132958984375000e+02
   7.7799999999999997e+01   4.8078865051269503e+01
   7.7900000000000006e+01   6.4253440856933594e+01
   7.8099999999999994e+01   1.7006562805175801e+02
   7.8299999999999997e+01   1.5636852264404300e+01
   7.9000000000000000e+01   1.6772132568359400e+03
   7.9900000000000006e+01   7.3939697265625000e+01
   8.0000000000000000e+01   5.5618084716796898e+02
   8.1000000000000000e+01   1.9105369873046900e+03
   8.2099999999999994e+01   3.9952028808593800e+03
   8.3000000000000000e+01   3.5356683349609398e+02
   8.3200000000000003e+01   2.3801022949218800e+03
   8.4099999999999994e+01   5.8927066406250000e+04
   8.5099999999999994e+01   4.8596557617187500e+03
   8.5900000000000006e+01   1.4821261596679699e+02
   8.6099999999999994e+01   3.4235617065429699e+02
   8.6900000000000006e+01   3.2185427856445301e+02
   8.7000000000000000e+01   3.2544610595703102e+02
   8.7200000000000003e+01   2.4009845733642599e+01
   8.7799999999999997e+01   2.6155513763427699e+01
   8.8000000000000000e+01   1.9510154724121099e+02
   8.8099999999999994e+01   1.0415715026855500e+02
   8.9000000000000000e+01   4.3560825195312500e+03
   8.9900000000000006e+01   1.4306735229492199e+02
   9.0000000000000000e+01   3.0357873535156301e+02
   9.0700000000000003e+01   1.1844292640686000e+01
   9.0900000000000006e+01   4.8620990753173800e+01
   9.1000000000000000e+01   6.7946723937988295e+01
   9.2799999999999997e+01   1.1673192977905300e+01
   9.3000000000000000e+01   1.3782810974121099e+02
   9.3200000000000003e+01   1.6404296875000000e+01
   9.4000000000000000e+01   2.5446116638183599e+02
   9.4099999999999994e+01   7.4129650878906295e+02
   9.4799999999999997e+01   3.0615653991699201e+01
   9.5000000000000000e+01   2.4653900146484401e+02
   9.5099999999999994e+01   3.8643334960937500e+02
   9.6099999999999994e+01   1.9386414794921900e+03
   9.7000000000000000e+01   2.9319570312500000e+03
   9.8099999999999994e+01   3.7332050781250000e+03
   9.9000000000000000e+01   1.6393607177734400e+03
   9.9799999999999997e+01   1.4796711921691900e+01
   1.0000000000000000e+02   9.2129928588867202e+01
   1.0009999999999999e+02   1.9373493957519500e+02
   1.0080000000000000e+02   1.7996743774414099e+02
   1.0100000000000000e+02   7.5755058288574205e+01
   1.0109999999999999e+02   3.3511600494384801e+01
   1.0180000000000000e+02   3.2901645660400398e+01
   1.0190000000000001e+02   9.7148834228515597e+01
   1.0300000000000000e+02   1.4590137481689499e+01
   1.0309999999999999e+02   1.6969633102416999e+01
   1.0380000000000000e+02   1.5698340415954601e+01
   1.0390000000000001e+02   1.1815465927124000e+01
   1.0409999999999999e+02   1.4320188522338899e+01
   1.0590000000000001e+02   1.2957653045654300e+01
   1.0609999999999999e+02   2.8298612594604499e+01
   1.0680000000000000e+02   4.8478488922119098e+01
   1.0700000000000000e+02   8.9939529418945298e+01
   1.0800000000000000e+02   3.8457141113281301e+02
   1.0809999999999999e+02   2.9597753906250000e+02
   1.0880000000000000e+02   3.1518497467041001e+01
   1.0900000000000000e+02   5.6800561523437500e+02
   1.0920000000000000e+02   7.6736686706542997e+01
   1.1000000000000000e+02   3.3851145019531300e+03
   1.1009999999999999e+02   2.0816386718750000e+03
   1.1100000000000000e+02   2.0569850158691401e+02
   1.1109999999999999e+02   6.9235205078125000e+02
   1.1209999999999999e+02   2.9402421875000000e+03
   1.1290000000000001e+02   1.5762505531311000e+01
   1.1300000000000000e+02   2.0165559387207000e+02
   1.1309999999999999e+02   1.9166925048828099e+02
   1.1390000000000001e+02   9.1100418090820298e+01
   1.1400000000000000e+02   5.1665885925292997e+01
   1.1420000000000000e+02   2.5639438629150401e+01
   1.1500000000000000e+02   2.5627719879150401e+01
   1.1590000000000001e+02   1.5794228553771999e+01
   1.1609999999999999e+02   1.3987465858459499e+01
   1.1709999999999999e+02   5.1099521636962898e+01
   1.1800000000000000e+02   3.4440185546875000e+01
   1.2000000000000000e+02   1.5299675941467299e+01
   1.2070000000000000e+02   1.4870937347412100e+01
   1.2100000000000000e+02   4.9983249664306598e+01
   1.2200000000000000e+02   1.5735797119140599e+02
   1.2220000000000000e+02   3.3711926269531301e+02
   1.2300000000000000e+02   4.7456523437500000e+03
   1.2400000000000000e+02   6.3559127807617202e+01
   1.2409999999999999e+02   8.4762246093750000e+03
   1.2509999999999999e+02   3.0939527343750000e+04
   1.2609999999999999e+02   4.2606328125000000e+03
   1.2680000000000000e+02   1.2265695571899400e+01
   1.2700000000000000e+02   4.9128433227539102e+02
   1.2709999999999999e+02   5.9447509765625000e+01
   1.2800000000000000e+02   5.1779850006103501e+01
   1.2980000000000001e+02   1.1697813987731900e+01
   1.3000000000000000e+02   1.6991422653198200e+01
   1.3080000000000001e+02   5.5505840301513700e+01
   1.3109999999999999e+02   3.7961906433105497e+01
   1.3119999999999999e+02   3.9338520050048800e+01
   1.3290000000000001e+02   6.7834558105468795e+02
   1.3300000000000000e+02   8.2925743103027301e+01
   1.3400000000000000e+02   1.4719293594360400e+01
   1.3490000000000001e+02   1.8248721313476599e+02
   1.3500000000000000e+02   4.0625158691406301e+02
   1.3600000000000000e+02   7.8255546569824205e+01
   1.3700000000000000e+02   5.0993841552734398e+02
   1.3709999999999999e+02   2.1924610137939499e+01
   1.3790000000000001e+02   1.1267880249023401e+02
   1.3800000000000000e+02   1.3569270324707000e+02
   1.3809999999999999e+02   9.8791580200195298e+01
   1.3890000000000001e+02   7.9823997497558594e+01
   1.3909999999999999e+02   1.4579397583007801e+02
   1.3919999999999999e+02   1.7226832580566401e+02
   1.3990000000000001e+02   1.8008762359619102e+01
   1.4009999999999999e+02   2.4678311157226599e+02
   1.4090000000000001e+02   7.2297332763671903e+01
   1.4109999999999999e+02   5.0626995086669901e+01
   1.4180000000000001e+02   1.4018303871154799e+01
   1.4200000000000000e+02   2.8531856536865199e+01
   1.4590000000000001e+02   4.7662532806396499e+01
   1.4619999999999999e+02   1.1818491935730000e+01
   1.4690000000000001e+02   3.2844791412353501e+01
   1.4709999999999999e+02   5.4920619964599602e+01
   1.4790000000000001e+02   7.2619026184082003e+01
   1.4809999999999999e+02   1.3817414283752401e+01
   1.4880000000000001e+02   1.3886476516723601e+01
   1.4900000000000000e+02   3.5573513031005902e+01
   1.4969999999999999e+02   2.5261859893798800e+01
   1.4990000000000001e+02   5.7903732299804702e+01
   1.5009999999999999e+02   1.2733022689819300e+01
   1.5100000000000000e+02   1.0008565521240200e+02
   1.5109999999999999e+02   6.0331550598144503e+01
   1.5169999999999999e+02   2.1935985565185501e+01
   1.5190000000000001e+02   8.8022537231445298e+01
   1.5200000000000000e+02   1.2826165771484401e+02
   1.5290000000000001e+02   1.3603855133056600e+01
   1.5309999999999999e+02   5.6005316162109398e+02
   1.5390000000000001e+02   1.1795993041992200e+02
   1.5400000000000000e+02   2.6656095504760700e+01
   1.5419999999999999e+02   7.5043670654296903e+01
   1.5490000000000001e+02   4.9909973144531300e-01
   1.5509999999999999e+02   4.4120184326171898e+02
   1.5530000000000001e+02   2.2960409164428700e+01
   1.5590000000000001e+02   2.9770505905151399e+01
   1.5619999999999999e+02   4.5600700378418002e-01
   1.5669999999999999e+02   1.3834046363830600e+01
   1.5700000000000000e+02   7.4108627319335895e+01
   1.5719999999999999e+02   1.4341226577758800e+01
   1.5759999999999999e+02   2.5991931915283200e+01
   1.5800000000000000e+02   2.0178680419921901e+02
   1.5809999999999999e+02   3.9112359619140602e+02
   1.5890000000000001e+02   1.6661732421875000e+04
   1.5990000000000001e+02   6.6542321777343795e+02
   1.6000000000000000e+02   1.1176289062500000e+03
   1.6090000000000001e+02   1.0740531250000000e+04
   1.6190000000000001e+02   7.9994158935546898e+02
   1.6200000000000000e+02   2.5386843872070301e+02
   1.6290000000000001e+02   2.0328813476562500e+03
   1.6369999999999999e+02   3.6550903320312500e+01
   1.6390000000000001e+02   9.0510452270507798e+01
   1.6400000000000000e+02   2.9048892974853501e+01
   1.6490000000000001e+02   1.7951139450073200e+01
   1.6500000000000000e+02   1.4649079322814901e+01
   1.6600000000000000e+02   1.4792294311523401e+02
   1.6609999999999999e+02   1.6782072067260700e+01
   1.6690000000000001e+02   5.7506320953369098e+01
   1.6700000000000000e+02   9.2382186889648395e+01
   1.6800000000000000e+02   2.6156202316284201e+01
   1.6809999999999999e+02   5.2424995422363303e+01
   1.7000000000000000e+02   3.2504791259765597e+01
   1.7090000000000001e+02   1.3080433845520000e+01
   1.7300000000000000e+02   1.3921555519104000e+01
   1.7490000000000001e+02   1.2723835945129400e+01
   1.7790000000000001e+02   3.6166397094726598e+01
   1.7800000000000000e+02   1.6189485549926800e+01
   1.7819999999999999e+02   1.5838698387146000e+01
   1.8000000000000000e+02   2.9305419921875000e+01
   1.8080000000000001e+02   4.2641559600830099e+01
   1.8100000000000000e+02   1.1654789733886700e+02
   1.8190000000000001e+02   8.4544349670410199e+01
   1.8200000000000000e+02   2.3447181701660199e+02
   1.8219999999999999e+02   4.0914691925048800e+01
   1.8290000000000001e+02   3.4806209564208999e+01
   1.8309999999999999e+02   2.1611921691894500e+02
   1.8319999999999999e+02   4.5615653991699197e+01
   1.8390000000000001e+02   1.6237887573242199e+02
   1.8400000000000000e+02   1.0115000915527300e+02
   1.8409999999999999e+02   6.9390480041503906e+01
   1.8490000000000001e+02   3.3738956451416001e+01
   1.8580000000000001e+02   8.2042602539062500e+01
   1.8590000000000001e+02   2.2810501098632801e+02
   1.8680000000000001e+02   4.1306655883789098e+01
   1.8700000000000000e+02   3.9960788726806598e+01
   1.8709999999999999e+02   1.2145131111145000e+01
   1.8780000000000001e+02   1.0485969543456999e+01
   1.8790000000000001e+02   1.2109423828125000e+02
   1.8809999999999999e+02   7.1660354614257798e+01
   1.8909999999999999e+02   1.7731531143188501e+01
   1.9009999999999999e+02   1.2979785919189499e+01
   1.9159999999999999e+02   1.2987972259521500e+01
   1.9309999999999999e+02   1.6562458038330099e+01
   1.9390000000000001e+02   1.7213968276977500e+01
   1.9400000000000000e+02   5.6100399017333999e+01
   1.9409999999999999e+02   4.6735378265380902e+01
   1.9509999999999999e+02   1.5470519065856900e+01
   1.9590000000000001e+02   8.9448081970214801e+01
   1.9600000000000000e+02   2.3160226440429699e+02
   1.9690000000000001e+02   1.6275671005248999e+01
   1.9780000000000001e+02   3.1688283920288100e+01
   1.9800000000000000e+02   1.3747643470764199e+01
   1.9809999999999999e+02   1.4736393928527800e+01
   1.9890000000000001e+02   3.2135421752929702e+01
   1.9900000000000000e+02   3.6043369293212898e+01
   2.0000000000000000e+02   5.5525203704833999e+01
   2.0080000000000001e+02   1.2352803230285600e+01
   2.0090000000000001e+02   1.1715929031372101e+01
   2.0169999999999999e+02   1.7793815612793001e+01
   2.0200000000000000e+02   4.0181980133056598e+01
   2.0200000000000000e+02   3.3700130462646499e+01
   2.0609999999999999e+02   1.4958032608032200e+01
   2.0690000000000001e+02   1.2657251358032200e+01
   2.0700000000000000e+02   6.2198612213134801e+01
   2.0719999999999999e+02   2.5125347137451200e+01
   2.0780000000000001e+02   1.5495166778564499e+01
   2.0790000000000001e+02   1.5462150573730500e+02
   2.0800000000000000e+02   5.2998968505859398e+02
   2.0819999999999999e+02   1.4075053215026900e+01
   2.0890000000000001e+02   4.6377681732177699e+01
   2.0909999999999999e+02   2.8981380462646499e+01
   2.0990000000000001e+02   2.1995420455932599e+01
   2.1000000000000000e+02   2.7339370727539102e+02
   2.1100000000000000e+02   9.1372344970703097e+01
   2.1480000000000001e+02   6.4968177795410199e+01
   2.1509999999999999e+02   4.8910297393798800e+01
   2.1580000000000001e+02   1.2249456405639600e+01
   2.1690000000000001e+02   6.8752899169921902e+00
   2.1780000000000001e+02   9.4706825256347699e+01
   2.1800000000000000e+02   6.6725006103515597e+01
   2.1869999999999999e+02   1.2448518753051800e+01
   2.1900000000000000e+02   4.0796955108642599e+01
   2.1980000000000001e+02   1.4408168792724600e+01
   2.1990000000000001e+02   1.1083430480957000e+02
   2.2009999999999999e+02   1.5975249290466300e+01
   2.2300000000000000e+02   1.5329035758972200e+01
   2.3190000000000001e+02   1.2803702354431200e+01
   2.3269999999999999e+02   1.2479369163513200e+01
   2.3400000000000000e+02   4.0923397064208999e+01
   2.3409999999999999e+02   1.4719071388244600e+01
   2.3500000000000000e+02   2.4705158233642599e+01
   2.3690000000000001e+02   4.1131526947021499e+01
   2.3700000000000000e+02   7.4316909790039105e+01
   2.3790000000000001e+02   1.3314525604248001e+01
   2.3809999999999999e+02   1.5747368812561000e+01
   2.4180000000000001e+02   1.3724836349487299e+01
   2.4200000000000000e+02   1.4487461090087900e+01
   2.6389999999999998e+02   5.8039016723632798e+01
   2.6410000000000002e+02   8.5438316345214801e+01
   2.6789999999999998e+02   1.4233906745910600e+01
   2.6889999999999998e+02   1.2724198341369600e+01
   2.7480000000000001e+02   1.5837250709533700e+01
   2.7510000000000002e+02   1.1324191284179700e+02
   2.7519999999999999e+02   2.7097137451171900e+01
   2.7610000000000002e+02   1.2210076332092299e+01
   2.7689999999999998e+02   1.2368824005126999e+01
   2.7700000000000000e+02   2.6660224914550799e+01
   2.7719999999999999e+02   1.3834749221801800e+01
   2.7989999999999998e+02   1.7144876480102500e+01
   2.8080000000000001e+02   1.2217024803161600e+01
   2.9700000000000000e+02   1.1855568885803200e+01
   2.9800000000000000e+02   1.3704409790039099e+02
   2.9810000000000002e+02   1.2978747558593801e+02
   2.9919999999999999e+02   1.7588603973388700e+01
   2.9989999999999998e+02   3.2329128265380902e+01
   3.0010000000000002e+02   4.7581382751464801e+01
   3.0019999999999999e+02   1.5060810089111300e+01
   3.0110000000000002e+02   4.1280109405517599e+01
   3.0700000000000000e+02   6.7241592407226605e+01
   3.0719999999999999e+02   7.9962882995605497e+01
   3.2480000000000001e+02   1.7238019943237301e+01
   3.2700000000000000e+02   7.1365066528320298e+01
   3.2719999999999999e+02   1.6444959640502901e+01
   3.2900000000000000e+02   3.8672042846679702e+01
   3.2919999999999999e+02   3.7918083190917997e+01
   3.4210000000000002e+02   1.9253729248046901e+02
   3.4219999999999999e+02   1.7705093383789102e+01
   3.4400000000000000e+02   5.3200759887695298e+01
   3.4410000000000002e+02   1.1938755989074700e+01
   3.4430000000000001e+02   1.7629621505737301e+01
   3.4610000000000002e+02   1.2848176002502401e+01
