   4.0100000000000001e+01   2.4748699188232401e+01
   4.0799999999999997e+01   1.5001967430114700e+01
   4.1000000000000000e+01   2.4450700378418000e+02
   4.1100000000000001e+01   2.1618229675293000e+02
   4.1899999999999999e+01   8.2074775695800795e+01
   4.2000000000000000e+01   1.1968492431640600e+03
   4.2100000000000001e+01   1.3957568359375000e+02
   4.2799999999999997e+01   9.9588270187377894e+00
   4.3000000000000000e+01   1.3507394409179699e+02
   4.3100000000000001e+01   6.5765556335449205e+01
   4.4000000000000000e+01   6.0380065917968795e+02
   4.4100000000000001e+01   7.2561813354492202e+01
   4.5100000000000001e+01   7.9204158782959002e+00
   4.9799999999999997e+01   1.0323945999145501e+01
   4.9899999999999999e+01   7.4644775390625000e+01
   5.0100000000000001e+01   1.2217292785644499e+01
   5.0899999999999999e+01   1.2139220428466800e+02
   5.1000000000000000e+01   8.9042861938476605e+01
   5.1100000000000001e+01   1.4164820861816401e+02
   5.1799999999999997e+01   5.1748401641845703e+01
   5.2000000000000000e+01   1.5037889099121099e+02
   5.2200000000000003e+01   2.3532005310058601e+01
   5.2899999999999999e+01   7.4376068115234403e+01
   5.3100000000000001e+01   1.3976649475097699e+02
   5.3899999999999999e+01   3.0779174804687500e+01
   5.4000000000000000e+01   1.0549382781982401e+02
   5.4100000000000001e+01   2.9691476821899400e+01
   5.4899999999999999e+01   4.8838935852050803e+01
   5.5000000000000000e+01   4.0787213134765602e+02
   5.5299999999999997e+01   1.0808125495910600e+01
   5.5899999999999999e+01   9.4044570922851605e+01
   5.6100000000000001e+01   1.0660298156738300e+02
   5.6200000000000003e+01   4.9985450744628899e+01
   5.6899999999999999e+01   1.1047647094726599e+02
   5.7000000000000000e+01   1.8011657714843800e+03
   5.7100000000000001e+01   6.2632812500000000e+01
   5.8000000000000000e+01   4.3374881744384801e+01
   5.8100000000000001e+01   4.7248737335205099e+01
   5.8799999999999997e+01   2.0811418533325199e+01
   5.9000000000000000e+01   2.2698020935058598e+00
   6.2000000000000000e+01   1.2081850051879901e+01
   6.2899999999999999e+01   1.2132759094238300e+02
   6.3000000000000000e+01   1.9581794738769500e+02
   6.3200000000000003e+01   1.2011525154113800e+01
   6.3799999999999997e+01   1.2435202598571800e+01
   6.3899999999999999e+01   1.1836350250244099e+02
   6.4000000000000000e+01   8.7420433044433594e+01
   6.4900000000000006e+01   3.7192156982421898e+02
   6.5000000000000000e+01   3.7481515502929699e+02
   6.5900000000000006e+01   6.4692687988281307e+01
   6.6099999999999994e+01   4.2096725463867202e+01
   6.6900000000000006e+01   7.8605819702148395e+01
   6.7000000000000000e+01   1.7322229003906301e+02
   6.7099999999999994e+01   1.7213668823242202e+01
   6.7900000000000006e+01   2.8867654800415000e+01
   6.8000000000000000e+01   3.0050961303710898e+02
   6.8099999999999994e+01   2.7973611831665000e+01
   6.9000000000000000e+01   2.4114857482910199e+02
   6.9099999999999994e+01   1.0224809265136700e+02
   7.0000000000000000e+01   3.7969631958007801e+02
   7.0099999999999994e+01   2.8355715942382801e+02
   7.1000000000000000e+01   2.3289510726928700e+01
   7.2799999999999997e+01   1.0095975875854499e+01
   7.2900000000000006e+01   8.8166465759277308e+00
   7.3099999999999994e+01   1.0654201507568399e+00
   7.4000000000000000e+01   1.5872971534729000e+01
   7.4099999999999994e+01   8.2084846496581996e+00
   7.5000000000000000e+01   5.1759590148925803e+01
   7.5099999999999994e+01   7.9973320960998500e+00
   7.5900000000000006e+01   5.9046699523925803e+01
   7.6000000000000000e+01   9.2148796081542997e+01
   7.6099999999999994e+01   9.2847032546997106e+00
   7.6900000000000006e+01   2.7810955810546898e+02
   7.7000000000000000e+01   9.3516546630859398e+02
   7.7900000000000006e+01   1.3050444030761699e+02
   7.8000000000000000e+01   3.5424899291992199e+02
   7.8099999999999994e+01   5.0700336456298800e+01
   7.9000000000000000e+01   3.8069894409179699e+02
   7.9099999999999994e+01   3.8572863769531301e+02
   7.9700000000000003e+01   1.0693733215331999e+01
   7.9799999999999997e+01   2.3560747146606399e+01
   8.0000000000000000e+01   2.0233874511718801e+02
   8.0099999999999994e+01   1.1504029846191401e+02
   8.0900000000000006e+01   9.4887527465820298e+01
   8.1000000000000000e+01   1.0537018585205099e+02
   8.1200000000000003e+01   9.3828306198120099e+00
   8.1799999999999997e+01   3.9854297637939503e+01
   8.2000000000000000e+01   1.9073425292968801e+02
   8.2099999999999994e+01   9.7609191894531307e+01
   8.3000000000000000e+01   3.6004177093505902e+01
   8.3099999999999994e+01   1.3165120124816900e+01
   8.3900000000000006e+01   1.6234848022460898e+01
   8.4099999999999994e+01   3.5560028076171903e+01
   8.8900000000000006e+01   9.7679046630859403e+01
   8.9000000000000000e+01   9.7598480224609403e+01
   8.9700000000000003e+01   4.0770832061767599e+01
   9.0000000000000000e+01   3.6524909973144503e+01
   9.0099999999999994e+01   1.0079067993164099e+02
   9.0200000000000003e+01   1.7715963363647500e+01
   9.0900000000000006e+01   7.9614173889160199e+01
   9.1000000000000000e+01   2.4003525390625000e+03
   9.1799999999999997e+01   1.6332487106323200e+01
   9.2000000000000000e+01   4.7557543945312500e+02
   9.2099999999999994e+01   1.8058503723144500e+02
   9.2799999999999997e+01   4.6384986877441399e+01
   9.2900000000000006e+01   1.3145166015625000e+02
   9.3099999999999994e+01   1.3704661369323700e+01
   9.3799999999999997e+01   1.0867438316345201e+01
   9.3900000000000006e+01   1.1542236328125000e+02
   9.4000000000000000e+01   2.0486946105957000e+02
   9.4700000000000003e+01   1.5422346115112299e+01
   9.4900000000000006e+01   1.6674632263183599e+02
   9.5099999999999994e+01   1.2072420501709000e+02
   9.6000000000000000e+01   1.1827072906494099e+02
   9.6099999999999994e+01   1.5267960205078100e+03
   9.6799999999999997e+01   1.0824256896972701e+01
   9.7000000000000000e+01   2.0298864746093801e+02
   9.7099999999999994e+01   1.3919914245605500e+02
   9.7799999999999997e+01   8.7388839721679705e+00
   9.7900000000000006e+01   1.3731958007812500e+02
   9.8099999999999994e+01   6.4222946166992202e+01
   9.8200000000000003e+01   8.4275283813476598e+00
   9.9099999999999994e+01   1.6779813766479499e+01
   1.0170000000000000e+02   2.4334474563598601e+01
   1.0190000000000001e+02   6.0771953582763700e+01
   1.0209999999999999e+02   5.7665828704833999e+01
   1.0300000000000000e+02   2.2674237060546901e+02
   1.0300000000000000e+02   4.8912124633789102e+02
   1.0390000000000001e+02   1.0763749694824200e+02
   1.0409999999999999e+02   4.5206933593750000e+02
   1.0500000000000000e+02   6.4187902832031295e+02
   1.0509999999999999e+02   1.5415588378906300e+03
   1.0580000000000000e+02   2.1539829254150401e+01
   1.0590000000000001e+02   9.2811630249023395e+01
   1.0600000000000000e+02   2.3176092529296901e+02
   1.0670000000000000e+02   8.2117853164672905e+00
   1.0690000000000001e+02   1.7763867187500000e+02
   1.0700000000000000e+02   9.2941879272460895e+01
   1.0720000000000000e+02   2.4898714065551800e+01
   1.0790000000000001e+02   2.9237667083740199e+01
   1.0800000000000000e+02   8.0721551513671898e+02
   1.0880000000000000e+02   3.4022541046142599e+01
   1.0900000000000000e+02   9.6131324768066406e+01
   1.0909999999999999e+02   2.3647985458373999e+01
   1.1400000000000000e+02   7.5316510200500497e+00
   1.1500000000000000e+02   3.1320890426635700e+01
   1.1590000000000001e+02   1.9609558105468800e+01
   1.1609999999999999e+02   1.8389326095581101e+01
   1.1680000000000000e+02   3.5525257110595703e+01
   1.1690000000000001e+02   2.6561689376831101e+01
   1.1700000000000000e+02   2.3026196289062500e+02
   1.1709999999999999e+02   1.2447667121887200e+01
   1.1790000000000001e+02   6.2461738586425803e+01
   1.1800000000000000e+02   1.2548969268798800e+01
   1.1809999999999999e+02   5.9358921051025398e+01
   1.1890000000000001e+02   1.2914068222045900e+01
   1.1909999999999999e+02   2.1627994537353501e+01
   1.1980000000000000e+02   2.8953224182128899e+01
   1.2000000000000000e+02   7.5454225540161097e+00
   1.2009999999999999e+02   8.2980957031250000e+01
   1.2090000000000001e+02   7.9620544433593807e+01
   1.2100000000000000e+02   1.8433645629882801e+02
   1.2109999999999999e+02   1.7233980178833001e+01
   1.2180000000000000e+02   1.8679365158081101e+01
   1.2190000000000001e+02   1.0296550750732401e+02
   1.2209999999999999e+02   1.0773728179931599e+02
   1.2290000000000001e+02   2.4996393203735401e+01
   1.2300000000000000e+02   5.6735412597656295e+02
   1.2309999999999999e+02   1.3234844207763700e+01
   1.2390000000000001e+02   2.3638807296752901e+01
   1.2400000000000000e+02   2.7284969329833999e+01
   1.2420000000000000e+02   4.0473510742187500e+01
   1.2880000000000001e+02   1.8451385498046900e+01
   1.2909999999999999e+02   8.8194866180419904e+00
   1.2990000000000001e+02   1.2291358184814500e+02
   1.3000000000000000e+02   2.1020472717285199e+02
   1.3009999999999999e+02   3.5469150543212898e+01
   1.3090000000000001e+02   1.3048131942749000e+01
   1.3100000000000000e+02   1.4115133666992199e+02
   1.3140000000000001e+02   7.8025484085082999e+00
   1.3190000000000001e+02   9.8448219299316406e+01
   1.3200000000000000e+02   1.7953796386718801e+02
   1.3209999999999999e+02   1.8386724472045898e+01
   1.3290000000000001e+02   6.8744735717773395e+01
   1.3300000000000000e+02   1.7401109313964801e+02
   1.3369999999999999e+02   3.6460262298583999e+01
   1.3390000000000001e+02   3.1875463867187500e+02
   1.3400000000000000e+02   4.0219262695312500e+02
   1.3419999999999999e+02   3.8811729431152301e+01
   1.3469999999999999e+02   9.5003890991210902e+00
   1.3500000000000000e+02   1.6460885620117199e+02
   1.3519999999999999e+02   3.0215326309204102e+01
   1.3590000000000001e+02   6.2910053253173800e+01
   1.3609999999999999e+02   1.0476618194580099e+02
   1.3680000000000001e+02   3.0131656646728501e+01
   1.3690000000000001e+02   2.6037139892578100e+01
   1.3700000000000000e+02   9.0049095153808594e+00
   1.3709999999999999e+02   3.7553787231445298e+01
   1.3880000000000001e+02   1.8790735244751001e+01
   1.3909999999999999e+02   1.8353538513183601e+01
   1.3919999999999999e+02   2.0234432220458999e+01
   1.4100000000000000e+02   7.7006349563598597e+00
   1.4280000000000001e+02   7.5984759330749503e+00
   1.4300000000000000e+02   2.0825357437133800e+01
   1.4390000000000001e+02   2.0622339248657202e+01
   1.4400000000000000e+02   1.4761596679687500e+02
   1.4490000000000001e+02   5.4079010009765597e+01
   1.4500000000000000e+02   5.4321346282958999e+01
   1.4519999999999999e+02   4.3904434204101598e+01
   1.4590000000000001e+02   8.4940826416015597e+01
   1.4609999999999999e+02   2.5345037841796901e+02
   1.4619999999999999e+02   4.7021030426025398e+01
   1.4680000000000001e+02   1.2408618927001999e+01
   1.4690000000000001e+02   4.7420280456542997e+01
   1.4700000000000000e+02   8.6764968872070298e+01
   1.4790000000000001e+02   1.0845665740966800e+02
   1.4800000000000000e+02   3.1654385375976602e+02
   1.4809999999999999e+02   9.0719795227050795e+01
   1.4869999999999999e+02   7.2881803512573198e+00
   1.4890000000000001e+02   2.1993359375000000e+02
   1.4909999999999999e+02   7.9037559509277301e+01
   1.4990000000000001e+02   1.6757623672485401e+01
   1.5009999999999999e+02   6.7951812744140597e+01
   1.5500000000000000e+02   3.8334162235260001e+00
   1.5619999999999999e+02   7.2835745811462402e+00
   1.5780000000000001e+02   7.2580385208129901e+00
   1.5790000000000001e+02   3.7731254577636697e+01
   1.5809999999999999e+02   9.5583667755127006e+00
   1.5880000000000001e+02   3.9068004608154297e+01
   1.5900000000000000e+02   1.0025498962402300e+02
   1.5990000000000001e+02   2.5147123336791999e+01
   1.6000000000000000e+02   5.3750292968750000e+02
   1.6009999999999999e+02   1.1656387329101599e+02
   1.6100000000000000e+02   9.9391578674316406e+01
   1.6109999999999999e+02   4.1398373413085898e+02
   1.6190000000000001e+02   4.6690116882324197e+01
   1.6209999999999999e+02   7.0314099121093795e+02
   1.6290000000000001e+02   7.7048492431640597e+01
   1.6300000000000000e+02   1.1023941040039099e+02
   1.7300000000000000e+02   9.0862331390380895e+00
   1.7390000000000001e+02   3.4457885742187500e+01
   1.7409999999999999e+02   4.6529167175292997e+01
   1.7459999999999999e+02   8.2266254425048793e+00
   1.7480000000000001e+02   1.0394419670105000e+01
   1.7490000000000001e+02   3.8533958435058601e+01
   1.7509999999999999e+02   5.1569171905517599e+01
   1.7519999999999999e+02   1.6100940704345700e+01
   1.7609999999999999e+02   4.8783920898437500e+03
   1.7690000000000001e+02   8.9366539001464801e+01
   1.7709999999999999e+02   6.3364245605468795e+02
   1.7719999999999999e+02   2.6873622894287099e+01
   1.7809999999999999e+02   2.9305885314941399e+01
   1.7819999999999999e+02   2.0151882171630898e+01
   1.7900000000000000e+02   1.0947554016113300e+02
   1.7909999999999999e+02   9.1625717163085895e+01
   1.7990000000000001e+02   5.4540534973144503e+01
   1.8009999999999999e+02   7.7939596176147496e+00
   1.8200000000000000e+02   8.1379652023315394e+00
   1.8390000000000001e+02   8.0332359313964801e+01
   1.8400000000000000e+02   3.1272565841674801e+01
   1.8409999999999999e+02   1.6495019531250000e+02
   1.8500000000000000e+02   1.0791214752197300e+02
   1.8509999999999999e+02   5.0810867309570298e+01
   1.8590000000000001e+02   2.3705348968505898e+01
   1.8600000000000000e+02   2.4289094543457000e+02
   1.8619999999999999e+02   1.4293826293945301e+02
   1.8690000000000001e+02   3.8834381103515597e+01
   1.8709999999999999e+02   7.3294349670410199e+01
   1.8780000000000001e+02   2.1915744781494102e+01
   1.8800000000000000e+02   3.7648211669921898e+02
   1.8809999999999999e+02   2.6537469482421898e+02
   1.8890000000000001e+02   2.6493741989135700e+01
   1.8900000000000000e+02   5.4214408874511697e+01
   1.8919999999999999e+02   2.8990152359008800e+01
   2.0009999999999999e+02   8.0587644577026403e+00
   2.0190000000000001e+02   1.5343738555908200e+01
   2.0200000000000000e+02   8.1280231475830096e+00
   2.0219999999999999e+02   3.0490573883056602e+01
   2.0290000000000001e+02   2.6035444259643601e+01
   2.0309999999999999e+02   9.7311048507690394e+00
   2.0319999999999999e+02   1.5803166389465300e+01
   2.1080000000000001e+02   7.4628195762634304e+00
   2.1090000000000001e+02   5.5803556442260698e+00
   2.1100000000000000e+02   5.2976009368896499e+01
   2.1109999999999999e+02   1.4779767036438001e+01
   2.1400000000000000e+02   8.0223684310913104e+00
   2.1490000000000001e+02   1.5297369384765599e+02
   2.1509999999999999e+02   1.0089278221130400e+01
   2.1690000000000001e+02   7.7102882385253906e+01
   2.1700000000000000e+02   4.9734218597412102e+01
   2.1709999999999999e+02   4.3221843719482401e+01
   2.1790000000000001e+02   2.1594738006591800e+01
   2.1800000000000000e+02   8.4645759582519503e+01
   2.1809999999999999e+02   1.5497924804687500e+02
   2.1909999999999999e+02   1.8737241210937500e+03
   2.1990000000000001e+02   7.7230434417724600e+00
   2.2000000000000000e+02   2.2922377014160199e+02
   2.2019999999999999e+02   1.0337821197509800e+02
   2.2100000000000000e+02   2.0787754058837901e+01
   2.3190000000000001e+02   8.7244272232055700e+00
   2.3209999999999999e+02   9.8000677490234398e+02
   2.3209999999999999e+02   3.3668762207031301e+02
   2.3290000000000001e+02   1.0728752136230500e+02
   2.3309999999999999e+02   1.6915773010253901e+02
   2.3680000000000001e+02   1.1411814689636200e+01
   2.3690000000000001e+02   1.4946098327636699e+01
   2.4590000000000001e+02   7.8587150573730504e+00
   2.7289999999999998e+02   7.5233359336853001e+00
   2.7519999999999999e+02   6.9724418945312500e+03
   2.7589999999999998e+02   3.1525173187255898e+01
   2.7610000000000002e+02   2.6699512481689499e+01
   2.7619999999999999e+02   1.3722149658203100e+03
   2.7689999999999998e+02   7.4841728210449201e+00
   2.7700000000000000e+02   6.2573951721191399e+01
   2.7719999999999999e+02   3.0482662200927699e+01
   2.7730000000000001e+02   7.3809704780578604e+00
