   4.0000000000000000e+01   6.2101154327392599e+01
   4.0899999999999999e+01   1.8784259796142599e+01
   4.1000000000000000e+01   3.5547344970703102e+02
   4.1100000000000001e+01   1.2424947357177700e+02
   4.1899999999999999e+01   1.1501185607910200e+02
   4.2000000000000000e+01   1.4124333496093800e+03
   4.2899999999999999e+01   1.1383100891113300e+02
   4.3100000000000001e+01   9.4752792358398395e+01
   4.4000000000000000e+01   5.0153976440429699e+02
   4.4100000000000001e+01   1.9075870513916000e+00
   4.9899999999999999e+01   3.7290164947509801e+01
   5.0000000000000000e+01   1.1949750518798800e+02
   5.0100000000000001e+01   8.6584787368774396e+00
   5.0799999999999997e+01   8.7115230560302699e+00
   5.0899999999999999e+01   2.1607888793945301e+02
   5.1000000000000000e+01   2.9107183837890602e+02
   5.1799999999999997e+01   4.3858108520507798e+01
   5.1899999999999999e+01   7.1078971862792997e+01
   5.2100000000000001e+01   5.2289489746093800e+01
   5.2899999999999999e+01   4.8425510406494098e+01
   5.3000000000000000e+01   7.5160209655761705e+01
   5.3100000000000001e+01   7.4766105651855497e+01
   5.3899999999999999e+01   6.5695358276367202e+01
   5.4000000000000000e+01   8.2174392700195298e+01
   5.4200000000000003e+01   1.8835575103759801e+01
   5.4899999999999999e+01   6.1314167022705099e+01
   5.5000000000000000e+01   2.9615115356445301e+02
   5.5200000000000003e+01   1.0249566078186000e+01
   5.6000000000000000e+01   1.0457943725585901e+02
   5.6100000000000001e+01   7.5819404602050795e+01
   5.6799999999999997e+01   1.0834474563598601e+01
   5.7000000000000000e+01   8.6498779296875000e+01
   5.7100000000000001e+01   4.9940326690673800e+01
   5.8899999999999999e+01   8.3448257446289105e+01
   6.1899999999999999e+01   1.5239864349365201e+01
   6.2799999999999997e+01   5.0814029693603501e+01
   6.3000000000000000e+01   2.0279769897460901e+02
   6.3200000000000003e+01   2.0953372955322301e+01
   6.3799999999999997e+01   6.2825994491577104e+00
   6.3899999999999999e+01   7.4491203308105497e+01
   6.4099999999999994e+01   5.2505195617675803e+01
   6.4900000000000006e+01   1.3940626525878901e+02
   6.5000000000000000e+01   7.1377673339843795e+02
   6.5099999999999994e+01   1.1550647735595700e+02
   6.5799999999999997e+01   1.4806505203247101e+01
   6.6000000000000000e+01   1.1346572875976599e+02
   6.6099999999999994e+01   3.9629512786865199e+01
   6.6700000000000003e+01   7.2987337112426802e+00
   6.6900000000000006e+01   1.2625326538085901e+02
   6.7000000000000000e+01   3.4506457519531301e+02
   6.7900000000000006e+01   5.9561363220214801e+01
   6.8000000000000000e+01   9.5110054016113295e+01
   6.8099999999999994e+01   1.9074772644043000e+02
   6.8900000000000006e+01   5.4485275268554702e+01
   6.9099999999999994e+01   2.2658567810058599e+02
   6.9799999999999997e+01   1.2141585350036600e+01
   6.9900000000000006e+01   5.4696079254150398e+01
   7.0000000000000000e+01   2.7514883422851602e+02
   7.0099999999999994e+01   2.5391506195068398e+01
   7.1000000000000000e+01   6.2870931625366202e+00
   7.2900000000000006e+01   6.1278295516967800e+00
   7.3099999999999994e+01   1.4770268440246600e+01
   7.3900000000000006e+01   2.0147590637206999e+01
   7.4900000000000006e+01   1.4705358505249000e+01
   7.5000000000000000e+01   3.0992586135864300e+01
   7.5099999999999994e+01   4.8436782836914098e+01
   7.5799999999999997e+01   1.0387080192565900e+01
   7.6000000000000000e+01   5.7151760101318402e+01
   7.6099999999999994e+01   1.8494396209716800e+01
   7.6299999999999997e+01   5.8566503524780300e+00
   7.7000000000000000e+01   1.8825762939453100e+03
   7.7900000000000006e+01   2.3411059570312500e+02
   7.8099999999999994e+01   2.9824508666992199e+02
   7.8799999999999997e+01   1.8843511581420898e+01
   7.9000000000000000e+01   4.9228079223632801e+02
   7.9099999999999994e+01   1.7875260925293000e+02
   7.9900000000000006e+01   6.4315628051757798e+01
   8.0000000000000000e+01   1.2032919311523401e+02
   8.0099999999999994e+01   1.5634943962097200e+01
   8.0900000000000006e+01   1.0857854461669901e+02
   8.1000000000000000e+01   1.1963777923584000e+02
   8.1900000000000006e+01   1.9622732162475600e+01
   8.2000000000000000e+01   1.7811889648437500e+02
   8.2099999999999994e+01   1.0603977966308599e+02
   8.2799999999999997e+01   1.0084733963012701e+01
   8.3000000000000000e+01   1.8061229705810501e+01
   8.3200000000000003e+01   1.6729530334472699e+01
   8.3900000000000006e+01   5.3428249359130902e+01
   8.4000000000000000e+01   5.9951658248901403e+00
   8.8799999999999997e+01   2.0886116027831999e+01
   8.8900000000000006e+01   9.8175750732421903e+01
   8.9000000000000000e+01   1.1135719299316401e+02
   8.9200000000000003e+01   6.6704883575439498e+00
   8.9799999999999997e+01   1.7250755310058601e+01
   8.9900000000000006e+01   9.5782489776611293e+00
   9.0000000000000000e+01   7.8187660217285199e+01
   9.0200000000000003e+01   3.7833522796630902e+01
   9.1000000000000000e+01   2.9759882812500000e+03
   9.1799999999999997e+01   1.4761992454528800e+01
   9.2000000000000000e+01   2.5817468261718801e+02
   9.2099999999999994e+01   1.3002854919433599e+02
   9.2799999999999997e+01   1.3741877555847200e+01
   9.2900000000000006e+01   1.9548043823242199e+02
   9.3099999999999994e+01   6.0745586395263700e+01
   9.3799999999999997e+01   1.3655441284179700e+01
   9.3900000000000006e+01   4.3630702972412102e+01
   9.4099999999999994e+01   4.4400396728515602e+02
   9.4200000000000003e+01   2.0870801925659201e+01
   9.5000000000000000e+01   1.0001668945312500e+04
   9.6099999999999994e+01   2.1996586914062500e+03
   9.7000000000000000e+01   2.0228482055664099e+02
   9.7099999999999994e+01   9.5310806274414105e+01
   9.7799999999999997e+01   6.1289453506469700e+00
   9.8099999999999994e+01   1.6454069519043000e+02
   9.8200000000000003e+01   1.9085371017456101e+01
   1.0190000000000001e+02   4.2458854675292997e+01
   1.0200000000000000e+02   6.5253219604492202e+01
   1.0280000000000000e+02   1.1240743637085000e+01
   1.0300000000000000e+02   3.6925036621093801e+02
   1.0300000000000000e+02   3.2201477050781301e+02
   1.0330000000000000e+02   7.4436740875244096e+00
   1.0390000000000001e+02   9.5515342712402301e+01
   1.0400000000000000e+02   7.4991760253906295e+02
   1.0409999999999999e+02   6.9082431793212900e+00
   1.0490000000000001e+02   2.6432369232177699e+01
   1.0500000000000000e+02   1.6772128906250000e+03
   1.0590000000000001e+02   6.7269927978515597e+01
   1.0600000000000000e+02   1.2339762115478500e+02
   1.0609999999999999e+02   4.2790382385253899e+01
   1.0700000000000000e+02   1.3557596206665000e+01
   1.0890000000000001e+02   1.3367595672607401e+01
   1.0909999999999999e+02   6.6660161018371600e+00
   1.1470000000000000e+02   6.6559352874755904e+00
   1.1490000000000001e+02   1.0549849700927700e+02
   1.1509999999999999e+02   6.6471290588378906e+01
   1.1520000000000000e+02   6.1893763542175302e+00
   1.1600000000000000e+02   3.3618389129638700e+01
   1.1620000000000000e+02   1.1688073158264199e+01
   1.1700000000000000e+02   2.7351614379882801e+02
   1.1709999999999999e+02   4.4864830017089801e+01
   1.1780000000000000e+02   2.0641294479370099e+01
   1.1800000000000000e+02   3.3721246337890602e+02
   1.1809999999999999e+02   9.4154701232910199e+01
   1.1870000000000000e+02   6.1214122772216797e+00
   1.1900000000000000e+02   1.1495777893066401e+02
   1.1909999999999999e+02   2.6859333038330099e+01
   1.1959999999999999e+02   7.1792392730712900e+00
   1.1990000000000001e+02   1.9790279388427699e+01
   1.2790000000000001e+02   1.7203813552856399e+01
   1.2800000000000000e+02   1.3369291305541999e+01
   1.2819999999999999e+02   1.3301945686340300e+01
   1.2880000000000001e+02   8.9432630538940394e+00
   1.2900000000000000e+02   1.3194849967956500e+01
   1.2980000000000001e+02   3.1488277435302699e+01
   1.3000000000000000e+02   4.6672219848632801e+02
   1.3009999999999999e+02   3.9137551879882801e+02
   1.3019999999999999e+02   2.5244382858276399e+01
   1.3090000000000001e+02   6.1891342163085902e+01
   1.3100000000000000e+02   3.4043713378906301e+02
   1.3109999999999999e+02   5.4373134613037102e+01
   1.3200000000000000e+02   9.1532150268554702e+01
   1.3200000000000000e+02   5.0109771728515602e+02
   1.3209999999999999e+02   3.6127529144287102e+01
   1.3290000000000001e+02   1.3738229751586900e+01
   1.3300000000000000e+02   1.2382398223877000e+02
   1.3309999999999999e+02   1.7569929122924801e+01
   1.3409999999999999e+02   6.9172997474670401e+00
   1.3669999999999999e+02   7.6668801307678196e+00
   1.3690000000000001e+02   1.3908428955078099e+02
   1.3709999999999999e+02   7.3163833618164098e+00
   1.3780000000000001e+02   6.4270482063293501e+00
   1.3800000000000000e+02   3.6227516174316399e+01
   1.3890000000000001e+02   2.8239603042602500e+01
   1.3909999999999999e+02   2.8008634567260700e+01
   1.4140000000000001e+02   8.8757286071777308e+00
   1.4190000000000001e+02   1.6925968170166001e+01
   1.4219999999999999e+02   9.4120492935180700e+00
   1.4290000000000001e+02   2.6696725845336900e+01
   1.4309999999999999e+02   1.0639307975769000e+01
   1.4390000000000001e+02   6.1210322380065900e+00
   1.4400000000000000e+02   2.0587190246582000e+02
   1.4490000000000001e+02   2.2234342575073200e+01
   1.4500000000000000e+02   3.5042034149169901e+01
   1.4590000000000001e+02   1.6734567642211900e+01
   1.4600000000000000e+02   1.0577237701416000e+02
   1.4609999999999999e+02   7.3695014953613295e+01
   1.4700000000000000e+02   7.6993055343627903e+00
   1.4719999999999999e+02   1.4102606773376500e+01
   1.5600000000000000e+02   6.1671748161315900e+00
   1.5700000000000000e+02   2.3266195297241200e+01
   1.5709999999999999e+02   1.5560663223266600e+01
   1.5790000000000001e+02   4.2668727874755902e+01
   1.5809999999999999e+02   7.9795617675781295e+02
   1.5819999999999999e+02   4.1973304748535199e+01
   1.5900000000000000e+02   2.1947056579589801e+02
   1.5909999999999999e+02   1.4818735122680700e+01
   1.5980000000000001e+02   1.0840175628662100e+01
   1.6000000000000000e+02   9.8218521118164105e+01
   1.6009999999999999e+02   6.0528827667236300e+01
   1.6900000000000000e+02   6.8695583343505904e+00
   1.7000000000000000e+02   2.6643923950195301e+02
   1.7009999999999999e+02   2.7302432250976602e+02
   1.7019999999999999e+02   1.8142808914184599e+01
   1.7090000000000001e+02   1.1725401306152300e+02
   1.7109999999999999e+02   8.9922256469726605e+01
   1.7209999999999999e+02   1.6133281707763700e+01
   1.8290000000000001e+02   6.3836307525634801e+00
   1.8309999999999999e+02   6.2546877861022896e+00
   1.8400000000000000e+02   3.4285671234130902e+01
   1.8409999999999999e+02   1.9511160278320301e+02
   1.8419999999999999e+02   1.6463836669921900e+01
   1.8490000000000001e+02   1.1722469329834000e+01
   1.8509999999999999e+02   1.2764222717285200e+02
   1.8519999999999999e+02   4.2493164062500000e+01
   1.8580000000000001e+02   5.9691672325134304e+00
   1.8590000000000001e+02   4.3577308654785199e+01
   1.8609999999999999e+02   2.8183950805664102e+02
   1.8619999999999999e+02   3.9559902191162102e+01
   1.8690000000000001e+02   2.5265623092651399e+01
   1.8700000000000000e+02   1.8556170654296901e+02
   1.8709999999999999e+02   4.6935943603515602e+02
   1.8709999999999999e+02   1.2124943542480500e+02
   1.8780000000000001e+02   1.8799715042114300e+01
   1.8800000000000000e+02   1.7828932189941401e+02
   1.8809999999999999e+02   1.7025924682617199e+02
   1.8890000000000001e+02   2.5363773345947301e+01
   1.8900000000000000e+02   4.9181247711181598e+01
   1.8909999999999999e+02   1.4922612190246600e+01
   2.0700000000000000e+02   9.0671033859252894e+00
   2.0990000000000001e+02   4.8349296569824197e+01
   2.1080000000000001e+02   2.3532850265502901e+01
   2.1090000000000001e+02   1.4656272888183601e+01
   2.1190000000000001e+02   1.0928968811035200e+02
   2.1209999999999999e+02   2.0742556762695301e+02
   2.1300000000000000e+02   1.2300119400024400e+01
   2.1500000000000000e+02   4.1138462066650398e+01
   2.1700000000000000e+02   8.6246891021728498e+00
   2.3290000000000001e+02   1.7778949737548799e+00
   2.3300000000000000e+02   8.4451236724853498e+00
   2.3309999999999999e+02   7.4351739883422896e+00
   2.3680000000000001e+02   5.5256390571594203e+00
   2.3690000000000001e+02   3.7030994415283203e+01
   2.3700000000000000e+02   2.9936771392822301e+00
   2.3840000000000001e+02   1.3171283721923800e+01
   2.3900000000000000e+02   6.0081338882446298e+00
   2.3919999999999999e+02   1.2511049270629901e+01
   2.4009999999999999e+02   2.9023073730468800e+03
   2.4009999999999999e+02   1.0157463989257800e+03
   2.4090000000000001e+02   9.0604972839355497e+01
   2.4109999999999999e+02   5.8938958740234398e+02
   2.4200000000000000e+02   3.5543560028076200e+01
   2.4230000000000001e+02   7.8960361480712900e+00
   2.7910000000000002e+02   3.3241271972656300e+01
   2.7919999999999999e+02   1.8611660003662099e+01
   2.7930000000000001e+02   5.8982181549072301e+00
   2.8310000000000002e+02   7.2080346679687500e+03
   2.8400000000000000e+02   4.2372524261474602e+01
   2.8410000000000002e+02   1.4170942382812500e+03
   2.8500000000000000e+02   7.2057868957519503e+01
   2.8519999999999999e+02   8.5457832336425795e+01
   3.7219999999999999e+02   7.3029150962829599e+00
