   4.0000000000000000e+01   2.0450267791747998e+00
   4.1000000000000000e+01   4.1867015838622997e+01
   4.1100000000000001e+01   1.5560272216796900e+01
   4.1899999999999999e+01   2.9044618606567401e+01
   4.2100000000000001e+01   1.2498754501342800e+01
   4.3000000000000000e+01   2.1558353900909402e+00
   4.3799999999999997e+01   2.3984725475311302e+00
   4.4000000000000000e+01   2.7847351074218800e+01
   4.4799999999999997e+01   9.1267805099487305e+00
   4.4899999999999999e+01   1.0872773170471200e+01
   4.5100000000000001e+01   8.9083080291747994e+00
   4.9899999999999999e+01   1.2692070007324199e-01
   5.0000000000000000e+01   1.0236681938171399e+01
   5.0799999999999997e+01   9.1784896850585902e+00
   5.0899999999999999e+01   1.1197986602783200e+02
   5.1100000000000001e+01   4.5376045227050803e+01
   5.1200000000000003e+01   7.1378669738769496e+00
   5.1899999999999999e+01   1.1588917732238800e+01
   5.2100000000000001e+01   1.0350975036621101e+01
   5.2899999999999999e+01   7.6334376335143999e+00
   5.3000000000000000e+01   1.1955124855041500e+01
   5.3200000000000003e+01   4.4290971755981401e+00
   5.3899999999999999e+01   4.5265421867370597e+00
   5.4100000000000001e+01   1.4574123382568400e+01
   5.4799999999999997e+01   7.9211440086364702e+00
   5.4899999999999999e+01   4.2177505493164098e+01
   5.5000000000000000e+01   6.8093025207519503e+01
   5.5899999999999999e+01   3.9045782089233398e+00
   5.6000000000000000e+01   2.0540058135986300e+01
   5.6100000000000001e+01   1.9740079641342201e+00
   5.6799999999999997e+01   9.0902528762817401e+00
   5.6899999999999999e+01   1.6783906555175801e+02
   5.7000000000000000e+01   2.7659671020507801e+02
   5.7100000000000001e+01   1.2509089469909700e+01
   5.7899999999999999e+01   9.3289651870727504e+00
   5.8100000000000001e+01   4.0218229293823198e+00
   5.9000000000000000e+01   5.6958568572997997e+01
   5.9100000000000001e+01   2.3972244262695298e+01
   6.2899999999999999e+01   1.6251819610595700e+01
   6.3000000000000000e+01   1.6491025924682599e+01
   6.4000000000000000e+01   8.6509895324706996e+00
   6.4799999999999997e+01   3.7780258178710902e+01
   6.5000000000000000e+01   1.2044648742675800e+02
   6.5099999999999994e+01   4.8951297760009801e+01
   6.5200000000000003e+01   7.9944181442260698e+00
   6.5900000000000006e+01   1.8624282836914102e+01
   6.6000000000000000e+01   3.2445178985595703e+01
   6.6799999999999997e+01   4.8488569259643599e+00
   6.6900000000000006e+01   2.1679241180419901e+01
   6.7099999999999994e+01   2.0095946788787802e+00
   6.8099999999999994e+01   1.4990189552307100e+01
   6.8799999999999997e+01   8.9261779785156303e+00
   6.8900000000000006e+01   3.3932621002197301e+01
   6.9099999999999994e+01   2.1323430538177499e+00
   6.9900000000000006e+01   8.1911478042602504e+00
   7.0099999999999994e+01   2.6656131744384801e+00
   7.0700000000000003e+01   5.0347571372985804e+00
   7.0900000000000006e+01   2.8231012344360401e+01
   7.1099999999999994e+01   2.1579105854034402e+00
   7.2799999999999997e+01   1.9436349868774401e+00
   7.3000000000000000e+01   5.0420265197753897e+00
   7.5000000000000000e+01   4.0060358047485396e+00
   7.5099999999999994e+01   2.6137163639068599e+00
   7.6099999999999994e+01   9.5147838592529297e+00
   7.6900000000000006e+01   2.4855720520019500e+02
   7.7000000000000000e+01   2.1517683410644500e+02
   7.7099999999999994e+01   5.1511459350585902e+00
   7.7900000000000006e+01   4.6367088317871101e+01
   7.8000000000000000e+01   8.4083343505859403e+01
   7.8200000000000003e+01   3.6567139625549299e+00
   7.8799999999999997e+01   9.3715763092041005e-01
   7.8900000000000006e+01   1.9027042388916001e+01
   7.9000000000000000e+01   3.7018394470214801e+01
   7.9799999999999997e+01   1.2642081260681200e+01
   7.9900000000000006e+01   3.2913421630859403e+01
   8.0000000000000000e+01   3.9430576324462898e+01
   8.0099999999999994e+01   4.6035037040710396e+00
   8.0799999999999997e+01   1.3454175949096699e+01
   8.0900000000000006e+01   3.2310119628906300e+01
   8.1000000000000000e+01   4.3400512695312500e+01
   8.1200000000000003e+01   2.8702282905578600e+00
   8.1700000000000003e+01   5.9024248123168901e+00
   8.1799999999999997e+01   4.6344575881957999e+00
   8.2000000000000000e+01   6.3027042388916001e+01
   8.2099999999999994e+01   4.4242477416992202e+01
   8.2200000000000003e+01   1.9679430723190301e+00
   8.2799999999999997e+01   4.3481740951538104e+00
   8.2900000000000006e+01   7.7976846694946298e+00
   8.3099999999999994e+01   2.1053771972656299e+00
   8.3200000000000003e+01   4.7651267051696804e+00
   8.3799999999999997e+01   1.0858582496643100e+01
   8.3900000000000006e+01   1.3256820678710900e+01
   8.4099999999999994e+01   9.1015386581420898e+00
   8.4900000000000006e+01   4.3284907341003400e+00
   8.8900000000000006e+01   1.9698961973190301e+00
   9.0599999999999994e+01   2.2746429443359402e+00
   9.0799999999999997e+01   3.1975457668304399e+00
   9.0900000000000006e+01   7.9979988098144503e+01
   9.1000000000000000e+01   1.0203990936279300e+02
   9.1099999999999994e+01   1.2596528530120801e+00
   9.1700000000000003e+01   3.8349177837371800e+00
   9.1900000000000006e+01   1.2569774627685501e+01
   9.2099999999999994e+01   2.8146259307861300e+01
   9.2799999999999997e+01   9.1038751602172896e-01
   9.2900000000000006e+01   4.3393856048583999e+01
   9.3000000000000000e+01   2.2167483520507801e+02
   9.3099999999999994e+01   1.8953804016113301e+02
   9.3200000000000003e+01   3.8659122467041001e+01
   9.3900000000000006e+01   2.5368673324585000e+01
   9.4000000000000000e+01   3.5636367797851598e+01
   9.4200000000000003e+01   1.9762310028076200e+01
   9.5000000000000000e+01   1.9446455240249600e+00
   9.5700000000000003e+01   2.0543208122253400e+00
   9.5799999999999997e+01   1.3731362342834499e+01
   9.6000000000000000e+01   2.3473075866699201e+01
   9.6099999999999994e+01   4.7399692535400400e+00
   9.6700000000000003e+01   5.8983201980590803e+00
   9.6900000000000006e+01   1.1364349365234401e+02
   9.7000000000000000e+01   1.5980667114257801e+02
   9.7099999999999994e+01   3.6402667999267599e+01
   9.8000000000000000e+01   2.1146123409271200e+00
   9.8799999999999997e+01   2.5476856231689502e+00
   1.0300000000000000e+02   2.4315225601196300e+01
   1.0309999999999999e+02   1.1049585342407200e+01
   1.0390000000000001e+02   3.5208049774169901e+01
   1.0400000000000000e+02   1.1119234466552700e+02
   1.0409999999999999e+02   7.2134254455566406e+01
   1.0490000000000001e+02   2.0298952102661101e+01
   1.0500000000000000e+02   2.0852756500244102e+01
   1.0590000000000001e+02   2.8072887420654300e+01
   1.0609999999999999e+02   1.0160380363464400e+01
   1.0790000000000001e+02   1.3062509536743200e+01
   1.0800000000000000e+02   1.2370121002197299e+01
   1.0809999999999999e+02   5.1576948165893599e+00
   1.0870000000000000e+02   4.9675097465515101e+00
   1.0890000000000001e+02   1.2170752716064500e+02
   1.0900000000000000e+02   1.2268789672851599e+02
   1.0920000000000000e+02   1.1875588417053200e+01
   1.0980000000000000e+02   3.6450809478759801e+01
   1.0990000000000001e+02   1.6481637573242199e+02
   1.1000000000000000e+02   3.2433377075195301e+02
   1.1009999999999999e+02   6.9234719276428196e+00
   1.1080000000000000e+02   2.1688484191894499e+01
   1.1090000000000001e+02   3.6169605255127003e+01
   1.1100000000000000e+02   3.5025104522705099e+01
   1.1109999999999999e+02   3.0315811634063698e+00
   1.1190000000000001e+02   6.7050604820251500e+00
   1.1200000000000000e+02   2.5472133159637500e+00
   1.1490000000000001e+02   6.6658520698547399e+00
   1.1500000000000000e+02   2.0397541522979701e+00
   1.1509999999999999e+02   6.7466993331909197e+00
   1.1590000000000001e+02   2.0748472213745099e+00
   1.1690000000000001e+02   2.5971788406372099e+01
   1.1700000000000000e+02   4.8519767761230497e+01
   1.1709999999999999e+02   1.8296154022216800e+01
   1.1720000000000000e+02   2.7328445911407502e+00
   1.1790000000000001e+02   9.3791015625000000e+01
   1.1800000000000000e+02   6.3597934722900398e+01
   1.1809999999999999e+02   3.8853809356689503e+01
   1.1870000000000000e+02   3.2577235698700000e+00
   1.1880000000000000e+02   8.1324481964111293e+00
   1.1900000000000000e+02   6.9421340942382798e+01
   1.1909999999999999e+02   4.0412357330322301e+01
   1.2009999999999999e+02   3.5735366821289098e+01
   1.2090000000000001e+02   1.9059790372848500e+00
   1.2180000000000000e+02   2.4661662578582799e+00
   1.2190000000000001e+02   4.2355895042419398e+00
   1.2209999999999999e+02   2.1801726818084699e+00
   1.2280000000000000e+02   1.6266885757446300e+01
   1.2290000000000001e+02   4.9088844299316399e+01
   1.2300000000000000e+02   3.5691776275634801e+01
   1.2320000000000000e+02   5.4197340011596697e+00
   1.2390000000000001e+02   2.1996512413024898e+00
   1.2780000000000000e+02   2.8577268123626700e+00
   1.2969999999999999e+02   2.2044420242309601e-01
   1.2990000000000001e+02   7.3266250610351605e+01
   1.3000000000000000e+02   1.1259275054931599e+02
   1.3009999999999999e+02   2.1242284774780298e+01
   1.3090000000000001e+02   1.7934818267822301e+01
   1.3100000000000000e+02   4.1178276062011697e+01
   1.3109999999999999e+02   2.1032243728637699e+01
   1.3180000000000001e+02   1.6666053771972699e+01
   1.3200000000000000e+02   8.8396934509277301e+01
   1.3209999999999999e+02   1.1524475860595700e+02
   1.3230000000000001e+02   3.1142950057983398e+00
   1.3280000000000001e+02   4.6489505767822301e+00
   1.3300000000000000e+02   7.3174648284912100e+00
   1.3309999999999999e+02   4.2298374176025400e+00
   1.3369999999999999e+02   1.9669288396835301e+00
   1.3409999999999999e+02   4.8233456611633301e+00
   1.3480000000000001e+02   8.1708192825317401e+00
   1.3500000000000000e+02   1.6093273162841800e+01
   1.3509999999999999e+02   3.7431416511535600e+00
   1.3580000000000001e+02   1.9797385931014999e+00
   1.3590000000000001e+02   1.2490376281738300e+02
   1.3600000000000000e+02   2.0872448730468801e+02
   1.3609999999999999e+02   4.3086761474609403e+01
   1.3700000000000000e+02   6.0246215820312500e+01
   1.3700000000000000e+02   1.9511834716796901e+02
   1.3780000000000001e+02   1.1329181671142599e+01
   1.3790000000000001e+02   6.3270874023437500e+01
   1.3809999999999999e+02   3.5960376739502003e+01
   1.4390000000000001e+02   1.9745128154754601e+00
   1.4400000000000000e+02   2.2886528968811000e+00
   1.4409999999999999e+02   9.8797435760497994e+00
   1.4459999999999999e+02   1.9662874937057500e+00
   1.4569999999999999e+02   2.1113896369934100e+00
   1.4590000000000001e+02   2.1562640666961701e+00
   1.4600000000000000e+02   1.3608963966369600e+01
   1.4630000000000001e+02   4.0889639854431197e+00
   1.4690000000000001e+02   7.4791908264160201e+00
   1.4790000000000001e+02   1.9622083902359000e+00
   1.4809999999999999e+02   2.3905501365661599e+00
   1.4890000000000001e+02   3.6048664093017599e+01
   1.4900000000000000e+02   4.1187732696533203e+01
   1.4919999999999999e+02   2.9221837520599401e+00
   1.4969999999999999e+02   4.4679188728332502e+00
   1.4990000000000001e+02   2.1188131332397500e+01
   1.5000000000000000e+02   1.8477941513061499e+01
   1.5019999999999999e+02   2.0453011989593501e+00
   1.5090000000000001e+02   1.0395297050476101e+01
   1.5200000000000000e+02   3.1716873645782502e+00
   1.5390000000000001e+02   2.0827581882476802e+00
   1.5480000000000001e+02   7.6822957992553702e+00
   1.5500000000000000e+02   6.5647449493408203e+00
   1.5590000000000001e+02   4.6078581809997603e+00
   1.5609999999999999e+02   6.9173707962036097e+00
   1.5630000000000001e+02   2.1786706447601301e+00
   1.5669999999999999e+02   1.9537467956543000e+00
   1.5700000000000000e+02   1.0099231719970700e+01
   1.5709999999999999e+02   6.5359010696411097e+00
   1.5769999999999999e+02   1.9830853939056401e+00
   1.5790000000000001e+02   2.4497074127197301e+01
   1.5800000000000000e+02   7.4409912109375000e+01
   1.5809999999999999e+02   4.4172496795654297e+01
   1.5880000000000001e+02   7.8409175872802699e+00
   1.5890000000000001e+02   2.7720443725585898e+01
   1.5900000000000000e+02   1.9823865890502901e+01
   1.5909999999999999e+02   1.0306246757507299e+01
   1.6169999999999999e+02   1.2306630134582500e+01
   1.6200000000000000e+02   1.0921645164489700e+01
   1.6209999999999999e+02   1.1957297325134300e+01
   1.6290000000000001e+02   1.3805589675903301e+01
   1.6309999999999999e+02   8.1583147048950195e+00
   1.6369999999999999e+02   2.3317725658416699e+00
   1.6390000000000001e+02   9.4930946350097699e+01
   1.6400000000000000e+02   7.8932769775390597e+01
   1.6419999999999999e+02   4.8723716735839799e+00
   1.6490000000000001e+02   1.9978264570236199e+00
   1.7100000000000000e+02   2.7482631206512500e+00
   1.7280000000000001e+02   4.2863483428955096e+00
   1.7419999999999999e+02   2.4804091453552202e+00
   1.7600000000000000e+02   5.7576551437377903e+00
   1.8609999999999999e+02   2.0985794067382799e+00
   1.8769999999999999e+02   2.4626479148864702e+00
   1.8790000000000001e+02   1.9701965332031300e+01
   1.8800000000000000e+02   1.9220457077026399e+01
   1.8809999999999999e+02   1.3515659332275400e+01
   1.8890000000000001e+02   1.9221869707107500e+00
   1.8900000000000000e+02   1.4835874557495099e+01
   1.8909999999999999e+02   6.1939187049865696e+00
   1.8980000000000001e+02   3.1407632827758798e+00
   1.8990000000000001e+02   8.1863136291503906e+01
   1.9000000000000000e+02   1.5610559082031301e+02
   1.9009999999999999e+02   1.3053964233398401e+02
   1.9019999999999999e+02   5.3912386894226101e+00
   1.9069999999999999e+02   2.3122849464416499e+00
   1.9080000000000001e+02   4.2407878875732401e+01
   1.9090000000000001e+02   9.4037094116210895e+01
   1.9100000000000000e+02   1.8242752075195301e+02
   1.9109999999999999e+02   2.5555446624755898e+01
   1.9180000000000001e+02   1.7921588897705099e+01
   1.9200000000000000e+02   3.8938098907470703e+01
   1.9209999999999999e+02   1.7232404708862301e+01
   1.9290000000000001e+02   2.1525709629058798e+00
   1.9319999999999999e+02   2.0234441757202100e+00
   1.9869999999999999e+02   1.9522697925567600e+00
   2.0690000000000001e+02   2.1841211318969700e+00
   2.1100000000000000e+02   5.7339420318603498e+00
   2.1469999999999999e+02   3.0929627418518102e+00
   2.1500000000000000e+02   2.9948509216308601e+01
   2.1509999999999999e+02   3.1173248291015598e+00
   2.1590000000000001e+02   1.1340873718261699e+01
   2.1609999999999999e+02   5.7690372467040998e+00
   2.1680000000000001e+02   2.0884220600128200e+00
   2.1869999999999999e+02   1.9838376045227100e+00
   2.1880000000000001e+02   9.0427455902099592e+00
   2.1890000000000001e+02   5.0114350318908700e+00
   2.3280000000000001e+02   2.5216907501220700e+01
   2.3309999999999999e+02   1.2081607818603500e+01
   2.3380000000000001e+02   1.9655079841613801e+00
   2.3690000000000001e+02   6.0905879974365199e+01
   2.4519999999999999e+02   3.3161010742187500e+00
   3.3989999999999998e+02   8.5815649032592791e+00
   3.4010000000000002e+02   4.8937493896484398e+02
   3.4019999999999999e+02   6.8408355712890602e+02
   3.4030000000000001e+02   7.2225317955017099e+00
   3.4080000000000001e+02   3.3724894523620601e+00
   3.4089999999999998e+02   1.4896068572998001e+01
   3.4110000000000002e+02   1.1755173492431599e+02
   3.4119999999999999e+02   1.0100472259521500e+02
   3.4130000000000001e+02   4.9772014617919901e+01
   3.4200000000000000e+02   1.5452547073364300e+01
   3.4219999999999999e+02   1.3260500907897899e+01
   3.4239999999999998e+02   2.2211606502532999e+00
