   4.0000000000000000e+01   2.9730356216430700e+01
   4.0799999999999997e+01   1.1307206153869600e+01
   4.1000000000000000e+01   3.1752258300781301e+02
   4.1100000000000001e+01   1.3558070373535199e+02
   4.2000000000000000e+01   1.4153809814453100e+03
   4.3000000000000000e+01   1.2051516723632800e+02
   4.3000000000000000e+01   9.1968399047851605e+01
   4.3100000000000001e+01   2.2735086441040000e+01
   4.4000000000000000e+01   2.7381921386718801e+02
   4.9899999999999999e+01   6.4077682495117202e+01
   5.0100000000000001e+01   3.1954568862915000e+01
   5.0799999999999997e+01   9.9795637130737305e+00
   5.0899999999999999e+01   1.9096774291992199e+02
   5.1000000000000000e+01   2.2065986633300801e+02
   5.1100000000000001e+01   3.4382114410400398e+01
   5.1899999999999999e+01   2.5204637527465799e+01
   5.2000000000000000e+01   5.3263530731201200e+01
   5.2799999999999997e+01   1.0606542587280300e+01
   5.2899999999999999e+01   9.8412712097167997e+01
   5.3100000000000001e+01   8.0054412841796903e+01
   5.3799999999999997e+01   1.4532094955444300e+01
   5.4000000000000000e+01   9.1947265625000000e+01
   5.4100000000000001e+01   4.8254257202148402e+01
   5.4899999999999999e+01   4.2050090789794901e+01
   5.5000000000000000e+01   4.5025143432617199e+02
   5.5200000000000003e+01   2.8715633392333999e+01
   5.5799999999999997e+01   1.2186057090759300e+01
   5.5899999999999999e+01   3.5546478271484403e+01
   5.6000000000000000e+01   1.6271983337402301e+02
   5.6200000000000003e+01   1.1784170150756800e+01
   5.6899999999999999e+01   4.4739982604980497e+01
   5.7000000000000000e+01   8.8512214660644503e+01
   5.7100000000000001e+01   7.3097553253173801e+00
   5.8899999999999999e+01   2.6601459503173800e+01
   5.9000000000000000e+01   8.2972335815429705e+00
   5.9200000000000003e+01   5.8928508758544904e+00
   6.1899999999999999e+01   2.8625671386718800e+01
   6.2899999999999999e+01   6.2257208824157697e+00
   6.3000000000000000e+01   2.0239309692382801e+02
   6.3100000000000001e+01   2.1553112030029300e+01
   6.3799999999999997e+01   4.2989788055419901e+01
   6.4000000000000000e+01   3.9450302124023402e+01
   6.4099999999999994e+01   2.6714008331298800e+01
   6.4900000000000006e+01   2.0944934082031301e+02
   6.5000000000000000e+01   6.0951672363281295e+02
   6.5900000000000006e+01   1.7617279052734400e+01
   6.6000000000000000e+01   1.1863967895507800e+02
   6.6200000000000003e+01   1.1647552490234400e+01
   6.6799999999999997e+01   8.8531255722045898e+00
   6.6900000000000006e+01   5.0663006591796898e+02
   6.7000000000000000e+01   1.1513414001464800e+02
   6.7200000000000003e+01   2.0040946960449201e+01
   6.7900000000000006e+01   7.9551277160644503e+01
   6.8000000000000000e+01   2.2925816345214801e+02
   6.8099999999999994e+01   5.2777400970458999e+01
   6.8900000000000006e+01   1.6015701293945301e+02
   6.9000000000000000e+01   1.4136186218261699e+02
   6.9799999999999997e+01   1.4804111480712900e+01
   7.0000000000000000e+01   1.7315225219726599e+02
   7.0000000000000000e+01   1.4450559997558599e+02
   7.0099999999999994e+01   3.5589057922363303e+01
   7.1000000000000000e+01   1.4917940139770501e+01
   7.2900000000000006e+01   1.0030146598815900e+01
   7.3000000000000000e+01   1.9248958587646499e+01
   7.3200000000000003e+01   2.9151391983032200e+00
   7.3900000000000006e+01   7.6038007736206099e+00
   7.4000000000000000e+01   2.1785442352294901e+01
   7.5000000000000000e+01   2.8854928970336900e+01
   7.5799999999999997e+01   1.5545416831970201e+01
   7.6000000000000000e+01   8.9704475402832003e+01
   7.6099999999999994e+01   1.5511763572692900e+01
   7.7000000000000000e+01   2.1275341796875000e+03
   7.8000000000000000e+01   3.8434634399414102e+02
   7.8099999999999994e+01   8.8931526184082003e+01
   7.9000000000000000e+01   6.7232348632812500e+02
   7.9799999999999997e+01   8.3218469619750994e+00
   7.9900000000000006e+01   8.6689071655273395e+01
   8.0000000000000000e+01   1.0437336730957000e+02
   8.0799999999999997e+01   1.5945032119751000e+01
   8.0900000000000006e+01   3.2313407897949197e+01
   8.1099999999999994e+01   1.2090626525878901e+02
   8.1799999999999997e+01   2.3189777374267599e+01
   8.2000000000000000e+01   1.4455084228515599e+02
   8.2099999999999994e+01   1.5348208618164099e+02
   8.2799999999999997e+01   8.5351905822753906e+00
   8.3000000000000000e+01   5.3220146179199197e+01
   8.3900000000000006e+01   3.5606563568115199e+01
   8.4099999999999994e+01   2.6918674468994102e+01
   8.4799999999999997e+01   6.3495373725891104e+00
   8.5900000000000006e+01   7.8658599853515598e+00
   8.8799999999999997e+01   3.1489006042480501e+01
   8.9000000000000000e+01   1.3769322204589801e+02
   8.9099999999999994e+01   4.8652664184570298e+01
   8.9900000000000006e+01   1.8099571228027301e+01
   9.0000000000000000e+01   3.7261631011962898e+01
   9.0200000000000003e+01   4.4985710144042997e+01
   9.1000000000000000e+01   2.7463864746093800e+03
   9.2000000000000000e+01   1.8258992004394500e+02
   9.2000000000000000e+01   1.4181137084960901e+02
   9.2799999999999997e+01   2.3491050720214801e+01
   9.3000000000000000e+01   1.9750698852539099e+02
   9.3900000000000006e+01   1.0894595336914099e+02
   9.4099999999999994e+01   4.0105462646484398e+02
   9.5000000000000000e+01   2.0217633056640600e+03
   9.5000000000000000e+01   1.1868492187500000e+04
   9.5900000000000006e+01   1.0410008239746099e+02
   9.6000000000000000e+01   2.2608598632812500e+03
   9.6900000000000006e+01   8.6829437255859403e+01
   9.7000000000000000e+01   2.0563661193847699e+02
   9.7099999999999994e+01   1.6219842910766602e+01
   9.7900000000000006e+01   2.1847078323364300e+01
   9.8000000000000000e+01   1.2563367462158200e+02
   9.8200000000000003e+01   6.4630371093750000e+01
   1.0190000000000001e+02   4.0357120513916001e+01
   1.0200000000000000e+02   3.2168674468994098e+01
   1.0220000000000000e+02   7.6215624809265101e+00
   1.0280000000000000e+02   1.8253046035766602e+01
   1.0300000000000000e+02   3.5003530883789102e+02
   1.0309999999999999e+02   4.2270755004882801e+02
   1.0400000000000000e+02   2.3633750915527301e+02
   1.0400000000000000e+02   6.7605462646484398e+02
   1.0420000000000000e+02   2.0025693893432599e+01
   1.0490000000000001e+02   3.1438825607299801e+01
   1.0500000000000000e+02   2.0362902832031300e+03
   1.0580000000000000e+02   3.2772518157958999e+01
   1.0600000000000000e+02   1.4862344360351599e+02
   1.0609999999999999e+02   1.2433427429199200e+02
   1.0709999999999999e+02   1.2910191535949700e+01
   1.0909999999999999e+02   5.7104158401489302e+00
   1.1480000000000000e+02   2.5230663299560501e+01
   1.1500000000000000e+02   2.1868690490722699e+02
   1.1600000000000000e+02   4.5193752288818402e+01
   1.1609999999999999e+02   2.8148363113403299e+01
   1.1680000000000000e+02   1.0183735847473100e+01
   1.1690000000000001e+02   2.3103263854980500e+02
   1.1700000000000000e+02   1.8134196472168000e+02
   1.1800000000000000e+02   3.9594079589843801e+02
   1.1809999999999999e+02   1.2550138854980500e+02
   1.1820000000000000e+02   6.2826642990112296e+00
   1.1880000000000000e+02   8.5811758041381800e+00
   1.1890000000000001e+02   6.4887779235839801e+01
   1.1909999999999999e+02   8.3364997863769503e+01
   1.1990000000000001e+02   2.2721708297729499e+01
   1.2009999999999999e+02   1.7107709884643601e+01
   1.2790000000000001e+02   8.4544820785522496e+00
   1.2809999999999999e+02   2.0489067077636701e+01
   1.2890000000000001e+02   2.6177242279052699e+01
   1.2900000000000000e+02   2.5429073333740199e+01
   1.2909999999999999e+02   3.1914245605468800e+01
   1.2990000000000001e+02   2.3914506912231399e+01
   1.3000000000000000e+02   6.3764099121093795e+02
   1.3009999999999999e+02   4.8045669555664102e+02
   1.3019999999999999e+02   4.3739048004150398e+01
   1.3090000000000001e+02   1.2536087036132800e+02
   1.3100000000000000e+02   2.7877908325195301e+02
   1.3119999999999999e+02   7.7941925048828097e+01
   1.3190000000000001e+02   1.4243780517578099e+02
   1.3200000000000000e+02   6.9755920410156295e+02
   1.3280000000000001e+02   1.7555143356323200e+01
   1.3300000000000000e+02   9.7495414733886705e+01
   1.3319999999999999e+02   1.9363161087036101e+01
   1.3380000000000001e+02   6.1001424789428702e+00
   1.3400000000000000e+02   7.4413394927978498e+00
   1.3690000000000001e+02   4.3435012817382798e+01
   1.3700000000000000e+02   8.6643524169921903e+01
   1.3790000000000001e+02   1.0695765495300300e+01
   1.3809999999999999e+02   1.2256875038146999e+01
   1.3890000000000001e+02   9.5066385269165004e+00
   1.3900000000000000e+02   1.4221607208251999e+01
   1.4080000000000001e+02   1.2923397064209000e+01
   1.4090000000000001e+02   1.3592045783996600e+01
   1.4180000000000001e+02   2.7432582855224599e+01
   1.4290000000000001e+02   1.5333632469177200e+01
   1.4309999999999999e+02   2.1050266265869102e+01
   1.4400000000000000e+02   9.1599822998046903e+01
   1.4409999999999999e+02   6.8405342102050795e+01
   1.4480000000000001e+02   1.3322819709777800e+01
   1.4500000000000000e+02   6.6227462768554702e+01
   1.4600000000000000e+02   1.0342797851562500e+02
   1.4609999999999999e+02   1.3714743041992199e+02
   1.4700000000000000e+02   5.9313759803771999e+00
   1.5480000000000001e+02   8.3006715774536100e-01
   1.5500000000000000e+02   3.8051219940185497e+01
   1.5569999999999999e+02   6.9243369102478001e+00
   1.5590000000000001e+02   3.1325855255126999e+01
   1.5600000000000000e+02   7.1533260345459002e+00
   1.5690000000000001e+02   1.2306181907653800e+01
   1.5790000000000001e+02   1.6708177566528299e+01
   1.5800000000000000e+02   7.6495117187500000e+02
   1.5819999999999999e+02   8.1841438293457003e+01
   1.5890000000000001e+02   8.3974441528320298e+01
   1.5900000000000000e+02   2.0006785583496099e+02
   1.5909999999999999e+02   2.5083438873291001e+01
   1.5990000000000001e+02   1.0841783905029300e+02
   1.6000000000000000e+02   5.5219886779785199e+01
   1.6009999999999999e+02   2.3171997070312500e+01
   1.6080000000000001e+02   8.7658176422119105e+00
   1.6209999999999999e+02   6.0453748703002903e+00
   1.6290000000000001e+02   1.2736858367919901e+01
   1.6800000000000000e+02   6.9096350669860804e+00
   1.6809999999999999e+02   6.4405446052551296e+00
   1.6980000000000001e+02   6.1637911796569798e+00
   1.6990000000000001e+02   1.9196615600585901e+02
   1.7000000000000000e+02   2.8143212890625000e+02
   1.7019999999999999e+02   1.0604967117309601e+01
   1.7069999999999999e+02   5.9425272941589400e+00
   1.7100000000000000e+02   1.0357774353027300e+02
   1.7109999999999999e+02   6.8642837524414105e+01
   1.7200000000000000e+02   6.7909393310546902e+00
   1.7219999999999999e+02   5.8840947151184100e+00
   1.7509999999999999e+02   6.7113728523254403e+00
   1.8190000000000001e+02   6.4084167480468803e+00
   1.8390000000000001e+02   1.5427515983581500e+01
   1.8400000000000000e+02   2.0772132873535199e+02
   1.8409999999999999e+02   9.7438972473144503e+01
   1.8419999999999999e+02   8.2265481948852504e+00
   1.8490000000000001e+02   4.6593852996826200e+01
   1.8500000000000000e+02   1.6737698364257801e+02
   1.8519999999999999e+02   4.6195091247558601e+01
   1.8600000000000000e+02   7.8146064758300795e+01
   1.8609999999999999e+02   3.1501104736328102e+02
   1.8669999999999999e+02   8.6977386474609393e+00
   1.8690000000000001e+02   1.0261139678955099e+02
   1.8709999999999999e+02   5.8708648681640602e+02
   1.8719999999999999e+02   5.4521217346191399e+01
   1.8800000000000000e+02   9.0545425415039105e+01
   1.8809999999999999e+02   2.6896224975585898e+02
   1.8880000000000001e+02   1.9844736099243200e+01
   1.8900000000000000e+02   1.0389168548584000e+02
   1.8909999999999999e+02   4.7360942840576200e+01
   1.9300000000000000e+02   6.3836660385131800e+00
   1.9890000000000001e+02   6.2584543228149396e+00
   2.0669999999999999e+02   5.3163361549377397e+00
   2.0690000000000001e+02   8.1908540725708008e+00
   2.1059999999999999e+02   6.7101016044616699e+00
   2.1080000000000001e+02   7.7682762145996103e+00
   2.1100000000000000e+02   3.8497539520263700e+01
   2.1109999999999999e+02   6.2330867767333999e+01
   2.1209999999999999e+02   1.8945360183715799e+01
   2.1300000000000000e+02   2.1404905319213899e+01
   2.1480000000000001e+02   7.1396575927734403e+01
   2.1500000000000000e+02   9.3971679687500000e+01
   2.1609999999999999e+02   8.1150045394897496e+00
   2.1690000000000001e+02   5.5760807991027797e+00
   2.1869999999999999e+02   6.7031908035278303e+00
   2.1890000000000001e+02   8.8827800750732404e+00
   2.3269999999999999e+02   1.0911193847656300e+01
   2.3300000000000000e+02   2.0090305328369102e+01
   2.3309999999999999e+02   3.6633697509765597e+01
   2.3409999999999999e+02   5.9918322563171396e+00
   2.3690000000000001e+02   4.3356460571289098e+01
   2.3790000000000001e+02   5.4041399955749503e+00
   2.3909999999999999e+02   6.8019504547119096e+00
   2.4009999999999999e+02   4.8891147460937500e+03
   2.4080000000000001e+02   2.5290195465087901e+01
   2.4100000000000000e+02   3.2100115966796898e+02
   2.4109999999999999e+02   5.2682519531250000e+02
   2.4200000000000000e+02   2.8474203109741200e+01
   2.4209999999999999e+02   4.4127536773681598e+01
   2.5380000000000001e+02   6.8271527290344203e+00
   2.7910000000000002e+02   6.0384707450866699e+00
   2.8210000000000002e+02   6.9632058143615696e+00
   2.8300000000000000e+02   1.3322135925293000e+02
   2.8310000000000002e+02   9.0036992187500000e+03
   2.8410000000000002e+02   5.6127777099609398e+02
   2.8410000000000002e+02   1.1989438476562500e+03
   2.8500000000000000e+02   1.2250038146972700e+02
   2.8510000000000002e+02   1.1871171569824200e+02
   2.9289999999999998e+02   4.3874874114990199e+00
   2.9310000000000002e+02   1.3711355209350600e+01
   3.3200000000000000e+02   1.9842628479003899e+01
   3.3219999999999999e+02   8.8397247314453097e+01
   3.3230000000000001e+02   2.1201725006103501e+01
   3.3300000000000000e+02   1.2984704017639199e+01
