   4.0100000000000001e+01   2.9195169067382801e+02
   4.1100000000000001e+01   6.9856948242187500e+03
   4.2100000000000001e+01   1.0084425781250000e+04
   4.3100000000000001e+01   1.8310498046875000e+04
   4.4100000000000001e+01   6.2034233398437500e+03
   4.4899999999999999e+01   7.3597587585449205e+01
   4.5000000000000000e+01   1.0928278350830099e+02
   5.0000000000000000e+01   3.5623333740234398e+02
   5.0899999999999999e+01   2.1131622314453100e+01
   5.1000000000000000e+01   8.8987194824218795e+02
   5.1899999999999999e+01   1.6963046264648401e+02
   5.2000000000000000e+01   2.0664363098144500e+02
   5.2100000000000001e+01   2.6214994430541999e+01
   5.2700000000000003e+01   1.1257136344909700e+01
   5.2899999999999999e+01   4.9740016937255902e+01
   5.3000000000000000e+01   5.8806054687500000e+02
   5.3100000000000001e+01   4.4590057373046903e+01
   5.3899999999999999e+01   8.0879768371582003e+01
   5.4100000000000001e+01   9.0262139892578102e+02
   5.5000000000000000e+01   2.4637194824218800e+03
   5.6000000000000000e+01   1.7926206054687500e+03
   5.6200000000000003e+01   2.6160715103149400e+01
   5.7000000000000000e+01   1.6513937988281300e+03
   5.7899999999999999e+01   6.2089813232421903e+01
   5.8000000000000000e+01   5.9734153747558601e+01
   5.8200000000000003e+01   3.4517425537109403e+01
   5.8799999999999997e+01   7.1661705017089801e+01
   6.1000000000000000e+01   1.3493103981018100e+01
   6.1899999999999999e+01   7.4406845092773395e+01
   6.2000000000000000e+01   7.4565063476562500e+01
   6.3000000000000000e+01   5.0940112304687500e+02
   6.3100000000000001e+01   2.4827638244628901e+02
   6.3899999999999999e+01   1.1576837158203099e+02
   6.4000000000000000e+01   2.2844180297851599e+02
   6.4200000000000003e+01   1.2769733428955099e+01
   6.4900000000000006e+01   1.5038333129882801e+02
   6.5000000000000000e+01   3.0900532226562500e+03
   6.5900000000000006e+01   1.1197126770019500e+02
   6.6000000000000000e+01   1.7617366027832000e+02
   6.6099999999999994e+01   9.2437187194824205e+01
   6.7000000000000000e+01   4.1307290649414102e+02
   6.7000000000000000e+01   1.3591038818359400e+03
   6.7799999999999997e+01   3.5997348785400398e+01
   6.8099999999999994e+01   2.7351303710937500e+03
   6.9000000000000000e+01   2.8464028320312500e+03
   7.0099999999999994e+01   4.7687001953125000e+03
   7.1099999999999994e+01   1.1409308593750000e+04
   7.2000000000000000e+01   3.5373742675781301e+02
   7.2099999999999994e+01   2.1180876159668000e+02
   7.2799999999999997e+01   3.5850856781005902e+01
   7.3000000000000000e+01   4.1361648559570298e+01
   7.3200000000000003e+01   1.1201843261718800e+01
   7.3900000000000006e+01   2.7751277923583999e+01
   7.4000000000000000e+01   1.9571653747558599e+02
   7.4900000000000006e+01   2.3604614257812500e+02
   7.5000000000000000e+01   1.3188621826171900e+03
   7.6000000000000000e+01   1.2788413238525401e+02
   7.6099999999999994e+01   2.9742068481445301e+02
   7.7000000000000000e+01   4.7216376953125000e+03
   7.7900000000000006e+01   1.0773262023925801e+01
   7.8000000000000000e+01   1.6626832275390600e+03
   7.9000000000000000e+01   4.3393012695312500e+03
   7.9900000000000006e+01   9.3249824523925795e+01
   8.0000000000000000e+01   8.0604870605468795e+02
   8.0099999999999994e+01   1.1091717529296901e+02
   8.0799999999999997e+01   4.8336265563964801e+01
   8.0900000000000006e+01   1.9016416931152301e+02
   8.1099999999999994e+01   3.1294912719726602e+02
   8.2000000000000000e+01   2.5254631347656300e+03
   8.3000000000000000e+01   1.6000498046875000e+03
   8.3099999999999994e+01   4.9465042114257798e+01
   8.3900000000000006e+01   3.9296703338622997e+01
   8.4000000000000000e+01   1.1366038818359400e+03
   8.5000000000000000e+01   8.3804672241210895e+01
   8.5200000000000003e+01   1.2722253799438500e+01
   8.7799999999999997e+01   9.3730106353759801e+00
   8.8000000000000000e+01   1.0976121902465801e+01
   8.8900000000000006e+01   3.5353881835937500e+01
   8.9000000000000000e+01   8.1410205078125000e+02
   8.9200000000000003e+01   1.2763890266418500e+01
   9.0000000000000000e+01   2.1529086303710901e+02
   9.0099999999999994e+01   3.1598980712890602e+02
   9.0200000000000003e+01   6.1627719879150398e+01
   9.1000000000000000e+01   1.4550730468750000e+04
   9.2000000000000000e+01   1.2119608154296900e+03
   9.2200000000000003e+01   1.8548193359375000e+02
   9.2799999999999997e+01   4.3040855407714801e+01
   9.3000000000000000e+01   1.6448786926269500e+02
   9.3000000000000000e+01   2.0951364135742199e+02
   9.3200000000000003e+01   3.2067230224609403e+01
   9.3900000000000006e+01   3.5963600158691399e+01
   9.4000000000000000e+01   1.6153485107421900e+03
   9.5000000000000000e+01   8.3680146484375000e+03
   9.6099999999999994e+01   1.0886344726562500e+04
   9.6900000000000006e+01   1.7888891220092798e+01
   9.7099999999999994e+01   1.9268271484375000e+03
   9.8000000000000000e+01   2.0158769226074199e+02
   9.8099999999999994e+01   2.3536915588378901e+02
   9.9900000000000006e+01   1.0051828384399400e+01
   1.0009999999999999e+02   2.6172990798950199e+01
   1.0080000000000000e+02   3.8942283630371101e+01
   1.0100000000000000e+02   2.1056634902954102e+01
   1.0109999999999999e+02   7.7906188964843807e+01
   1.0120000000000000e+02   1.9187635421752901e+01
   1.0180000000000000e+02   1.6571552276611300e+01
   1.0200000000000000e+02   5.5914337158203102e+02
   1.0300000000000000e+02   4.4609453125000000e+03
   1.0390000000000001e+02   4.5222137451171903e+01
   1.0400000000000000e+02   2.6329394531250000e+03
   1.0500000000000000e+02   1.5899032226562500e+04
   1.0600000000000000e+02   6.1041650390625000e+02
   1.0609999999999999e+02   8.9533544921875000e+02
   1.0700000000000000e+02   2.2121403503418000e+02
   1.0709999999999999e+02   8.0123046875000000e+01
   1.0780000000000000e+02   1.4144103050231900e+01
   1.0790000000000001e+02   2.4858531188964801e+02
   1.0800000000000000e+02   1.9249415588378901e+02
   1.0890000000000001e+02   8.9974006652832003e+01
   1.0900000000000000e+02   3.0592143554687500e+03
   1.1000000000000000e+02   1.3750003662109400e+03
   1.1009999999999999e+02   6.1015811920166001e+01
   1.1100000000000000e+02   3.3533349609375000e+03
   1.1190000000000001e+02   1.8559281921386699e+02
   1.1200000000000000e+02   6.5400610351562500e+02
   1.1280000000000000e+02   1.0354589462280300e+01
   1.1290000000000001e+02   4.7277065277099602e+01
   1.1309999999999999e+02   8.8652137756347699e+01
   1.1500000000000000e+02   4.6225161743164102e+02
   1.1590000000000001e+02   1.6901489257812500e+01
   1.1600000000000000e+02   1.3654418945312500e+02
   1.1609999999999999e+02   1.0884059143066401e+02
   1.1690000000000001e+02   2.6956741333007798e+01
   1.1700000000000000e+02   8.5342962646484398e+02
   1.1720000000000000e+02   1.8836763381958001e+01
   1.1790000000000001e+02   1.5991650390625000e+02
   1.1800000000000000e+02   1.5243104553222699e+02
   1.1900000000000000e+02   3.1276973724365199e+01
   1.1920000000000000e+02   3.5403331756591797e+01
   1.1990000000000001e+02   3.6349925994872997e+01
   1.2009999999999999e+02   4.3236347198486300e+01
   1.2090000000000001e+02   2.6925079345703102e+02
   1.2100000000000000e+02   3.9666607666015602e+02
   1.2200000000000000e+02   5.8055751953125000e+03
   1.2290000000000001e+02   6.6881919860839801e+01
   1.2300000000000000e+02   2.1656342773437500e+03
   1.2390000000000001e+02   5.2076858520507798e+01
   1.2400000000000000e+02   1.5164016113281300e+03
   1.2480000000000000e+02   1.1127649307251000e+01
   1.2490000000000001e+02   2.4486072540283200e+01
   1.2509999999999999e+02   1.1587281799316401e+02
   1.2609999999999999e+02   2.1792919158935501e+01
   1.2690000000000001e+02   2.7211423873901399e+01
   1.2709999999999999e+02   9.3921241760253906e+00
   1.2720000000000000e+02   1.2650481224060099e+01
   1.2790000000000001e+02   2.3552541732788100e+01
   1.2800000000000000e+02   1.4107987976074199e+02
   1.2809999999999999e+02   7.8698936462402301e+01
   1.2890000000000001e+02   5.0781181335449197e+01
   1.2909999999999999e+02   1.5338745117187500e+02
   1.2919999999999999e+02   9.1254663467407209e+00
   1.2930000000000001e+02   2.0858871459960898e+01
   1.2980000000000001e+02   1.3412940979003899e+01
   1.3000000000000000e+02   6.6682781982421898e+02
   1.3009999999999999e+02   1.1333908691406300e+03
   1.3100000000000000e+02   2.6573745727539102e+02
   1.3109999999999999e+02   3.3745245361328102e+02
   1.3190000000000001e+02   1.1202056121826200e+02
   1.3200000000000000e+02   5.6619543457031295e+02
   1.3219999999999999e+02   1.0418323516845700e+02
   1.3280000000000001e+02   6.0649673461914098e+01
   1.3300000000000000e+02   1.9245829772949199e+02
   1.3309999999999999e+02   7.2565429687500000e+01
   1.3390000000000001e+02   2.5612487792968800e+01
   1.3400000000000000e+02   3.7555328369140602e+02
   1.3409999999999999e+02   4.3293637084960898e+02
   1.3500000000000000e+02   2.1036401367187500e+03
   1.3600000000000000e+02   5.7560732421875000e+03
   1.3690000000000001e+02   2.5137321472168000e+02
   1.3700000000000000e+02   2.4099531250000000e+03
   1.3790000000000001e+02   1.9266923522949199e+02
   1.3809999999999999e+02   7.7368206787109398e+02
   1.3890000000000001e+02   1.8750494384765599e+02
   1.3909999999999999e+02   1.1325891113281300e+03
   1.4000000000000000e+02   8.3356216430664105e+01
   1.4009999999999999e+02   3.6683712005615199e+01
   1.4080000000000001e+02   9.8735704421997106e+00
   1.4100000000000000e+02   7.0239242553710895e+01
   1.4109999999999999e+02   3.9219799041747997e+01
   1.4200000000000000e+02   1.1802763938903800e+01
   1.4209999999999999e+02   1.0265329360961900e+01
   1.4280000000000001e+02   3.0528697967529300e+01
   1.4300000000000000e+02   5.0760345458984403e+01
   1.4309999999999999e+02   2.6770048141479499e+01
   1.4390000000000001e+02   8.0118354797363295e+01
   1.4400000000000000e+02   4.1482696533203102e+02
   1.4480000000000001e+02   2.7023422241210898e+01
   1.4500000000000000e+02   1.6649365234375000e+02
   1.4600000000000000e+02   1.3601779174804699e+02
   1.4600000000000000e+02   3.1815414428710898e+02
   1.4619999999999999e+02   3.0386980056762699e+01
   1.4680000000000001e+02   5.3931972503662102e+01
   1.4700000000000000e+02   7.7547958374023395e+01
   1.4719999999999999e+02   6.6447593688964801e+01
   1.4800000000000000e+02   7.0355600585937500e+03
   1.4900000000000000e+02   5.2406499023437500e+03
   1.4909999999999999e+02   4.0908523559570298e+01
   1.5009999999999999e+02   7.9877031250000000e+03
   1.5100000000000000e+02   1.1220761871337901e+02
   1.5109999999999999e+02   1.4002263183593800e+03
   1.5190000000000001e+02   9.2433135986328097e+01
   1.5200000000000000e+02   1.9906628417968801e+02
   1.5209999999999999e+02   4.6259643554687500e+01
   1.5290000000000001e+02   6.1067760467529297e+01
   1.5319999999999999e+02   1.2037554740905801e+01
   1.5390000000000001e+02   2.3075622558593800e+01
   1.5409999999999999e+02   8.1342208862304702e+01
   1.5480000000000001e+02   1.8517826080322301e+01
   1.5500000000000000e+02   8.3100540161132798e+01
   1.5509999999999999e+02   9.3408975601196307e+00
   1.5590000000000001e+02   2.3196815490722699e+01
   1.5600000000000000e+02   3.8712352752685497e+01
   1.5609999999999999e+02   3.1710493087768601e+01
   1.5700000000000000e+02   5.2245086669921903e+01
   1.5719999999999999e+02   2.4865566253662099e+01
   1.5790000000000001e+02   1.1420447540283200e+02
   1.5809999999999999e+02   1.2585548400878901e+02
   1.5819999999999999e+02   6.5166465759277301e+01
   1.5869999999999999e+02   1.3852310180664100e+01
   1.5890000000000001e+02   3.6308975219726598e+01
   1.5900000000000000e+02   1.2329498291015599e+02
   1.5909999999999999e+02   1.3182193756103500e+01
   1.6000000000000000e+02   2.4944508361816401e+02
   1.6009999999999999e+02   1.3332128906250000e+03
   1.6080000000000001e+02   1.0320875167846699e+01
   1.6100000000000000e+02   1.8907630920410199e+02
   1.6109999999999999e+02   2.2996168518066401e+02
   1.6119999999999999e+02   1.1031684875488301e+01
   1.6200000000000000e+02   4.7931289672851602e+02
   1.6209999999999999e+02   5.2751898193359398e+02
   1.6290000000000001e+02   3.1222778320312500e+02
   1.6309999999999999e+02   8.2390386962890602e+02
   1.6409999999999999e+02   3.7368769531250000e+04
   1.6509999999999999e+02   4.4249804687500000e+03
   1.6590000000000001e+02   1.9701910018920898e+01
   1.6600000000000000e+02   6.5253558349609398e+02
   1.6690000000000001e+02   2.5107219696044901e+01
   1.6700000000000000e+02   4.1434646606445298e+01
   1.7000000000000000e+02   6.1534698486328097e+01
   1.7080000000000001e+02   1.3906881332397500e+01
   1.7180000000000001e+02   9.3828344345092791e+00
   1.7200000000000000e+02   3.1017671585083001e+01
   1.7400000000000000e+02   6.8508628845214801e+01
   1.7490000000000001e+02   8.7121398925781307e+01
   1.7500000000000000e+02   7.1992454528808594e+01
   1.7609999999999999e+02   1.6406839599609400e+03
   1.7690000000000001e+02   1.1718650817871101e+01
   1.7709999999999999e+02   1.0828388671875000e+03
   1.7780000000000001e+02   5.6826702117919901e+01
   1.7800000000000000e+02   1.6498921203613301e+02
   1.7809999999999999e+02   4.2216213989257801e+02
   1.7819999999999999e+02   2.6107509613037099e+01
   1.7900000000000000e+02   8.9388099670410199e+01
   1.7909999999999999e+02   5.3687126159667997e+01
   1.8000000000000000e+02   1.1612722396850600e+01
   1.8090000000000001e+02   8.6147331237792997e+01
   1.8100000000000000e+02   1.9004115295410199e+02
   1.8119999999999999e+02   1.7083496093750000e+01
   1.8190000000000001e+02   1.1070923614502000e+02
   1.8200000000000000e+02   1.9993238830566401e+02
   1.8219999999999999e+02   4.4362277984619098e+01
   1.8309999999999999e+02   3.9165683746337898e+01
   1.8409999999999999e+02   7.5227252197265602e+02
   1.8419999999999999e+02   2.7577438354492202e+01
   1.8490000000000001e+02   1.9430986404418899e+01
   1.8500000000000000e+02   1.3785745239257801e+02
   1.8509999999999999e+02   2.9897445678710898e+02
   1.8519999999999999e+02   3.2425872802734403e+01
   1.8600000000000000e+02   6.1666455078125000e+02
   1.8609999999999999e+02   1.5901220703125000e+03
   1.8700000000000000e+02   3.5648750305175803e+01
   1.8709999999999999e+02   5.2906872558593795e+02
   1.8730000000000001e+02   1.0965317726135300e+01
   1.8790000000000001e+02   5.2056861877441399e+01
   1.8809999999999999e+02   2.3531901855468800e+03
   1.8819999999999999e+02   6.3550994873046903e+01
   1.8900000000000000e+02   3.7749019622802699e+01
   1.8909999999999999e+02   3.5616763305664102e+02
   1.8980000000000001e+02   1.8112501144409201e+01
   1.8990000000000001e+02   6.8140922546386705e+01
   1.9000000000000000e+02   1.3812516784668000e+02
   1.9019999999999999e+02   1.9836267471313501e+01
   1.9080000000000001e+02   1.3686405181884799e+01
   1.9090000000000001e+02   2.5932800292968800e+01
   1.9109999999999999e+02   2.9368173217773398e+02
   1.9119999999999999e+02   4.6540264129638700e+01
   1.9190000000000001e+02   3.8207710266113303e+01
   1.9200000000000000e+02   8.0753845214843807e+01
   1.9219999999999999e+02   9.2707691192627006e+00
   1.9309999999999999e+02   2.1716236114501999e+01
   1.9890000000000001e+02   8.3523654937744105e+00
   2.0069999999999999e+02   9.0783166885375994e+00
   2.0280000000000001e+02   1.2658893585205099e+01
   2.0300000000000000e+02   1.2634943962097200e+01
   2.0380000000000001e+02   2.1894842147827099e+01
   2.0390000000000001e+02   4.0278400421142599e+01
   2.0509999999999999e+02   8.1194097900390602e+02
   2.0509999999999999e+02   9.6179913330078102e+02
   2.0600000000000000e+02   1.2287916564941401e+02
   2.0609999999999999e+02   1.8905097656250000e+03
   2.0709999999999999e+02   2.2943517578125000e+04
   2.0809999999999999e+02   1.0535611572265600e+03
   2.0809999999999999e+02   2.1737297363281300e+03
   2.0900000000000000e+02   1.0052520751953099e+02
   2.0909999999999999e+02   1.2545861053466800e+02
   2.1090000000000001e+02   5.3849716186523402e+00
   2.1109999999999999e+02   4.9058628082275402e-01
   2.1190000000000001e+02   9.3935785293579102e+00
   2.1390000000000001e+02   9.7393608093261701e+00
   2.1480000000000001e+02   1.1447994995117200e+02
   2.1580000000000001e+02   1.7065910339355501e+01
   2.1600000000000000e+02   1.1752524375915501e+01
   2.1800000000000000e+02   2.8511764526367202e+01
   2.1819999999999999e+02   9.7219371795654297e+00
   2.1869999999999999e+02   1.0302065849304199e+01
   2.1890000000000001e+02   3.7542152404785201e+00
   2.2000000000000000e+02   1.0814567565918001e+01
   2.3090000000000001e+02   4.2274822235107401e+01
   2.3109999999999999e+02   6.6204093933105497e+01
   2.3119999999999999e+02   9.9750003814697301e+00
   2.3190000000000001e+02   9.4851388931274396e+00
   2.3209999999999999e+02   2.1401866912841800e+01
   2.3280000000000001e+02   2.7409572601318399e+00
   2.3300000000000000e+02   1.1985070800781300e+02
   2.3409999999999999e+02   3.9086479492187500e+03
   2.3500000000000000e+02   3.3210742950439503e+01
   2.3509999999999999e+02   5.4735095214843795e+02
   2.3530000000000001e+02   3.8717838287353501e+01
   2.3590000000000001e+02   2.8435436248779300e+01
   2.3690000000000001e+02   3.8842327117919901e+01
   2.3700000000000000e+02   5.7862266540527301e+01
   2.4709999999999999e+02   4.8605106353759801e+01
   2.4800000000000000e+02   9.2408203125000000e+01
   2.4809999999999999e+02   3.3464511108398398e+02
   2.4900000000000000e+02   3.2156753540039098e+01
   2.5900000000000000e+02   1.0570045471191399e+01
   2.5930000000000001e+02   1.0187805175781300e+01
   2.7489999999999998e+02   3.8503341674804702e+01
   2.7510000000000002e+02   9.1133438110351605e+01
   2.7519999999999999e+02   6.1799934387207003e+01
   2.7610000000000002e+02   2.5762792968750000e+02
   2.7719999999999999e+02   6.5276101562500000e+04
   2.7819999999999999e+02   1.1804746093750000e+04
   2.7910000000000002e+02   6.2203924560546898e+02
   2.7919999999999999e+02   5.8411059570312500e+02
   2.7989999999999998e+02   3.0562238693237301e+01
   2.8010000000000002e+02   1.0394289016723601e+01
   2.9280000000000001e+02   1.9046419143676800e+01
   2.9680000000000001e+02   1.3765764236450201e+01
   2.9700000000000000e+02   7.7069091796875000e+01
   2.9719999999999999e+02   9.0835525512695298e+01
   3.2489999999999998e+02   1.3308150291442900e+01
   3.2519999999999999e+02   2.5874067306518601e+01
   3.6610000000000002e+02   1.2072109222412099e+02
   3.6630000000000001e+02   3.8358924865722699e+01
   3.6639999999999998e+02   9.3231487274169904e+00
   3.6719999999999999e+02   4.5769001007080099e+01
