   4.0100000000000001e+01   1.3010513305664099e+02
   4.0200000000000003e+01   4.5763111114502003e+01
   4.0899999999999999e+01   1.8239927673339801e+02
   4.1000000000000000e+01   2.2728242187500000e+03
   4.2100000000000001e+01   1.0251711914062500e+04
   4.2899999999999999e+01   2.2471799850463899e+01
   4.3000000000000000e+01   1.6442012939453100e+03
   4.4100000000000001e+01   3.9164060058593800e+03
   4.4899999999999999e+01   1.4460065841674799e+01
   4.5100000000000001e+01   3.8720760345458999e+01
   4.9799999999999997e+01   1.2602272033691399e+01
   5.0000000000000000e+01   5.9094885253906295e+02
   5.0100000000000001e+01   9.5726566314697301e+00
   5.1000000000000000e+01   2.0851494140625000e+03
   5.1899999999999999e+01   2.1752337646484401e+02
   5.2000000000000000e+01   3.9144522094726602e+02
   5.2100000000000001e+01   1.0397633552551300e+01
   5.2899999999999999e+01   1.8686740112304699e+02
   5.3000000000000000e+01   6.2501330566406295e+02
   5.3899999999999999e+01   1.8835169982910199e+02
   5.4100000000000001e+01   1.0508746337890600e+03
   5.5000000000000000e+01   2.1333417968750000e+04
   5.5899999999999999e+01   1.2796333312988300e+02
   5.6000000000000000e+01   2.2567409667968800e+03
   5.6899999999999999e+01   9.4693435668945298e+01
   5.7000000000000000e+01   1.0721203613281300e+03
   5.7100000000000001e+01   2.1684513092041001e+01
   5.7899999999999999e+01   5.5136283874511697e+01
   5.8000000000000000e+01   1.0843581390380901e+02
   5.8200000000000003e+01   1.0461068153381300e+01
   5.8799999999999997e+01   1.3657393455505400e+01
   5.8899999999999999e+01   6.1913780212402301e+01
   5.9100000000000001e+01   9.0124160766601605e+01
   5.9200000000000003e+01   3.2423717498779297e+01
   6.0899999999999999e+01   2.5600830078125000e+01
   6.1000000000000000e+01   2.4008447647094702e+01
   6.1799999999999997e+01   2.7835247039794901e+01
   6.2000000000000000e+01   2.0182904052734401e+02
   6.2899999999999999e+01   3.1381161499023398e+02
   6.3000000000000000e+01   8.6164996337890602e+02
   6.3899999999999999e+01   2.3944674682617199e+02
   6.4000000000000000e+01   4.6059075927734398e+02
   6.4200000000000003e+01   1.3541516304016101e+01
   6.5000000000000000e+01   4.7533369140625000e+03
   6.5900000000000006e+01   3.3480599975585898e+02
   6.6000000000000000e+01   2.5628054809570301e+02
   6.6200000000000003e+01   9.3531608581542997e+01
   6.7000000000000000e+01   1.7833535156250000e+03
   6.8000000000000000e+01   2.1558063964843800e+03
   6.8099999999999994e+01   2.9866708755493200e+01
   6.8900000000000006e+01   3.9910495758056598e+01
   6.9000000000000000e+01   1.6179180908203100e+03
   6.9099999999999994e+01   6.0313945770263700e+01
   7.0099999999999994e+01   2.4582082519531300e+03
   7.0200000000000003e+01   6.1459381103515597e+01
   7.0900000000000006e+01   3.8270881652832003e+01
   7.1000000000000000e+01   2.6147750854492199e+02
   7.3000000000000000e+01   5.4959648132324197e+01
   7.3099999999999994e+01   3.4432952880859403e+01
   7.3799999999999997e+01   6.3585929870605497e+01
   7.4000000000000000e+01   1.4492230224609401e+02
   7.4200000000000003e+01   9.5119094848632795e+00
   7.4700000000000003e+01   1.1726249694824199e+01
   7.4900000000000006e+01   3.9759567260742202e+01
   7.5000000000000000e+01   3.4381091308593801e+02
   7.5900000000000006e+01   2.2488673400878901e+02
   7.6000000000000000e+01   2.4227368164062500e+02
   7.6099999999999994e+01   1.2794343566894500e+02
   7.7000000000000000e+01   1.3001453125000000e+04
   7.8000000000000000e+01   2.9289663085937500e+03
   7.8900000000000006e+01   6.3284263610839801e+01
   7.9000000000000000e+01   3.9035087890625000e+03
   8.0000000000000000e+01   9.8199066162109398e+02
   8.0099999999999994e+01   4.8463077545166001e+01
   8.0900000000000006e+01   1.0344586944580099e+02
   8.1000000000000000e+01   3.6577590942382801e+02
   8.1099999999999994e+01   4.9659538269042997e+01
   8.2000000000000000e+01   3.4420416259765602e+02
   8.2000000000000000e+01   1.2521856689453100e+03
   8.2099999999999994e+01   2.9439310073852500e+01
   8.3000000000000000e+01   2.0244454956054699e+02
   8.3099999999999994e+01   1.6899465942382801e+02
   8.4000000000000000e+01   4.0916632080078102e+02
   8.4099999999999994e+01   2.2045346069335901e+02
   8.4799999999999997e+01   1.2933379173278800e+01
   8.4900000000000006e+01   1.7026092529296900e+01
   8.5099999999999994e+01   1.3726058959960900e+01
   8.5200000000000003e+01   1.4976115226745600e+01
   8.5900000000000006e+01   2.3490192413330099e+01
   8.6700000000000003e+01   1.1074251174926800e+01
   8.6900000000000006e+01   1.0640543937683100e+01
   8.7099999999999994e+01   1.2107201576232899e+01
   8.8299999999999997e+01   1.9238315582275401e+01
   8.8900000000000006e+01   9.8921737670898395e+01
   8.9000000000000000e+01   7.5378448486328102e+02
   8.9099999999999994e+01   1.5461991882324199e+02
   8.9900000000000006e+01   1.1736216735839800e+02
   9.0000000000000000e+01   3.3715255737304699e+02
   9.0099999999999994e+01   4.6978628540039102e+02
   9.1000000000000000e+01   1.8383013671875000e+04
   9.2000000000000000e+01   2.1797053222656300e+03
   9.3000000000000000e+01   2.4020236816406300e+03
   9.4000000000000000e+01   1.9062337646484400e+03
   9.5000000000000000e+01   6.3441699218750000e+02
   9.5099999999999994e+01   4.0531985473632801e+02
   9.5200000000000003e+01   1.0946716308593800e+01
   9.6099999999999994e+01   8.8561982421875000e+03
   9.6900000000000006e+01   3.4007072448730497e+01
   9.7000000000000000e+01   1.0528231201171900e+03
   9.7200000000000003e+01   6.1795372009277301e+01
   9.8000000000000000e+01   6.2022985839843795e+02
   9.8099999999999994e+01   5.2300773620605497e+01
   9.9000000000000000e+01   1.2647873878479000e+01
   1.0070000000000000e+02   2.3237194061279300e+01
   1.0090000000000001e+02   2.8099338531494102e+01
   1.0100000000000000e+02   2.1720151901245099e+01
   1.0180000000000000e+02   2.0915575027465799e+01
   1.0200000000000000e+02   4.3946185302734398e+02
   1.0209999999999999e+02   1.3873265075683599e+02
   1.0300000000000000e+02   4.4619287109375000e+03
   1.0400000000000000e+02   5.6958837890625000e+03
   1.0500000000000000e+02   6.0823925781250000e+03
   1.0509999999999999e+02   6.2085273437500000e+03
   1.0600000000000000e+02   2.2866594238281300e+03
   1.0690000000000001e+02   1.3648896789550801e+02
   1.0700000000000000e+02   1.2025784301757800e+02
   1.0720000000000000e+02   1.2894177436828601e+01
   1.0780000000000000e+02   3.6874702453613303e+01
   1.0800000000000000e+02   5.0698863983154297e+01
   1.0820000000000000e+02   9.9917507171630895e+00
   1.0890000000000001e+02   3.7698699951171903e+01
   1.0900000000000000e+02   2.2849983215331999e+01
   1.1000000000000000e+02   6.5087066650390597e+01
   1.1009999999999999e+02   1.1561898231506300e+01
   1.1090000000000001e+02   3.2632171630859403e+01
   1.1490000000000001e+02   6.4381103515625000e+01
   1.1500000000000000e+02   6.8251208496093795e+02
   1.1600000000000000e+02   2.3005892944335901e+02
   1.1609999999999999e+02   2.2597045898437500e+02
   1.1700000000000000e+02   3.4965420532226602e+02
   1.1700000000000000e+02   2.3068630371093800e+03
   1.1800000000000000e+02   4.4393383789062500e+03
   1.1900000000000000e+02   4.6210824584960898e+02
   1.1909999999999999e+02   9.2267346191406295e+02
   1.1990000000000001e+02   1.0049343872070300e+02
   1.2000000000000000e+02   5.6736157226562500e+02
   1.2020000000000000e+02   1.1146644592285201e+01
   1.2120000000000000e+02   6.7593940734863295e+01
   1.2130000000000000e+02   1.7050500869751001e+01
   1.2159999999999999e+02   9.7110729217529297e+00
   1.2190000000000001e+02   1.4696046829223601e+01
   1.2209999999999999e+02   1.3164285659790000e+01
   1.2309999999999999e+02   1.0674028396606399e+01
   1.2390000000000001e+02   1.3625657081604000e+01
   1.2680000000000000e+02   1.3810108184814499e+01
   1.2700000000000000e+02   7.6812431335449205e+01
   1.2790000000000001e+02   1.2117832183837901e+02
   1.2800000000000000e+02   3.2491946411132801e+02
   1.2809999999999999e+02   9.3139175415039105e+01
   1.2880000000000001e+02   1.4336004257202100e+01
   1.2900000000000000e+02   2.9270327758789102e+02
   1.2919999999999999e+02   1.0400939941406300e+02
   1.3000000000000000e+02   2.7453338623046898e+02
   1.3009999999999999e+02   7.1639580078125000e+03
   1.3100000000000000e+02   3.5356865234375000e+03
   1.3209999999999999e+02   7.0134179687500000e+03
   1.3290000000000001e+02   3.4251224517822301e+01
   1.3300000000000000e+02   4.8777130126953102e+02
   1.3309999999999999e+02   6.0385729980468795e+02
   1.3390000000000001e+02   1.7089593887329102e+01
   1.3400000000000000e+02   1.9782731628418000e+02
   1.3409999999999999e+02   1.9488931274414099e+02
   1.3680000000000001e+02   7.3741790771484403e+01
   1.3700000000000000e+02   2.7575531005859398e+02
   1.3800000000000000e+02   2.3725868225097699e+01
   1.3809999999999999e+02   3.6695331573486300e+01
   1.3819999999999999e+02   1.1673480033874499e+01
   1.3890000000000001e+02   1.9621746826171901e+02
   1.3900000000000000e+02   7.0677673339843795e+02
   1.3990000000000001e+02   2.3482690811157202e+01
   1.4000000000000000e+02   4.5638076782226598e+01
   1.4090000000000001e+02   9.6186285018920898e+00
   1.4100000000000000e+02   4.5148731231689503e+01
   1.4109999999999999e+02   6.3218177795410199e+01
   1.4190000000000001e+02   2.8414218902587901e+01
   1.4219999999999999e+02   5.4171356201171903e+01
   1.4300000000000000e+02   1.3542776489257801e+02
   1.4300000000000000e+02   2.1670979309082000e+02
   1.4380000000000001e+02   1.8091911315918001e+01
   1.4400000000000000e+02   2.1985697937011699e+02
   1.4400000000000000e+02   8.8421221923828102e+02
   1.4409999999999999e+02   3.4950534057617199e+02
   1.4490000000000001e+02   2.8693162918090799e+01
   1.4500000000000000e+02   2.4445800781250000e+02
   1.4509999999999999e+02   7.3047314453125000e+02
   1.4609999999999999e+02   2.0661652343750000e+04
   1.4709999999999999e+02   2.8490336914062500e+03
   1.4800000000000000e+02   2.0856816101074199e+02
   1.4809999999999999e+02   5.6137902832031295e+02
   1.4900000000000000e+02   1.2875330924987800e+01
   1.4909999999999999e+02   2.3859905242919901e+01
   1.5380000000000001e+02   1.3064570426940900e+01
   1.5390000000000001e+02   1.2392592430114700e+01
   1.5400000000000000e+02   4.6158882141113303e+01
   1.5480000000000001e+02   4.8097526550292997e+01
   1.5500000000000000e+02   3.7459800720214801e+01
   1.5509999999999999e+02   4.1210945129394503e+01
   1.5580000000000001e+02   1.2003377914428700e+01
   1.5590000000000001e+02   3.2292026519775398e+01
   1.5600000000000000e+02   3.4590893554687500e+02
   1.5619999999999999e+02   2.0811756134033200e+01
   1.5690000000000001e+02   4.8225440979003899e+01
   1.5700000000000000e+02   2.2854003906250000e+02
   1.5719999999999999e+02   3.3134693145752003e+01
   1.5730000000000001e+02   1.3785871505737299e+01
   1.5800000000000000e+02   7.9032836914062500e+01
   1.5809999999999999e+02   4.8588378906250000e+03
   1.5880000000000001e+02   1.9853645324706999e+01
   1.5900000000000000e+02   1.1833579101562500e+03
   1.5909999999999999e+02   1.6423092651367199e+02
   1.6009999999999999e+02   1.4545660400390600e+03
   1.6080000000000001e+02   1.3344346046447800e+01
   1.6090000000000001e+02   8.7340065002441406e+01
   1.6109999999999999e+02   9.9729476928710895e+01
   1.6680000000000001e+02   2.4282657623291001e+01
   1.6700000000000000e+02   9.8086481094360405e+00
   1.6709999999999999e+02   1.9499830245971701e+01
   1.6800000000000000e+02   9.4320793151855497e+01
   1.6900000000000000e+02   2.5618816375732401e+01
   1.7000000000000000e+02   2.5522599792480500e+02
   1.7009999999999999e+02   6.5958503723144503e+01
   1.7090000000000001e+02   8.4253540039062500e+01
   1.7100000000000000e+02   6.4720939636230497e+01
   1.7200000000000000e+02   4.6327441406250000e+02
   1.7209999999999999e+02   1.8963066101074199e+02
   1.7290000000000001e+02   2.4110776901245099e+01
   1.7300000000000000e+02   2.2022311401367199e+02
   1.7319999999999999e+02   1.4798121452331500e+01
   1.7380000000000001e+02   1.1349403381347701e+01
   1.7390000000000001e+02   1.1809672355651900e+01
   1.8200000000000000e+02   1.1021421051025401e+02
   1.8219999999999999e+02   1.6173238754272500e+01
   1.8300000000000000e+02   5.8457382202148402e+01
   1.8309999999999999e+02   2.3619922637939499e+01
   1.8400000000000000e+02   5.0608905029296898e+02
   1.8409999999999999e+02   3.4983566284179699e+02
   1.8500000000000000e+02   2.0145516967773401e+02
   1.8509999999999999e+02   2.2087966918945301e+02
   1.8519999999999999e+02   1.7977626800537099e+01
   1.8600000000000000e+02   3.5819446563720703e+01
   1.8609999999999999e+02   1.5903912353515600e+03
   1.8690000000000001e+02   2.2500831604003899e+01
   1.8709999999999999e+02   1.0384896240234400e+03
   1.8709999999999999e+02   4.1099426269531301e+02
   1.8800000000000000e+02   1.7501013183593801e+02
   1.8809999999999999e+02   1.9920371093750000e+03
   1.8909999999999999e+02   6.6937841796875000e+03
   1.9009999999999999e+02   8.7728057861328102e+02
   1.9019999999999999e+02   5.6743713378906300e+01
   1.9090000000000001e+02   2.4891464233398398e+01
   1.9100000000000000e+02   3.4147144317627003e+01
   1.9119999999999999e+02   9.5792121887206996e+00
   1.9130000000000001e+02   9.6784553527831996e+00
   1.9390000000000001e+02   1.0279672622680700e+01
   1.9769999999999999e+02   1.0016383171081500e+01
   1.9800000000000000e+02   9.4786705017089801e+01
   1.9819999999999999e+02   4.2970058441162102e+01
   1.9900000000000000e+02   1.0931579589843800e+02
   1.9909999999999999e+02   1.4948385620117199e+02
   1.9930000000000001e+02   1.5481229782104499e+01
   2.0009999999999999e+02   2.1708591796875000e+04
   2.0109999999999999e+02   3.4207407226562500e+03
   2.0200000000000000e+02   8.9850730895996094e+01
   2.0200000000000000e+02   1.0530381774902300e+02
   2.0219999999999999e+02   7.7141021728515597e+01
   2.1080000000000001e+02   1.1629347801208500e+01
   2.1100000000000000e+02   4.8117282867431598e+01
   2.1109999999999999e+02   1.3496452331543001e+01
   2.1309999999999999e+02   1.0363129615783700e+01
   2.1390000000000001e+02   3.5252120971679702e+01
   2.1409999999999999e+02   2.8506884765625000e+02
   2.1480000000000001e+02   6.0864158630371101e+01
   2.1500000000000000e+02   2.0996484375000000e+02
   2.1509999999999999e+02   2.2509115219116200e+01
   2.1890000000000001e+02   1.0965372085571300e+01
   2.1900000000000000e+02   1.0188805580139199e+01
   2.2700000000000000e+02   2.0518695831298800e+01
   2.2800000000000000e+02   1.0342737197876000e+01
   2.2880000000000001e+02   9.6681594848632795e+00
   2.2900000000000000e+02   2.1321853637695298e+01
   2.3300000000000000e+02   1.1217694091796901e+02
   2.3680000000000001e+02   4.6777862548828097e+01
   2.3690000000000001e+02   7.6074760437011705e+01
   2.4019999999999999e+02   1.1734155654907200e+01
   2.4080000000000001e+02   1.1463157653808601e+01
   2.4090000000000001e+02   2.0208492279052699e+01
   2.4109999999999999e+02   5.3815433502197301e+01
   2.4130000000000001e+02   2.3062986373901399e+01
   2.4180000000000001e+02   3.7361175537109403e+01
   2.4200000000000000e+02   4.2256195068359403e+01
   2.4209999999999999e+02   1.1318860626220700e+02
   2.4219999999999999e+02   1.7078796386718801e+02
   2.4309999999999999e+02   5.4179730468750000e+04
   2.4409999999999999e+02   9.1889736328125000e+03
   2.4490000000000001e+02   3.2783004760742202e+01
   2.4509999999999999e+02   5.8027301025390602e+02
   2.4519999999999999e+02   4.0119967651367199e+02
   2.4600000000000000e+02   2.7403312683105501e+01
   2.7489999999999998e+02   1.2549230575561500e+01
   2.7900000000000000e+02   7.4191810607910199e+01
   2.7910000000000002e+02   9.0905990600585895e+01
   2.7930000000000001e+02   1.4496063232421900e+01
   2.8019999999999999e+02   4.4845783233642599e+01
   3.3200000000000000e+02   3.1022459030151399e+01
   3.3219999999999999e+02   2.1756637573242202e+01
