   4.0100000000000001e+01   6.2442684173583999e+01
   4.1100000000000001e+01   2.6660883789062500e+03
   4.2100000000000001e+01   6.2095336914062500e+03
   4.2899999999999999e+01   1.1205923080444300e+01
   4.3000000000000000e+01   9.2504327392578102e+02
   4.4000000000000000e+01   2.4596857910156300e+03
   4.5000000000000000e+01   5.3880962371826200e+01
   4.9799999999999997e+01   1.3554737091064499e+01
   4.9899999999999999e+01   1.8406204223632801e+02
   5.0000000000000000e+01   1.4214721679687500e+02
   5.0100000000000001e+01   3.4054080963134801e+01
   5.0799999999999997e+01   1.2536267280578601e+01
   5.1000000000000000e+01   7.0181188964843795e+02
   5.1100000000000001e+01   6.2540148925781295e+02
   5.1899999999999999e+01   2.1483283996582000e+02
   5.2000000000000000e+01   1.8925926208496099e+02
   5.2899999999999999e+01   2.1079806518554699e+02
   5.3000000000000000e+01   2.7503057861328102e+02
   5.3100000000000001e+01   4.2919368743896499e+01
   5.4000000000000000e+01   4.0498565673828102e+02
   5.4799999999999997e+01   1.9519498825073200e+01
   5.5000000000000000e+01   1.5926291503906300e+03
   5.5200000000000003e+01   1.7570848464965799e+01
   5.5799999999999997e+01   1.0294978141784700e+01
   5.6000000000000000e+01   1.0286868896484400e+03
   5.6200000000000003e+01   7.1100440979003906e+01
   5.7000000000000000e+01   1.0072051757812500e+04
   5.7899999999999999e+01   2.6875604629516602e+01
   5.8000000000000000e+01   1.0031029052734400e+03
   5.8899999999999999e+01   1.0968067932128901e+02
   5.9000000000000000e+01   2.7299598693847699e+01
   6.1000000000000000e+01   2.5050611495971701e+01
   6.1799999999999997e+01   2.3585599899291999e+01
   6.2000000000000000e+01   9.0684196472167997e+01
   6.2100000000000001e+01   2.4373256683349599e+01
   6.2899999999999999e+01   1.0712698364257800e+02
   6.3000000000000000e+01   6.1572521972656295e+02
   6.3799999999999997e+01   6.5641624450683594e+01
   6.4000000000000000e+01   1.8166436767578099e+02
   6.4099999999999994e+01   1.0424484252929700e+02
   6.4200000000000003e+01   5.3110618591308601e+01
   6.5000000000000000e+01   2.7510012207031300e+03
   6.5900000000000006e+01   6.2723258972167997e+01
   6.6000000000000000e+01   3.6223928833007801e+02
   6.6099999999999994e+01   1.5455950927734401e+02
   6.7000000000000000e+01   7.8591510009765602e+02
   6.7099999999999994e+01   6.8905197143554702e+01
   6.8000000000000000e+01   1.1755655517578100e+03
   6.8099999999999994e+01   1.5462681579589801e+02
   6.8900000000000006e+01   8.7744171142578097e+01
   6.9099999999999994e+01   1.2260919189453100e+03
   6.9799999999999997e+01   3.5914028167724602e+01
   7.0099999999999994e+01   1.2776304931640600e+03
   7.0200000000000003e+01   7.8649398803710895e+01
   7.0900000000000006e+01   7.7399147033691406e+01
   7.1000000000000000e+01   1.5359025573730500e+02
   7.1099999999999994e+01   3.8273357391357401e+01
   7.2000000000000000e+01   1.0382984161376999e+01
   7.2799999999999997e+01   1.0704683303833001e+01
   7.2900000000000006e+01   1.0983002662658700e+01
   7.3099999999999994e+01   1.0941143035888700e+01
   7.3900000000000006e+01   7.7915985107421903e+01
   7.4000000000000000e+01   5.0165794372558601e+01
   7.4099999999999994e+01   1.6257894515991200e+01
   7.4799999999999997e+01   1.5518462181091300e+01
   7.4900000000000006e+01   8.6832473754882798e+01
   7.5000000000000000e+01   1.1507408905029300e+02
   7.5799999999999997e+01   1.2257541656494100e+01
   7.5900000000000006e+01   1.6675102233886699e+02
   7.6099999999999994e+01   2.6497280883789102e+02
   7.7000000000000000e+01   8.0696367187500000e+03
   7.8000000000000000e+01   1.6103748779296900e+03
   7.9099999999999994e+01   2.8916394042968800e+03
   8.0000000000000000e+01   4.3057546997070301e+02
   8.0099999999999994e+01   9.5568305969238295e+01
   8.0900000000000006e+01   2.1499320983886701e+01
   8.1000000000000000e+01   7.9168457031250000e+02
   8.1900000000000006e+01   3.2199420928955099e+01
   8.2000000000000000e+01   1.0109060668945300e+03
   8.3099999999999994e+01   4.0195196533203102e+02
   8.4000000000000000e+01   1.7193146972656300e+03
   8.5000000000000000e+01   1.2567078399658200e+02
   8.7799999999999997e+01   1.1818411827087401e+01
   8.9000000000000000e+01   3.4999533081054699e+02
   8.9099999999999994e+01   2.4766696166992199e+02
   8.9799999999999997e+01   2.8353532791137699e+01
   9.0000000000000000e+01   1.4254087829589801e+02
   9.0099999999999994e+01   2.3514302062988301e+02
   9.1000000000000000e+01   1.0823647460937500e+04
   9.1700000000000003e+01   1.0254513740539601e+01
   9.1900000000000006e+01   1.4559097290039099e+02
   9.2000000000000000e+01   1.2839997558593800e+03
   9.2299999999999997e+01   1.4394653320312500e+01
   9.2900000000000006e+01   6.3197341918945298e+01
   9.3000000000000000e+01   3.2948369140625000e+03
   9.3900000000000006e+01   2.5673043823242199e+02
   9.4000000000000000e+01   9.3363244628906295e+02
   9.4099999999999994e+01   2.8060031127929699e+02
   9.5000000000000000e+01   2.3950717163085901e+02
   9.5099999999999994e+01   7.5388053894042997e+01
   9.6000000000000000e+01   4.4962731933593801e+02
   9.6099999999999994e+01   7.1711584472656295e+02
   9.6900000000000006e+01   1.1368837738037099e+02
   9.7099999999999994e+01   3.9970954895019503e+01
   9.7200000000000003e+01   1.1654718399047900e+01
   9.7799999999999997e+01   1.0723997116088899e+01
   9.8000000000000000e+01   1.6090087890625000e+02
   9.8099999999999994e+01   1.8979545593261699e+02
   9.9799999999999997e+01   1.0784040451049799e+01
   1.0109999999999999e+02   1.0775162696838400e+01
   1.0140000000000001e+02   1.8392210006713899e+01
   1.0180000000000000e+02   4.0248828887939503e+01
   1.0200000000000000e+02   2.4784489440918000e+02
   1.0209999999999999e+02   5.1183300018310497e+01
   1.0300000000000000e+02   2.7751232910156300e+03
   1.0400000000000000e+02   3.8289016113281300e+03
   1.0509999999999999e+02   9.4191855468750000e+03
   1.0600000000000000e+02   1.8661175537109400e+03
   1.0690000000000001e+02   1.0035066986084000e+02
   1.0709999999999999e+02   2.2495587158203099e+02
   1.0800000000000000e+02   3.6340914916992199e+02
   1.0809999999999999e+02   4.7535549926757801e+02
   1.0900000000000000e+02   3.4358212280273398e+02
   1.0909999999999999e+02   2.2009577941894500e+02
   1.1009999999999999e+02   4.2668520507812500e+03
   1.1090000000000001e+02   2.7015937805175799e+01
   1.1100000000000000e+02   3.0893066406250000e+02
   1.1109999999999999e+02   1.2842962646484401e+02
   1.1190000000000001e+02   3.0058435440063501e+01
   1.1200000000000000e+02   2.1836907958984401e+02
   1.1209999999999999e+02   8.2088607788085895e+01
   1.1480000000000000e+02   1.2271721839904799e+01
   1.1500000000000000e+02   2.8473171997070301e+02
   1.1509999999999999e+02   1.7347135925293000e+02
   1.1590000000000001e+02   9.3678367614746094e+01
   1.1609999999999999e+02   1.4755062866210901e+02
   1.1690000000000001e+02   2.3227528381347699e+02
   1.1700000000000000e+02   1.5194359130859400e+03
   1.1800000000000000e+02   3.3764287109375000e+03
   1.1890000000000001e+02   7.6971580505371094e+01
   1.1900000000000000e+02   1.0122715454101600e+03
   1.1920000000000000e+02   6.6921318054199205e+01
   1.2000000000000000e+02   2.1292805480957000e+02
   1.2009999999999999e+02   4.2997268676757801e+02
   1.2090000000000001e+02   1.3176870346069300e+01
   1.2109999999999999e+02   2.4218818664550799e+01
   1.2120000000000000e+02   1.1769659042358400e+01
   1.2690000000000001e+02   1.1966263771057100e+01
   1.2700000000000000e+02   2.4908548355102500e+01
   1.2780000000000000e+02   5.8672817230224602e+01
   1.2790000000000001e+02   1.0194567871093800e+02
   1.2809999999999999e+02   8.3539352416992202e+01
   1.2900000000000000e+02   6.1106224060058601e+01
   1.2909999999999999e+02   1.4930000305175801e+02
   1.3000000000000000e+02   4.2343799591064503e+01
   1.3009999999999999e+02   2.9935854492187500e+03
   1.3100000000000000e+02   7.4900665283203102e+02
   1.3109999999999999e+02   1.3354151611328100e+03
   1.3209999999999999e+02   5.7098393554687500e+03
   1.3300000000000000e+02   4.7069232177734398e+02
   1.3309999999999999e+02   7.0623742675781295e+02
   1.3400000000000000e+02   6.6438031005859398e+02
   1.3490000000000001e+02   1.0809098243713400e+01
   1.3509999999999999e+02   1.1032988548278800e+01
   1.3680000000000001e+02   3.5811134338378899e+01
   1.3690000000000001e+02   1.5904823303222699e+02
   1.4200000000000000e+02   1.4297617912292500e+01
   1.4290000000000001e+02   1.0950753211975099e+01
   1.4300000000000000e+02   1.6620286560058599e+02
   1.4319999999999999e+02   2.7673824310302699e+01
   1.4390000000000001e+02   1.2056423950195300e+02
   1.4400000000000000e+02   9.6268676757812500e+01
   1.4409999999999999e+02   1.1885727539062500e+03
   1.4490000000000001e+02   1.3802546691894500e+02
   1.4500000000000000e+02   8.9162127685546898e+02
   1.4509999999999999e+02   3.8104427337646499e+01
   1.4609999999999999e+02   1.3670360107421900e+03
   1.4690000000000001e+02   5.9111347198486300e+01
   1.4700000000000000e+02   1.8407855987548800e+01
   1.4709999999999999e+02   1.2032170867919901e+02
   1.4809999999999999e+02   3.6959701538085898e+02
   1.4890000000000001e+02   8.6027221679687500e+01
   1.4900000000000000e+02   3.3670736694335898e+02
   1.5000000000000000e+02   8.3861854553222699e+01
   1.5009999999999999e+02   1.2031953430175800e+02
   1.5300000000000000e+02   1.7767279052734401e+02
   1.5319999999999999e+02   4.5749389648437500e+01
   1.5390000000000001e+02   2.6425968170166001e+01
   1.5409999999999999e+02   2.5570446014404300e+01
   1.5469999999999999e+02   1.0725652694702100e+01
   1.5509999999999999e+02   2.4020648956298800e+01
   1.5519999999999999e+02   2.1369951248168899e+01
   1.5590000000000001e+02   4.7159946441650398e+01
   1.5600000000000000e+02   1.8190788269043000e+02
   1.5690000000000001e+02   8.1753753662109403e+01
   1.5709999999999999e+02   1.0075466918945300e+02
   1.5800000000000000e+02   2.0351065063476599e+02
   1.5809999999999999e+02   4.2819372558593801e+02
   1.5869999999999999e+02   3.7463909149169901e+01
   1.5909999999999999e+02   9.9965551757812500e+02
   1.6009999999999999e+02   1.5177595703125000e+04
   1.6080000000000001e+02   2.3152347564697301e+01
   1.6109999999999999e+02   1.9688292236328100e+03
   1.6200000000000000e+02   7.4159667968750000e+01
   1.6209999999999999e+02   2.0525572204589801e+02
   1.6219999999999999e+02   1.1609758377075201e+01
   1.6290000000000001e+02   2.7811534881591800e+01
   1.6680000000000001e+02   1.4226723670959499e+01
   1.6900000000000000e+02   1.0861460685730000e+01
   1.7000000000000000e+02   1.2774993133544901e+02
   1.7019999999999999e+02   4.6692577362060497e+01
   1.7080000000000001e+02   1.2907622337341300e+01
   1.7100000000000000e+02   5.7767387390136697e+01
   1.7109999999999999e+02   7.5196334838867202e+01
   1.7209999999999999e+02   1.6008697509765600e+03
   1.7280000000000001e+02   2.2966043472290000e+01
   1.7300000000000000e+02   1.2718910980224599e+02
   1.7309999999999999e+02   1.7567288208007801e+02
   1.7409999999999999e+02   8.0511010742187500e+02
   1.7500000000000000e+02   8.6995483398437500e+01
   1.7519999999999999e+02   2.0050289154052699e+01
   1.8400000000000000e+02   2.1805360412597699e+02
   1.8409999999999999e+02   4.5888587951660199e+01
   1.8500000000000000e+02   9.7652397155761705e+01
   1.8519999999999999e+02   1.9967035293579102e+01
   1.8590000000000001e+02   2.7659315109252901e+01
   1.8609999999999999e+02   1.1433881378173800e+02
   1.8619999999999999e+02   1.3119706726074199e+02
   1.8640000000000001e+02   1.2419742584228500e+01
   1.8690000000000001e+02   4.1081901550292997e+01
   1.8700000000000000e+02   1.4634988403320301e+02
   1.8819999999999999e+02   1.0293155670166000e+01
   1.9009999999999999e+02   1.5635104179382299e+01
   1.9600000000000000e+02   1.5253053665161101e+01
   1.9609999999999999e+02   3.0663490295410199e+01
   1.9680000000000001e+02   1.0408193588256800e+01
   1.9700000000000000e+02   1.0750863075256300e+01
   1.9730000000000001e+02   1.0320377349853500e+01
   1.9809999999999999e+02   7.1263781738281295e+02
   1.9819999999999999e+02   3.7717723846435497e+01
   1.9890000000000001e+02   7.5414802551269503e+01
   1.9909999999999999e+02   3.5075451660156301e+02
   1.9919999999999999e+02   3.2095397949218800e+01
   2.0000000000000000e+02   3.4126016235351602e+02
   2.0009999999999999e+02   6.5339807128906295e+02
   2.0080000000000001e+02   3.5138236999511697e+01
   2.0100000000000000e+02   4.2657241821289102e+02
   2.0109999999999999e+02   4.4307156372070301e+02
   2.0190000000000001e+02   3.6343925476074197e+01
   2.0209999999999999e+02   1.3238521728515600e+03
   2.0309999999999999e+02   9.0342333984375000e+03
   2.0390000000000001e+02   3.7868907928466797e+01
   2.0409999999999999e+02   1.5304624023437500e+03
   2.0509999999999999e+02   5.9468936920166001e+01
   2.0519999999999999e+02   1.0932715415954601e+01
   2.1080000000000001e+02   2.9827442169189499e+01
   2.1109999999999999e+02   2.0236377716064499e+01
   2.1200000000000000e+02   1.1625192642211900e+01
   2.1400000000000000e+02   1.9637054443359400e+01
   2.1419999999999999e+02   2.9663845062255898e+01
   2.1480000000000001e+02   1.6155000686645501e+01
   2.1490000000000001e+02   5.4004196166992202e+01
   2.1509999999999999e+02   1.1305970764160200e+02
   2.1609999999999999e+02   7.4641772460937500e+03
   2.1700000000000000e+02   2.2364713668823200e+01
   2.1709999999999999e+02   1.2414484863281300e+03
   2.1800000000000000e+02   7.3404640197753906e+01
   2.1830000000000001e+02   1.0958870887756300e+01
   2.2990000000000001e+02   1.2028614997863800e+01
   2.3009999999999999e+02   3.0701927185058601e+01
   2.3030000000000001e+02   1.2454749107360801e+01
   2.3100000000000000e+02   1.1044560432434100e+01
   2.3280000000000001e+02   1.1598664283752401e+01
   2.3290000000000001e+02   1.3344957351684601e+01
   2.3700000000000000e+02   2.0327453613281300e+01
   2.3709999999999999e+02   1.0177530288696300e+01
   2.4109999999999999e+02   4.6567951202392599e+01
   2.4219999999999999e+02   1.2094499588012701e+01
   2.4509999999999999e+02   1.4936113357543899e+01
   2.4530000000000001e+02   1.0133290290832500e+01
   2.5630000000000001e+02   1.0873490333557100e+01
   2.5669999999999999e+02   1.5434081077575700e+01
   2.5700000000000000e+02   6.4432594299316406e+01
   2.5719999999999999e+02   5.4832714080810497e+01
   2.5739999999999998e+02   2.1444742202758800e+01
   2.5789999999999998e+02   2.9907323837280298e+01
   2.5819999999999999e+02   2.7590390014648398e+02
   2.5919999999999999e+02   2.9527427734375000e+04
   2.6019999999999999e+02   5.1708002929687500e+03
   2.6110000000000002e+02   4.7213815307617199e+02
   2.6119999999999999e+02   4.7635303497314503e+01
   2.7489999999999998e+02   1.3019561767578100e+01
   2.9300000000000000e+02   4.8083644866943402e+01
   2.9319999999999999e+02   4.2449829101562500e+01
   3.4830000000000001e+02   1.0988676071166999e+01
   3.4910000000000002e+02   1.0867398262023899e+01
   3.4930000000000001e+02   1.8707422256469702e+01
