   4.0000000000000000e+01   1.1678635597229000e+01
   4.0899999999999999e+01   4.3242744445800803e+01
   4.1000000000000000e+01   1.7175041198730500e+02
   4.1100000000000001e+01   5.2684881591796898e+02
   4.2100000000000001e+01   4.5973613281250000e+03
   4.2899999999999999e+01   4.0157905578613303e+01
   4.3100000000000001e+01   6.5140661621093795e+02
   4.4000000000000000e+01   2.9206362915039102e+02
   4.5000000000000000e+01   9.4723681640625000e+02
   4.9899999999999999e+01   1.1783467864990200e+02
   5.0000000000000000e+01   3.1046234130859400e+01
   5.1000000000000000e+01   7.9877459716796898e+02
   5.2000000000000000e+01   1.3277093505859401e+02
   5.2000000000000000e+01   1.4217102050781301e+02
   5.2899999999999999e+01   9.5677001953125000e+01
   5.3000000000000000e+01   9.9006475830078102e+02
   5.4000000000000000e+01   5.8277850341796898e+02
   5.4100000000000001e+01   3.4583641052246101e+01
   5.5000000000000000e+01   1.5837904052734400e+03
   5.6100000000000001e+01   2.0897893066406300e+03
   5.7100000000000001e+01   8.9212675781250000e+03
   5.7899999999999999e+01   1.3249191284179700e+01
   5.8000000000000000e+01   3.8994610595703102e+02
   5.8100000000000001e+01   2.6526290893554702e+01
   5.9000000000000000e+01   3.6906320800781300e+03
   5.9899999999999999e+01   2.5970430374145501e+01
   6.0000000000000000e+01   1.0386867523193401e+02
   6.1299999999999997e+01   1.6953477859497099e+01
   6.2100000000000001e+01   1.2767012596130400e+01
   6.3000000000000000e+01   1.8534620666503901e+02
   6.3100000000000001e+01   4.5392597198486300e+01
   6.3899999999999999e+01   1.6364793395996099e+02
   6.4000000000000000e+01   1.2350875091552700e+02
   6.4799999999999997e+01   2.8866575241088899e+01
   6.5000000000000000e+01   5.0696920776367199e+02
   6.5099999999999994e+01   3.2818380737304699e+02
   6.5900000000000006e+01   1.7111828613281301e+02
   6.6000000000000000e+01   1.7780603027343801e+02
   6.6799999999999997e+01   3.9574382781982401e+01
   6.7000000000000000e+01   1.8888891601562500e+02
   6.7099999999999994e+01   2.9999124145507801e+02
   6.7900000000000006e+01   4.0130821228027301e+01
   6.8000000000000000e+01   4.2005685424804699e+02
   6.8099999999999994e+01   1.0300041961669901e+02
   6.8799999999999997e+01   1.5641095161438001e+01
   6.9000000000000000e+01   3.5542474365234398e+02
   7.0000000000000000e+01   5.1756878662109398e+02
   7.0099999999999994e+01   2.9223556518554699e+02
   7.1000000000000000e+01   1.6988180541992199e+02
   7.1099999999999994e+01   3.7460948944091797e+01
   7.1900000000000006e+01   6.2285739898681598e+01
   7.2000000000000000e+01   1.5627742004394500e+02
   7.2099999999999994e+01   1.3043095397949199e+02
   7.3000000000000000e+01   1.0444760131835901e+02
   7.3599999999999994e+01   1.3776129722595201e+01
   7.3900000000000006e+01   1.1463050842285201e+01
   7.4000000000000000e+01   1.0665318298339800e+02
   7.4099999999999994e+01   4.3919769287109403e+01
   7.4900000000000006e+01   1.8066991806030298e+01
   7.5000000000000000e+01   5.1523883819580099e+01
   7.5900000000000006e+01   1.2051188659668000e+02
   7.6000000000000000e+01   1.1799436950683599e+02
   7.6200000000000003e+01   6.1286254882812500e+01
   7.7000000000000000e+01   8.6577551269531295e+02
   7.7000000000000000e+01   4.6365454101562500e+03
   7.7900000000000006e+01   1.9501968383789099e+02
   7.8000000000000000e+01   7.8355480957031295e+02
   7.8799999999999997e+01   2.0182966232299801e+01
   7.9000000000000000e+01   3.9507772827148398e+02
   7.9200000000000003e+01   4.1064899444580099e+01
   8.0000000000000000e+01   5.0238546752929699e+02
   8.0099999999999994e+01   8.5990856933593795e+02
   8.0900000000000006e+01   7.1314529418945298e+01
   8.1000000000000000e+01   1.7132484130859400e+03
   8.2000000000000000e+01   9.5363806152343795e+02
   8.2099999999999994e+01   8.4502093505859398e+02
   8.2799999999999997e+01   1.1674340248107899e+01
   8.2900000000000006e+01   1.7950453186035199e+02
   8.3099999999999994e+01   1.6609274291992199e+02
   8.3200000000000003e+01   1.5623818397521999e+01
   8.3900000000000006e+01   1.6266101837158200e+01
   8.4000000000000000e+01   4.2316146850585898e+02
   8.4099999999999994e+01   8.4254785156250000e+02
   8.4900000000000006e+01   2.8217056274414102e+02
   8.5000000000000000e+01   8.9254165649414105e+01
   8.5099999999999994e+01   1.5455338478088400e+01
   8.5900000000000006e+01   1.4406855583190900e+01
   8.6000000000000000e+01   5.2528179168701200e+01
   8.6099999999999994e+01   1.8002552032470700e+01
   8.6900000000000006e+01   4.3052246093750000e+02
   8.7000000000000000e+01   7.4409802246093795e+02
   8.7900000000000006e+01   8.0132759094238295e+01
   8.8000000000000000e+01   1.5375415039062500e+02
   8.8900000000000006e+01   5.5526149749755902e+01
   8.9000000000000000e+01   5.3515197753906300e+01
   8.9900000000000006e+01   8.4981704711914105e+01
   9.0000000000000000e+01   8.2750106811523395e+01
   9.0200000000000003e+01   1.3028454780578601e+01
   9.0900000000000006e+01   4.6471775054931598e+01
   9.1000000000000000e+01   1.5141519775390600e+03
   9.1799999999999997e+01   2.7505512237548800e+01
   9.2000000000000000e+01   4.2264273071289102e+02
   9.2099999999999994e+01   1.8892585754394500e+02
   9.3000000000000000e+01   2.8854614257812500e+03
   9.4000000000000000e+01   1.7691334228515600e+03
   9.4099999999999994e+01   8.0365924072265602e+02
   9.5000000000000000e+01   5.7436346435546898e+02
   9.5099999999999994e+01   6.0256412506103501e+01
   9.6099999999999994e+01   2.9812739257812500e+03
   9.7000000000000000e+01   2.7878479003906301e+02
   9.7099999999999994e+01   1.1843395233154300e+02
   9.8000000000000000e+01   1.1882652282714800e+02
   9.8900000000000006e+01   3.5667095184326200e+01
   9.9799999999999997e+01   1.7854909896850600e+01
   9.9900000000000006e+01   2.0511555480957000e+02
   1.0009999999999999e+02   6.1795599365234398e+02
   1.0020000000000000e+02   1.6117746353149400e+01
   1.0090000000000001e+02   3.9304313659667997e+01
   1.0100000000000000e+02   3.7132499694824197e+01
   1.0190000000000001e+02   3.0429561614990199e+01
   1.0200000000000000e+02   7.9402915954589801e+01
   1.0290000000000001e+02   2.6059271240234398e+02
   1.0300000000000000e+02   1.8478378295898401e+02
   1.0400000000000000e+02   7.7659820556640602e+02
   1.0409999999999999e+02   1.7509683227539099e+02
   1.0470000000000000e+02   1.2661031723022500e+01
   1.0490000000000001e+02   1.2319766044616699e+01
   1.0500000000000000e+02   7.1194732666015602e+02
   1.0590000000000001e+02   3.9699990844726602e+02
   1.0600000000000000e+02   5.2506799316406295e+02
   1.0690000000000001e+02   4.7335872650146499e+01
   1.0700000000000000e+02   1.5172499084472699e+02
   1.0800000000000000e+02   9.9500769042968795e+02
   1.0880000000000000e+02   2.4796033859252901e+01
   1.0900000000000000e+02   2.4639042663574199e+02
   1.0909999999999999e+02   7.4562927246093807e+01
   1.0990000000000001e+02   1.4787792968750000e+02
   1.1000000000000000e+02   6.2587512207031295e+02
   1.1090000000000001e+02   6.8142845153808594e+01
   1.1109999999999999e+02   8.4172668457031307e+01
   1.1190000000000001e+02   1.3223371887207000e+02
   1.1209999999999999e+02   1.2821174621582000e+02
   1.1300000000000000e+02   3.1226367187500000e+03
   1.1400000000000000e+02   2.6099844360351602e+02
   1.1400000000000000e+02   8.2584582519531295e+02
   1.1420000000000000e+02   2.1072095870971701e+01
   1.1490000000000001e+02   3.8162807464599602e+01
   1.1500000000000000e+02   2.6162203979492199e+02
   1.1509999999999999e+02   9.3388671875000000e+01
   1.1590000000000001e+02   7.9746665954589801e+01
   1.1609999999999999e+02   2.3500649414062500e+03
   1.1690000000000001e+02   4.5930828094482401e+01
   1.1700000000000000e+02   2.2760061035156300e+03
   1.1800000000000000e+02   3.3731154785156300e+03
   1.1820000000000000e+02   8.8790733337402301e+01
   1.1900000000000000e+02   9.9656457519531295e+02
   1.1909999999999999e+02   3.9193920135497997e+01
   1.1980000000000000e+02   3.6505283355712898e+01
   1.2000000000000000e+02   4.5369708251953102e+02
   1.2100000000000000e+02   1.3221947669982899e+01
   1.2109999999999999e+02   1.7636909484863299e+01
   1.2200000000000000e+02   1.5805143737793000e+02
   1.2209999999999999e+02   7.8255187988281307e+01
   1.2290000000000001e+02   4.8768623352050803e+01
   1.2300000000000000e+02   1.5835696220397899e+01
   1.2400000000000000e+02   2.4640072631835901e+02
   1.2409999999999999e+02   3.0334552764892599e+01
   1.2490000000000001e+02   8.4262413024902301e+01
   1.2500000000000000e+02   3.4345664978027301e+01
   1.2520000000000000e+02   1.1710694313049300e+01
   1.2600000000000000e+02   5.3583459472656295e+02
   1.2600000000000000e+02   1.9294984436035199e+02
   1.2680000000000000e+02   2.4638015747070298e+01
   1.2700000000000000e+02   9.5959060668945298e+01
   1.2709999999999999e+02   2.4643407821655298e+01
   1.2790000000000001e+02   1.5012956237793000e+02
   1.2809999999999999e+02   4.0690573120117199e+02
   1.2880000000000001e+02   1.1510620117187500e+01
   1.2900000000000000e+02   2.4707972717285199e+02
   1.2909999999999999e+02   5.8450603485107401e+01
   1.2980000000000001e+02   4.9020717620849602e+01
   1.3000000000000000e+02   4.1964780273437500e+03
   1.3090000000000001e+02   7.4154121398925795e+01
   1.3100000000000000e+02   9.3934875488281295e+02
   1.3200000000000000e+02   8.0725164794921898e+02
   1.3209999999999999e+02   7.8676837158203102e+02
   1.3300000000000000e+02   1.7671253967285199e+02
   1.3309999999999999e+02   3.8632720947265597e+01
   1.3409999999999999e+02   5.4909736633300803e+01
   1.3590000000000001e+02   1.1790153503418000e+02
   1.3609999999999999e+02   1.1695855712890599e+02
   1.3700000000000000e+02   3.0042892456054699e+02
   1.3800000000000000e+02   3.2037249755859398e+02
   1.3800000000000000e+02   4.0065304565429699e+02
   1.3900000000000000e+02   7.8114990234375000e+01
   1.3909999999999999e+02   1.2711852264404300e+02
   1.3919999999999999e+02   1.6650506973266602e+01
   1.4009999999999999e+02   7.0044101562500000e+03
   1.4069999999999999e+02   1.4419335365295399e+01
   1.4090000000000001e+02   1.5123811721801800e+01
   1.4100000000000000e+02   7.1107489013671898e+02
   1.4109999999999999e+02   2.4937004089355500e+02
   1.4209999999999999e+02   6.1307700195312500e+03
   1.4309999999999999e+02   3.2668122558593800e+03
   1.4409999999999999e+02   1.9670897216796900e+03
   1.4490000000000001e+02   1.2645462799072300e+02
   1.4500000000000000e+02   4.2869573974609398e+02
   1.4519999999999999e+02   8.3665695190429702e+01
   1.4609999999999999e+02   2.5841386718750000e+03
   1.4700000000000000e+02   1.7980525207519500e+02
   1.4709999999999999e+02   1.5322447204589801e+02
   1.4780000000000001e+02   1.2867156982421900e+01
   1.4809999999999999e+02   1.2028005218505901e+02
   1.4900000000000000e+02   1.9361303710937500e+02
   1.4909999999999999e+02   1.9307937622070301e+02
   1.4990000000000001e+02   4.7363979339599602e+01
   1.5009999999999999e+02   6.5279888916015602e+02
   1.5090000000000001e+02   1.2381629943847701e+01
   1.5109999999999999e+02   1.0448584747314500e+02
   1.5200000000000000e+02   2.5901968383789102e+02
   1.5200000000000000e+02   6.5488757324218795e+02
   1.5290000000000001e+02   1.0477568817138700e+02
   1.5300000000000000e+02   4.9558389282226602e+02
   1.5409999999999999e+02   3.8712121582031300e+03
   1.5490000000000001e+02   2.1847927856445301e+02
   1.5509999999999999e+02   5.7001928710937500e+02
   1.5600000000000000e+02   5.0994689941406300e+01
   1.5600000000000000e+02   6.6243444824218795e+02
   1.5680000000000001e+02   1.2334480285644499e+01
   1.5700000000000000e+02   1.8143785095214801e+02
   1.5709999999999999e+02   9.2229042053222699e+01
   1.5790000000000001e+02   2.2938116073608398e+01
   1.5800000000000000e+02   1.2290378417968800e+03
   1.5809999999999999e+02   3.7572402954101602e+02
   1.5890000000000001e+02   1.1532148742675800e+02
   1.5900000000000000e+02   6.7892022705078102e+02
   1.5909999999999999e+02   1.0310984039306599e+02
   1.5980000000000001e+02   1.3476259231567401e+01
   1.6000000000000000e+02   1.3853750610351599e+02
   1.6009999999999999e+02   1.5361778259277299e+01
   1.6100000000000000e+02   1.3228189468383800e+01
   1.6169999999999999e+02   1.6783382415771499e+01
   1.6200000000000000e+02   5.8647277832031300e+01
   1.6209999999999999e+02   3.4898490905761697e+01
   1.6380000000000001e+02   1.7334033966064499e+01
   1.6400000000000000e+02   4.9225097656250000e+01
   1.6419999999999999e+02   1.0908381462097200e+01
   1.6500000000000000e+02   3.6878387451171903e+01
   1.6590000000000001e+02   3.9548488616943402e+01
   1.6609999999999999e+02   1.1536121826171900e+03
   1.6619999999999999e+02   1.0784793853759800e+02
   1.6709999999999999e+02   5.5525115966796898e+02
   1.6719999999999999e+02   3.5429897308349602e+01
   1.6809999999999999e+02   3.3233871093750000e+04
   1.6909999999999999e+02   3.6733383789062500e+03
   1.6980000000000001e+02   1.5497575759887701e+01
   1.7000000000000000e+02   2.1512228393554699e+02
   1.7009999999999999e+02   2.9729956054687500e+02
   1.7100000000000000e+02   1.9077169799804699e+02
   1.7109999999999999e+02   1.2279743957519500e+02
   1.7190000000000001e+02   8.8862487792968807e+01
   1.7200000000000000e+02   1.0569246673584000e+02
   1.7209999999999999e+02   3.3881137847900398e+01
   1.7290000000000001e+02   1.7762918472290000e+01
   1.7300000000000000e+02   2.0744755554199199e+02
   1.7309999999999999e+02   2.5399313354492199e+02
   1.7369999999999999e+02   1.6710153579711900e+01
   1.7390000000000001e+02   1.1861462402343800e+02
   1.7409999999999999e+02   6.4778884887695298e+01
   1.7419999999999999e+02   3.2402534484863303e+01
   1.7500000000000000e+02   1.6553281784057599e+01
   1.7509999999999999e+02   4.4212970733642599e+01
   1.7580000000000001e+02   1.2404431343078601e+01
   1.7590000000000001e+02   2.9586669921875000e+01
   1.7609999999999999e+02   1.1441303253173800e+02
   1.7690000000000001e+02   8.7987983703613295e+01
   1.7709999999999999e+02   2.1734498596191401e+02
   1.7790000000000001e+02   1.7612748718261699e+02
   1.7800000000000000e+02   3.0410891723632801e+02
   1.7809999999999999e+02   4.4421298217773398e+02
   1.7890000000000001e+02   1.1735280036926300e+01
   1.7900000000000000e+02   7.7498268127441406e+01
   1.8000000000000000e+02   1.7865848541259801e+01
   1.8019999999999999e+02   1.7462469100952099e+01
   1.8100000000000000e+02   1.8142208099365199e+01
   1.8200000000000000e+02   1.1474176406860400e+01
   1.8290000000000001e+02   2.9595872879028299e+01
   1.8309999999999999e+02   3.9344959259033203e+01
   1.8390000000000001e+02   4.9274234771728501e+01
   1.8400000000000000e+02   4.1270977020263700e+01
   1.8419999999999999e+02   2.6161113739013700e+01
   1.8500000000000000e+02   1.7252912902832000e+02
   1.8509999999999999e+02   1.0220549774169901e+02
   1.8590000000000001e+02   1.7635501861572301e+01
   1.8600000000000000e+02   3.9030361938476602e+02
   1.8609999999999999e+02   5.1827453613281300e+01
   1.8709999999999999e+02   3.4062170410156300e+03
   1.8800000000000000e+02   2.0169700622558599e+02
   1.8809999999999999e+02   4.5190307617187500e+02
   1.8890000000000001e+02   2.4723937988281301e+02
   1.8990000000000001e+02   4.7136234283447301e+01
   1.9000000000000000e+02   3.5806106567382801e+02
   1.9019999999999999e+02   4.8311035156250000e+01
   1.9109999999999999e+02   7.7185226440429702e+01
   1.9300000000000000e+02   3.8371791839599602e+01
   1.9380000000000001e+02   1.4762868881225600e+01
   1.9390000000000001e+02   6.8981277465820298e+01
   1.9400000000000000e+02   2.1686101913452099e+01
   1.9430000000000001e+02   2.7385341644287099e+01
   1.9480000000000001e+02   1.1696679115295399e+01
   1.9500000000000000e+02   3.7533764648437500e+02
   1.9600000000000000e+02   1.6145552062988301e+02
   1.9609999999999999e+02   6.1357769012451200e+01
   1.9700000000000000e+02   1.1931542968750000e+02
   1.9709999999999999e+02   2.2022196960449199e+02
   1.9800000000000000e+02   5.2024909973144503e+01
   1.9809999999999999e+02   3.5667964935302699e+01
   1.9890000000000001e+02   6.9766624450683594e+01
   1.9909999999999999e+02   1.3369413757324199e+02
   1.9919999999999999e+02   1.2734617233276399e+01
   1.9990000000000001e+02   2.8764284133911101e+01
   2.0000000000000000e+02   8.4679985046386705e+01
   2.0009999999999999e+02   2.6168397903442401e+01
   2.0090000000000001e+02   7.2091659545898395e+01
   2.0109999999999999e+02   1.2756281280517599e+02
   2.0200000000000000e+02   3.3550701904296898e+02
   2.0209999999999999e+02   6.2154217529296898e+02
   2.0290000000000001e+02   2.8657331466674801e+01
   2.0300000000000000e+02   2.6964029312133800e+01
   2.0309999999999999e+02   3.7647830963134801e+01
   2.0330000000000001e+02   3.6477996826171903e+01
   2.0390000000000001e+02   3.1588760375976602e+01
   2.0400000000000000e+02   8.1875404357910199e+01
   2.0419999999999999e+02   1.4259001731872599e+01
   2.0690000000000001e+02   4.4891902923583999e+01
   2.1000000000000000e+02   2.1021408081054699e+02
   2.1080000000000001e+02   1.5021811485290501e+01
   2.1100000000000000e+02   9.4915908813476605e+01
   2.1109999999999999e+02   1.4504673767089801e+02
   2.1209999999999999e+02   1.7300029296875000e+04
   2.1300000000000000e+02   9.3556137084960895e+01
   2.1309999999999999e+02   1.9476760253906300e+03
   2.1400000000000000e+02   2.9889236450195301e+02
   2.1500000000000000e+02   4.2510690307617199e+02
   2.1580000000000001e+02   2.0344808578491200e+01
   2.1600000000000000e+02   1.5450172424316401e+02
   2.1609999999999999e+02   4.7042026519775398e+01
   2.1690000000000001e+02   2.8371538162231399e+01
   2.1809999999999999e+02   3.8571857452392599e+01
   2.1890000000000001e+02   3.7229824066162098e-01
   2.1900000000000000e+02   1.3524096679687500e+02
   2.1909999999999999e+02   1.5237566947936999e+01
   2.2400000000000000e+02   5.8856445312500000e+01
   2.2409999999999999e+02   4.1120807647705099e+01
   2.2509999999999999e+02   8.3898292541503906e+01
   2.2530000000000001e+02   2.0917798995971701e+01
   2.2609999999999999e+02   4.1871645507812500e+03
   2.2709999999999999e+02   1.7237947265625000e+04
   2.2809999999999999e+02   4.0825014648437500e+03
   2.2900000000000000e+02   1.2444374084472700e+02
   2.2909999999999999e+02   4.6506063842773398e+02
   2.2990000000000001e+02   2.7619007110595700e+01
   2.3000000000000000e+02   1.1072145462036101e+01
   2.3019999999999999e+02   3.4019248962402301e+01
   2.3109999999999999e+02   2.1217266082763700e+01
   2.3130000000000001e+02   4.1224605560302699e+01
   2.3219999999999999e+02   1.1776431083679199e+01
   2.3280000000000001e+02   3.0179182052612301e+01
   2.3300000000000000e+02   5.1441322326660199e+01
   2.3390000000000001e+02   1.6349107742309599e+01
   2.3400000000000000e+02   1.0533168792724599e+02
   2.3519999999999999e+02   1.1610954284668001e+01
   2.3700000000000000e+02   8.5104042053222699e+01
   2.3909999999999999e+02   1.4946238517761200e+01
   2.4300000000000000e+02   3.0372030639648398e+02
   2.4309999999999999e+02   7.0246008300781295e+02
   2.4390000000000001e+02   5.2305049896240199e+01
   2.4400000000000000e+02   1.8227421569824199e+02
   2.4490000000000001e+02   1.2913712501525900e+01
   2.4500000000000000e+02   9.8570053100585895e+01
   2.4509999999999999e+02   6.6993225097656307e+01
   2.4600000000000000e+02   1.2720255279541000e+02
   2.4619999999999999e+02   5.3690036773681598e+01
   2.4700000000000000e+02   5.6125022888183601e+01
   2.4709999999999999e+02   5.5579815673828102e+02
   2.4719999999999999e+02   8.3482872009277301e+01
   2.4790000000000001e+02   1.4698759078979499e+01
   2.4800000000000000e+02   2.6922872543335000e+01
   2.4819999999999999e+02   9.0238700866699205e+01
   2.5889999999999998e+02   1.3008736610412599e+01
   2.5900000000000000e+02   6.3713562011718800e+01
   2.5910000000000002e+02   1.1498922119140600e+03
   2.6000000000000000e+02   8.6322525024414105e+01
   2.6019999999999999e+02   2.0537385559082000e+02
   2.6089999999999998e+02   2.7844018936157202e+01
   2.6100000000000000e+02   1.7267033386230500e+02
   2.6110000000000002e+02   5.9306262207031295e+02
   2.6210000000000002e+02   1.0517531585693401e+02
   2.6219999999999999e+02   6.0130718231201200e+01
   2.6910000000000002e+02   2.5378099441528299e+01
   2.6919999999999999e+02   2.2018289566040000e+01
   2.7100000000000000e+02   4.3317417144775398e+01
   2.7119999999999999e+02   1.1421905517578100e+01
   2.7189999999999998e+02   2.9147424697876001e+01
   2.7210000000000002e+02   1.1273628997802700e+02
   2.7389999999999998e+02   2.4094547271728501e+01
   2.7410000000000002e+02   8.2377944946289105e+01
   2.7419999999999999e+02   9.9572441101074205e+01
   2.7480000000000001e+02   1.1003785133361800e+01
   2.7510000000000002e+02   2.1518168640136699e+02
   2.7519999999999999e+02   3.7730572509765602e+02
   2.7610000000000002e+02   5.7617595672607401e+01
   2.7630000000000001e+02   2.3225915908813501e+01
   2.8489999999999998e+02   2.3275341033935501e+01
   2.8500000000000000e+02   4.0915142059326200e+01
   2.8519999999999999e+02   4.4252937316894503e+01
   2.8710000000000002e+02   1.3176995277404799e+01
   2.8780000000000001e+02   1.4352982521057100e+01
   2.8800000000000000e+02   1.6234788894653299e+01
   2.8900000000000000e+02   1.8333824157714801e+01
   2.8910000000000002e+02   3.2287139892578097e+01
   2.9000000000000000e+02   1.3224571228027299e+01
   2.9089999999999998e+02   1.3323089599609400e+01
   2.9100000000000000e+02   2.7017940521240199e+01
   2.9119999999999999e+02   3.3544151306152301e+01
   2.9289999999999998e+02   9.3893127441406303e+00
   3.0319999999999999e+02   8.5981875000000000e+03
   3.0410000000000002e+02   4.4789303588867199e+02
   3.0419999999999999e+02   1.3131651611328100e+03
   3.0489999999999998e+02   2.9070781707763700e+01
   3.0510000000000002e+02   1.5431393432617199e+02
   3.1700000000000000e+02   6.8809761047363295e+01
   3.1710000000000002e+02   8.7931556701660199e+01
   3.1719999999999999e+02   3.8724731445312500e+02
   3.1819999999999999e+02   7.0390678405761705e+01
   3.1910000000000002e+02   1.6238687744140600e+03
   3.2010000000000002e+02   2.0451794433593801e+02
   3.2030000000000001e+02   6.2347476959228501e+01
   3.4500000000000000e+02   7.0367233276367202e+01
   3.4519999999999999e+02   1.3639990234375000e+02
   3.4719999999999999e+02   5.0791057586669901e+01
   3.7619999999999999e+02   2.0056629180908200e+01
   3.7630000000000001e+02   1.5810078620910600e+01
