   4.0100000000000001e+01   1.9502353668212901e+01
   4.0899999999999999e+01   1.5876695251464801e+02
   4.1000000000000000e+01   5.5586779785156295e+02
   4.2000000000000000e+01   8.6321853637695298e+01
   4.2100000000000001e+01   2.0390650634765600e+03
   4.2899999999999999e+01   1.8834678649902301e+01
   4.3000000000000000e+01   4.2592584228515602e+02
   4.4000000000000000e+01   8.0830187988281295e+02
   4.5100000000000001e+01   5.0451489257812500e+03
   4.5799999999999997e+01   1.3824878692626999e+01
   4.6000000000000000e+01   6.2438224792480497e+01
   4.6000000000000000e+01   3.7064395904541001e+01
   4.7000000000000000e+01   6.1882629394531303e+00
   4.9700000000000003e+01   6.4401845932006800e+00
   4.9899999999999999e+01   7.3265243530273395e+01
   5.0100000000000001e+01   1.0938755035400401e+02
   5.0899999999999999e+01   1.4811428833007801e+02
   5.1000000000000000e+01   4.0345657348632801e+02
   5.1100000000000001e+01   2.5273395538330099e+01
   5.1899999999999999e+01   6.6574470520019503e+01
   5.2000000000000000e+01   1.0358173370361300e+02
   5.2100000000000001e+01   3.5609127044677699e+01
   5.2799999999999997e+01   3.2966922760009801e+01
   5.3000000000000000e+01   1.7555099487304699e+02
   5.3100000000000001e+01   2.9837404251098601e+01
   5.3899999999999999e+01   1.0110344696044901e+02
   5.4100000000000001e+01   1.5399334716796901e+02
   5.4899999999999999e+01   1.7476541137695301e+02
   5.5100000000000001e+01   3.8252218627929699e+02
   5.5200000000000003e+01   6.1295719146728498e+00
   5.5899999999999999e+01   8.6371717453002894e+00
   5.6000000000000000e+01   2.5704635620117199e+02
   5.6100000000000001e+01   1.3002482604980500e+02
   5.6899999999999999e+01   4.5042018890380902e+01
   5.7000000000000000e+01   1.4936573791503901e+02
   5.7100000000000001e+01   7.8312957763671903e+01
   5.7799999999999997e+01   1.2441297531127899e+01
   5.8000000000000000e+01   2.7513650512695301e+02
   5.8100000000000001e+01   1.1580905151367200e+02
   5.8899999999999999e+01   6.1109642028808601e+01
   5.9000000000000000e+01   1.4501700401306200e+01
   5.9200000000000003e+01   1.5794921875000000e+01
   6.1899999999999999e+01   2.5914203643798800e+01
   6.2899999999999999e+01   1.2760789489746099e+02
   6.3000000000000000e+01   1.8896633911132801e+02
   6.3100000000000001e+01   4.1205154418945298e+01
   6.3700000000000003e+01   1.2374674797058100e+01
   6.3899999999999999e+01   9.0102569580078097e+01
   6.4000000000000000e+01   3.8970905303955099e+01
   6.4200000000000003e+01   8.2048263549804705e+00
   6.4799999999999997e+01   2.9853258132934599e+01
   6.5000000000000000e+01   3.8939978027343801e+02
   6.5000000000000000e+01   7.4319049072265602e+02
   6.5900000000000006e+01   9.9471504211425795e+01
   6.6099999999999994e+01   9.8967369079589801e+01
   6.6799999999999997e+01   8.8309040069580096e+00
   6.6900000000000006e+01   1.1199396514892599e+02
   6.7000000000000000e+01   2.2428294372558599e+02
   6.7799999999999997e+01   2.6870117187500000e+01
   6.8000000000000000e+01   2.4990950012207000e+02
   6.8099999999999994e+01   1.9166554260253901e+02
   6.8900000000000006e+01   8.3530029296875000e+01
   6.9000000000000000e+01   2.2336843872070301e+02
   6.9099999999999994e+01   1.6040945434570301e+02
   6.9900000000000006e+01   5.0981163024902301e+01
   7.0000000000000000e+01   1.0496468505859400e+03
   7.0200000000000003e+01   6.3162260055542001e+00
   7.1000000000000000e+01   1.8844390869140600e+01
   7.1099999999999994e+01   2.6198200225830099e+01
   7.3000000000000000e+01   1.5800733566284199e+01
   7.3099999999999994e+01   6.1581082344055202e+00
   7.4000000000000000e+01   5.3143058776855497e+01
   7.4900000000000006e+01   1.2308791160583500e+01
   7.5000000000000000e+01   2.4719495773315401e+01
   7.5900000000000006e+01   5.9750202178955099e+01
   7.6099999999999994e+01   7.4109909057617202e+01
   7.6200000000000003e+01   3.7825508117675803e+01
   7.6900000000000006e+01   4.3915935516357401e+01
   7.7000000000000000e+01   2.7922221679687500e+03
   7.7900000000000006e+01   3.1923980712890600e+01
   7.8000000000000000e+01   7.2365618896484398e+02
   7.8900000000000006e+01   2.7552239990234398e+02
   7.9000000000000000e+01   7.2866003417968795e+02
   7.9799999999999997e+01   3.3278137207031300e+01
   8.0000000000000000e+01   2.4267163085937500e+02
   8.0099999999999994e+01   3.6332096099853501e+01
   8.0799999999999997e+01   6.4045739173889196e+00
   8.0900000000000006e+01   6.8358146667480497e+01
   8.1000000000000000e+01   7.9122467041015597e+01
   8.1099999999999994e+01   1.4155408859252899e+01
   8.1799999999999997e+01   2.1328927993774400e+01
   8.2000000000000000e+01   2.5573332214355500e+02
   8.2099999999999994e+01   1.7073022460937500e+02
   8.2900000000000006e+01   2.6696250915527301e+01
   8.3000000000000000e+01   9.0159004211425795e+01
   8.3200000000000003e+01   6.2294683456420898e+00
   8.3900000000000006e+01   2.2516399383544901e+01
   8.4099999999999994e+01   7.8310791015625000e+01
   8.8099999999999994e+01   6.5126147270202601e+00
   8.8799999999999997e+01   3.0173763275146499e+01
   8.9000000000000000e+01   2.5257041931152301e+02
   8.9200000000000003e+01   1.3556072235107401e+01
   8.9799999999999997e+01   1.3553853034973100e+01
   8.9900000000000006e+01   4.7754127502441399e+01
   9.0099999999999994e+01   9.9690078735351605e+01
   9.0200000000000003e+01   2.6494197845458999e+01
   9.1000000000000000e+01   3.2562988281250000e+02
   9.1000000000000000e+01   3.7719587402343800e+03
   9.1799999999999997e+01   9.3087749481201207e+00
   9.2000000000000000e+01   6.5367669677734398e+02
   9.2099999999999994e+01   8.3142135620117202e+01
   9.2900000000000006e+01   1.9570538330078099e+02
   9.3000000000000000e+01   2.5738574218750000e+02
   9.3200000000000003e+01   1.2203290939331101e+01
   9.3900000000000006e+01   1.7446798324585000e+01
   9.4099999999999994e+01   5.3089227294921898e+02
   9.4799999999999997e+01   2.2680240631103501e+01
   9.5000000000000000e+01   1.3494065856933599e+02
   9.5099999999999994e+01   1.5842532348632801e+02
   9.5200000000000003e+01   2.4919338226318398e+01
   9.5900000000000006e+01   1.4201007080078099e+02
   9.6099999999999994e+01   2.1225161132812500e+03
   9.7000000000000000e+01   2.5170188903808599e+02
   9.7099999999999994e+01   1.8892556762695301e+02
   9.7900000000000006e+01   1.7089202880859400e+01
   9.8000000000000000e+01   1.2578268432617200e+02
   9.8200000000000003e+01   9.8034980773925795e+01
   9.9900000000000006e+01   1.2440480232238800e+01
   1.0000000000000000e+02   9.8574989318847699e+01
   1.0100000000000000e+02   1.8417423248291001e+01
   1.0180000000000000e+02   3.2150592803955099e+01
   1.0200000000000000e+02   7.6081611633300795e+01
   1.0209999999999999e+02   6.4983100891113295e+01
   1.0290000000000001e+02   8.1439353942871094e+01
   1.0300000000000000e+02   8.8680590820312500e+02
   1.0380000000000000e+02   7.3757648468017596e+00
   1.0400000000000000e+02   1.2955142822265600e+03
   1.0409999999999999e+02   1.0773059082031300e+02
   1.0509999999999999e+02   3.4204221191406300e+03
   1.0580000000000000e+02   1.7913703918456999e+01
   1.0600000000000000e+02   9.3217230224609398e+02
   1.0609999999999999e+02   5.4990768432617202e+01
   1.0690000000000001e+02   2.6146278381347699e+01
   1.0700000000000000e+02   4.3665573120117202e+01
   1.0730000000000000e+02   1.1746751785278301e+01
   1.0790000000000001e+02   3.0359996795654300e+01
   1.0820000000000000e+02   1.4803035736084000e+01
   1.0900000000000000e+02   6.3753776550293004e+00
   1.1020000000000000e+02   6.5892596244812003e+00
   1.1090000000000001e+02   7.3262968063354501e+00
   1.1490000000000001e+02   6.1167133331298800e+01
   1.1500000000000000e+02   9.1782112121582003e+01
   1.1509999999999999e+02   5.4926773071289098e+01
   1.1530000000000000e+02   6.6816401481628400e+00
   1.1550000000000000e+02   1.1362331390380900e+01
   1.1580000000000000e+02   1.9778709411621101e+01
   1.1590000000000001e+02   2.1799983978271499e+01
   1.1609999999999999e+02   7.4421348571777301e+01
   1.1620000000000000e+02   8.0291881561279297e+00
   1.1670000000000000e+02   6.6735863685607901e+00
   1.1690000000000001e+02   1.5422239685058599e+02
   1.1700000000000000e+02   4.0299719238281301e+02
   1.1720000000000000e+02   2.4659252166748001e+01
   1.1790000000000001e+02   7.5960922241210895e+01
   1.1800000000000000e+02   4.1303927612304699e+02
   1.1809999999999999e+02   2.7016564941406301e+02
   1.1890000000000001e+02   1.1936479187011700e+02
   1.1900000000000000e+02   1.4407827758789099e+02
   1.1909999999999999e+02   1.4585134887695301e+02
   1.1980000000000000e+02   8.9179544448852504e+00
   1.1990000000000001e+02   9.6927787780761705e+01
   1.2000000000000000e+02   1.5826042175293000e+02
   1.2020000000000000e+02   7.6079049110412598e+00
   1.2120000000000000e+02   1.4779078483581500e+01
   1.2800000000000000e+02   2.8808570861816399e+01
   1.2809999999999999e+02   8.9339729309082003e+01
   1.2890000000000001e+02   2.3376728057861300e+01
   1.2909999999999999e+02   2.8354331970214801e+01
   1.2919999999999999e+02   2.5934141159057599e+01
   1.2930000000000001e+02   6.5345153808593803e+00
   1.3000000000000000e+02   1.0833909912109400e+03
   1.3009999999999999e+02   3.5230490112304699e+02
   1.3090000000000001e+02   2.1763151168823200e+01
   1.3100000000000000e+02   4.2371356201171898e+02
   1.3109999999999999e+02   1.8528450012207000e+02
   1.3130000000000001e+02   5.8258361816406303e+00
   1.3190000000000001e+02   6.4833038330078097e+01
   1.3209999999999999e+02   1.6670311279296900e+03
   1.3219999999999999e+02   2.9148180007934599e+01
   1.3290000000000001e+02   7.5439102172851605e+01
   1.3300000000000000e+02   1.5884332275390599e+02
   1.3309999999999999e+02   6.5978937149047896e+00
   1.3390000000000001e+02   8.1413681030273395e+01
   1.3409999999999999e+02   8.6066085815429702e+01
   1.3490000000000001e+02   6.7404403686523395e+01
   1.3509999999999999e+02   1.5325531005859401e+02
   1.3519999999999999e+02   9.8383378982543892e+00
   1.3590000000000001e+02   1.4658966064453100e+01
   1.3690000000000001e+02   2.7426193237304702e+01
   1.3700000000000000e+02   3.9930931091308601e+01
   1.3890000000000001e+02   4.2919841766357401e+01
   1.3900000000000000e+02   9.1515640258789105e+01
   1.3909999999999999e+02   1.1464903259277300e+02
   1.4290000000000001e+02   8.4035720825195298e+01
   1.4309999999999999e+02   9.3616237640380895e+00
   1.4369999999999999e+02   1.8282691955566399e+01
   1.4400000000000000e+02   1.1646961975097700e+02
   1.4409999999999999e+02   1.4978346252441401e+02
   1.4490000000000001e+02   1.9488660812377901e+01
   1.4500000000000000e+02   1.2928593444824199e+02
   1.4600000000000000e+02   4.1420544433593801e+02
   1.4609999999999999e+02   2.6399920654296898e+02
   1.4690000000000001e+02   1.4701405525207500e+01
   1.4709999999999999e+02   6.2460834503173800e+01
   1.4780000000000001e+02   6.4176678657531703e+00
   1.4790000000000001e+02   4.0247428894042997e+01
   1.4809999999999999e+02   2.3926094055175799e+01
   1.5509999999999999e+02   2.0101415634155298e+01
   1.5580000000000001e+02   1.3320277214050300e+01
   1.5590000000000001e+02   2.4362581253051800e+01
   1.5600000000000000e+02   5.9944908142089801e+01
   1.5669999999999999e+02   6.3634257316589400e+00
   1.5680000000000001e+02   2.8094278335571300e+01
   1.5709999999999999e+02   1.0069240570068400e+01
   1.5719999999999999e+02   1.0979819297790501e+01
   1.5780000000000001e+02   2.1887113571166999e+01
   1.5809999999999999e+02   2.4231166992187500e+03
   1.5890000000000001e+02   1.9185092926025401e+01
   1.5900000000000000e+02   2.4151753234863301e+02
   1.5909999999999999e+02   2.5378562927246099e+02
   1.5990000000000001e+02   8.3796987533569300e+00
   1.6000000000000000e+02   2.9131515502929699e+02
   1.6009999999999999e+02   2.6430474853515602e+02
   1.6030000000000001e+02   6.0002269744873002e+00
   1.6109999999999999e+02   4.4536090850830099e+01
   1.6200000000000000e+02   1.4974210739135700e+01
   1.6219999999999999e+02   5.8193149566650400e+00
   1.6490000000000001e+02   6.2235191345214801e+01
   1.6509999999999999e+02   1.0322953033447300e+02
   1.6519999999999999e+02   2.2423318862915000e+01
   1.6609999999999999e+02   1.4533401489257800e+01
   1.6790000000000001e+02   7.0410008430481001e+00
   1.6990000000000001e+02   2.1004730224609400e+01
   1.7009999999999999e+02   8.1755504608154297e+00
   1.7180000000000001e+02   1.1158135414123500e+01
   1.7200000000000000e+02   1.3500577926635700e+01
   1.7209999999999999e+02   2.6010915756225600e+01
   1.7300000000000000e+02   4.5667053222656300e+01
   1.7609999999999999e+02   1.3540999412536600e+01
   1.8380000000000001e+02   1.2494384765625000e+01
   1.8400000000000000e+02   8.0985137939453097e+01
   1.8409999999999999e+02   8.4123008728027301e+01
   1.8419999999999999e+02   1.1198683166503901e+02
   1.8430000000000001e+02   8.9744119644165004e+00
   1.8500000000000000e+02   7.9684234619140597e+01
   1.8509999999999999e+02   1.3518775939941401e+02
   1.8519999999999999e+02   1.5765732765197800e+01
   1.8600000000000000e+02   7.7937019348144503e+01
   1.8600000000000000e+02   4.9593554687500000e+02
   1.8630000000000001e+02   9.1146373748779297e+00
   1.8700000000000000e+02   2.5550457763671901e+02
   1.8709999999999999e+02   2.1304255676269500e+02
   1.8800000000000000e+02   2.3874176025390599e+02
   1.8809999999999999e+02   5.7047650146484398e+02
   1.8830000000000001e+02   7.6655893325805700e+00
   1.8909999999999999e+02   2.8623599243164102e+02
   1.8919999999999999e+02   9.2537994384765597e+01
   1.9009999999999999e+02   9.6884661865234398e+02
   1.9090000000000001e+02   3.0788444519043001e+01
   1.9109999999999999e+02   8.5735038757324205e+01
   1.9700000000000000e+02   6.7638692855834996e+00
   2.0080000000000001e+02   8.2847881317138707e+00
   2.0100000000000000e+02   6.8195716857910199e+01
   2.0109999999999999e+02   1.0060728454589800e+02
   2.0180000000000001e+02   6.3015980720520002e+00
   2.0200000000000000e+02   1.4487110137939499e+01
   2.0590000000000001e+02   7.8161268234252903e+00
   2.0680000000000001e+02   6.8861851692199698e+00
   2.1090000000000001e+02   2.3333843231201200e+01
   2.1469999999999999e+02   3.7266490936279297e+01
   2.1490000000000001e+02   2.0451202392578100e+01
   2.1500000000000000e+02   6.4671813964843807e+01
   2.1600000000000000e+02   1.7774452209472699e+01
   2.1700000000000000e+02   1.4774155616760300e+01
   2.1719999999999999e+02   6.1043658256530797e+00
   2.1800000000000000e+02   7.4666824340820298e+01
   2.1809999999999999e+02   1.5642456054687500e+03
   2.1809999999999999e+02   9.8043518066406295e+02
   2.1890000000000001e+02   9.3338928222656307e+01
   2.1909999999999999e+02   2.5279304504394500e+02
   2.1919999999999999e+02   1.7865892410278299e+01
   2.2009999999999999e+02   1.9680549621581999e+01
   2.2880000000000001e+02   6.4573388099670401e+00
   2.2900000000000000e+02   3.6329971313476598e+01
   2.2909999999999999e+02   9.2362304687500000e+01
   2.2919999999999999e+02   6.0795202255248997e+00
   2.3009999999999999e+02   7.7036461830139196e+00
   2.3090000000000001e+02   2.4002275466918899e+01
   2.3109999999999999e+02   5.7793151855468800e+01
   2.3119999999999999e+02   1.0267488479614300e+01
   2.3300000000000000e+02   2.1360261917114300e+01
   2.3309999999999999e+02   1.2424997329711900e+01
   2.3680000000000001e+02   6.8395018577575695e-01
   2.3700000000000000e+02   3.4212623596191399e+01
   2.5860000000000002e+02   6.3641152381896999e+00
   2.5889999999999998e+02   5.8634500503540004e+00
   2.5930000000000001e+02   1.8247373580932599e+01
   2.6010000000000002e+02   2.1057353973388700e+01
   2.6019999999999999e+02   1.3649354934692401e+01
   2.6110000000000002e+02   1.2058317382812500e+04
   2.6200000000000000e+02   2.3604058837890599e+02
   2.6219999999999999e+02   1.8627075195312500e+03
   2.6300000000000000e+02   8.3428924560546903e+01
   2.6319999999999999e+02   1.2975077819824199e+02
   3.5010000000000002e+02   1.5054075241088899e+01
