   4.0100000000000001e+01   2.2936938476562500e+02
   4.1100000000000001e+01   6.9806435546875000e+03
   4.2100000000000001e+01   1.0224397460937500e+04
   4.3100000000000001e+01   1.8674802734375000e+04
   4.4100000000000001e+01   6.6544301757812500e+03
   4.4899999999999999e+01   1.1280400085449200e+02
   4.5100000000000001e+01   7.2203109741210895e+01
   4.9899999999999999e+01   4.2802898406982401e+01
   5.0000000000000000e+01   2.0197076416015599e+02
   5.0100000000000001e+01   1.3416044616699199e+02
   5.0799999999999997e+01   1.3091628074646000e+01
   5.1000000000000000e+01   8.8235040283203102e+02
   5.1899999999999999e+01   7.9700820922851605e+01
   5.2000000000000000e+01   2.4868098449707000e+02
   5.2100000000000001e+01   6.8935218811035199e+01
   5.3000000000000000e+01   2.4946275329589801e+02
   5.3100000000000001e+01   4.0305505371093801e+02
   5.4000000000000000e+01   7.4170825195312500e+02
   5.4100000000000001e+01   2.4145809936523401e+02
   5.4899999999999999e+01   3.1397888183593800e+01
   5.5100000000000001e+01   2.5423364257812500e+03
   5.6000000000000000e+01   1.9547458496093800e+03
   5.6799999999999997e+01   2.4647026062011701e+01
   5.7000000000000000e+01   1.5261706542968800e+03
   5.7100000000000001e+01   1.8196573257446300e+01
   5.7899999999999999e+01   4.2921157836914098e+01
   5.8000000000000000e+01   1.4327626037597699e+02
   5.8100000000000001e+01   3.7008983612060497e+01
   5.8899999999999999e+01   1.6272884368896499e+01
   5.9000000000000000e+01   1.7516258239746099e+02
   6.1000000000000000e+01   2.6104660034179702e+01
   6.1899999999999999e+01   1.4293682861328099e+02
   6.2000000000000000e+01   9.0684455871582003e+01
   6.2899999999999999e+01   2.8657394409179699e+02
   6.3000000000000000e+01   4.8051278686523398e+02
   6.3899999999999999e+01   1.5095899963378901e+02
   6.4099999999999994e+01   1.4105133056640599e+02
   6.5000000000000000e+01   3.2422470703125000e+03
   6.5900000000000006e+01   1.4661306762695301e+02
   6.6000000000000000e+01   2.8040966796875000e+02
   6.6099999999999994e+01   1.3902118682861300e+01
   6.7000000000000000e+01   5.4420245361328102e+02
   6.7099999999999994e+01   1.1506118164062500e+03
   6.8000000000000000e+01   2.8646777343750000e+03
   6.8900000000000006e+01   2.7527753829956101e+01
   6.9000000000000000e+01   1.1861497802734400e+03
   6.9099999999999994e+01   1.6138780517578100e+03
   7.0099999999999994e+01   4.9073701171875000e+03
   7.1099999999999994e+01   1.1554721679687500e+04
   7.2000000000000000e+01   2.4753245544433599e+02
   7.2099999999999994e+01   3.2321823120117199e+02
   7.2900000000000006e+01   6.9397293090820298e+01
   7.3099999999999994e+01   6.5476272583007798e+01
   7.3799999999999997e+01   9.1053840637207003e+01
   7.4000000000000000e+01   1.6147523498535199e+02
   7.4099999999999994e+01   2.9250625610351602e+01
   7.4799999999999997e+01   1.3167679786682100e+01
   7.4900000000000006e+01   1.5223928833007801e+02
   7.5000000000000000e+01   1.4092548828125000e+03
   7.5799999999999997e+01   2.0516910552978501e+01
   7.6000000000000000e+01   2.9080313110351602e+02
   7.6099999999999994e+01   1.2418227386474599e+02
   7.7000000000000000e+01   4.7471840820312500e+03
   7.7900000000000006e+01   3.2839210510253899e+01
   7.8000000000000000e+01   1.7337143554687500e+03
   7.8900000000000006e+01   5.7341575622558601e+01
   7.9000000000000000e+01   3.9316999511718800e+03
   7.9099999999999994e+01   1.6460211181640599e+02
   7.9900000000000006e+01   4.5957489013671903e+01
   8.0000000000000000e+01   9.5820617675781295e+02
   8.0200000000000003e+01   2.7105802536010700e+01
   8.0900000000000006e+01   5.4290447998046898e+02
   8.1099999999999994e+01   6.9370178222656307e+01
   8.2000000000000000e+01   2.5740366210937500e+03
   8.3000000000000000e+01   1.7729775390625000e+03
   8.4000000000000000e+01   5.0026339721679699e+02
   8.4099999999999994e+01   6.8503131103515602e+02
   8.4200000000000003e+01   2.7969610214233398e+01
   8.4900000000000006e+01   6.7250480651855497e+01
   8.5099999999999994e+01   9.8390022277832003e+01
   8.5700000000000003e+01   9.7196760177612305e+00
   8.6099999999999994e+01   1.2600136756896999e+01
   8.9000000000000000e+01   3.9936251831054699e+02
   8.9000000000000000e+01   5.3640270996093795e+02
   8.9099999999999994e+01   2.8677175521850600e+01
   8.9799999999999997e+01   1.7016290664672901e+01
   9.0099999999999994e+01   3.8146975708007801e+02
   9.0200000000000003e+01   2.0884867858886699e+02
   9.0299999999999997e+01   2.7052658081054702e+01
   9.1000000000000000e+01   1.4162980468750000e+04
   9.1900000000000006e+01   2.1830514907836900e+01
   9.2000000000000000e+01   1.4091816406250000e+03
   9.2900000000000006e+01   1.9906869506835901e+02
   9.3099999999999994e+01   2.2948596191406301e+02
   9.4000000000000000e+01   1.3628320312500000e+02
   9.4000000000000000e+01   1.4747110595703100e+03
   9.5000000000000000e+01   8.2318769531250000e+03
   9.6099999999999994e+01   1.0961919921875000e+04
   9.7000000000000000e+01   1.2228869628906300e+03
   9.7099999999999994e+01   6.7195953369140602e+02
   9.8000000000000000e+01   2.7240716552734398e+02
   9.8099999999999994e+01   3.0929837036132801e+02
   9.9099999999999994e+01   9.2940044403076207e+00
   9.9799999999999997e+01   1.1661136627197299e+01
   9.9900000000000006e+01   3.3881519317627003e+01
   1.0009999999999999e+02   2.7208223342895501e+01
   1.0090000000000001e+02   2.8634439468383800e+01
   1.0100000000000000e+02   1.1263471984863300e+02
   1.0190000000000001e+02   3.3991772460937500e+02
   1.0209999999999999e+02   2.1724948120117199e+02
   1.0300000000000000e+02   4.4579291992187500e+03
   1.0390000000000001e+02   5.2037937164306598e+01
   1.0400000000000000e+02   2.5449997558593800e+03
   1.0509999999999999e+02   1.6020308593750000e+04
   1.0600000000000000e+02   1.5707972412109400e+03
   1.0680000000000000e+02   2.1439466476440401e+01
   1.0700000000000000e+02   1.8168005371093801e+02
   1.0709999999999999e+02   4.3179885864257798e+01
   1.0800000000000000e+02   4.5612673950195301e+02
   1.0900000000000000e+02   3.0988691406250000e+03
   1.0980000000000000e+02   5.9784317016601598e+01
   1.1000000000000000e+02   1.3451950683593800e+03
   1.1100000000000000e+02   3.6132089843750000e+03
   1.1180000000000000e+02   3.8374778747558601e+01
   1.1200000000000000e+02   8.3028771972656295e+02
   1.1290000000000001e+02   8.0739212036132798e+01
   1.1300000000000000e+02   7.8770652770996094e+01
   1.1409999999999999e+02   2.2926334381103501e+01
   1.1490000000000001e+02   1.2042790985107401e+02
   1.1500000000000000e+02   2.9668435668945301e+02
   1.1509999999999999e+02   7.8823089599609403e+01
   1.1580000000000000e+02   2.3319051742553700e+01
   1.1590000000000001e+02   1.7860705566406301e+02
   1.1600000000000000e+02   5.6777633666992202e+01
   1.1680000000000000e+02   1.9804206848144499e+01
   1.1700000000000000e+02   6.2819036865234398e+02
   1.1709999999999999e+02   2.9197290039062500e+02
   1.1790000000000001e+02   4.9434310913085902e+01
   1.1800000000000000e+02   1.8336955261230500e+02
   1.1890000000000001e+02   1.5386649131774901e+01
   1.1909999999999999e+02   2.1358993530273398e+01
   1.1990000000000001e+02   2.7689849853515600e+01
   1.2000000000000000e+02   4.2371795654296903e+01
   1.2009999999999999e+02   1.0435311317443800e+01
   1.2080000000000000e+02   3.5457077026367202e+01
   1.2100000000000000e+02   3.4121939086914102e+02
   1.2109999999999999e+02   2.6995483398437500e+02
   1.2120000000000000e+02   1.1608381271362299e+01
   1.2200000000000000e+02   5.7179506835937500e+03
   1.2300000000000000e+02   1.1919477539062500e+03
   1.2309999999999999e+02   9.0902825927734398e+02
   1.2400000000000000e+02   1.2246921386718800e+03
   1.2409999999999999e+02   2.8541751098632801e+02
   1.2490000000000001e+02   9.2475996017456108e+00
   1.2509999999999999e+02   1.0424246978759800e+02
   1.2590000000000001e+02   1.0410736083984400e+01
   1.2700000000000000e+02   2.1337436676025401e+01
   1.2790000000000001e+02   3.5259895324707003e+01
   1.2800000000000000e+02   1.8373802185058599e+02
   1.2809999999999999e+02   1.0378615379333500e+01
   1.2880000000000001e+02   2.6070690155029300e+01
   1.2900000000000000e+02   1.0131057739257800e+02
   1.2909999999999999e+02   9.2966003417968807e+01
   1.2990000000000001e+02   1.8123739242553700e+01
   1.3000000000000000e+02   1.7679097900390600e+03
   1.3100000000000000e+02   2.6929638671875000e+02
   1.3109999999999999e+02   2.8070727539062500e+02
   1.3180000000000001e+02   1.3986009597778301e+01
   1.3190000000000001e+02   1.4392813110351599e+02
   1.3209999999999999e+02   7.1459179687500000e+02
   1.3290000000000001e+02   1.9217390060424801e+01
   1.3300000000000000e+02   1.4454093933105500e+02
   1.3309999999999999e+02   1.2730727386474599e+02
   1.3400000000000000e+02   4.4246264648437500e+02
   1.3409999999999999e+02   4.1389413452148398e+02
   1.3490000000000001e+02   2.7913375854492202e+01
   1.3500000000000000e+02   1.8443671875000000e+03
   1.3600000000000000e+02   5.6060078125000000e+03
   1.3700000000000000e+02   2.9616196289062500e+03
   1.3790000000000001e+02   1.6636509704589801e+02
   1.3809999999999999e+02   7.9091229248046898e+02
   1.3900000000000000e+02   2.1660925292968801e+02
   1.3909999999999999e+02   1.1228052978515600e+03
   1.4000000000000000e+02   6.8925979614257798e+01
   1.4009999999999999e+02   2.1378036499023398e+01
   1.4090000000000001e+02   5.8647159576416001e+01
   1.4109999999999999e+02   5.0303596496582003e+01
   1.4190000000000001e+02   1.4298317909240700e+01
   1.4209999999999999e+02   1.3638254165649400e+01
   1.4290000000000001e+02   6.9652374267578097e+01
   1.4300000000000000e+02   1.1897462463378901e+02
   1.4390000000000001e+02   2.8495098114013700e+01
   1.4400000000000000e+02   2.0922245788574199e+02
   1.4409999999999999e+02   2.3803375244140599e+02
   1.4419999999999999e+02   1.3722585678100600e+01
   1.4490000000000001e+02   5.7779109954833999e+01
   1.4509999999999999e+02   6.1746738433837898e+01
   1.4509999999999999e+02   4.1534862518310497e+01
   1.4590000000000001e+02   7.9673934936523395e+01
   1.4600000000000000e+02   2.0199072265625000e+02
   1.4609999999999999e+02   2.3869915771484401e+02
   1.4690000000000001e+02   1.6617782592773398e+01
   1.4700000000000000e+02   1.7067645263671901e+02
   1.4709999999999999e+02   5.7560684204101598e+01
   1.4800000000000000e+02   6.6444687500000000e+03
   1.4900000000000000e+02   5.0570239257812500e+03
   1.5000000000000000e+02   8.1549477539062500e+03
   1.5090000000000001e+02   7.4039169311523395e+01
   1.5109999999999999e+02   1.2409436035156300e+03
   1.5200000000000000e+02   2.6039675903320301e+02
   1.5209999999999999e+02   1.5386868286132801e+02
   1.5280000000000001e+02   3.7035320281982401e+01
   1.5300000000000000e+02   7.7482742309570298e+01
   1.5309999999999999e+02   9.1620578765869105e+00
   1.5409999999999999e+02   4.1280597686767599e+01
   1.5490000000000001e+02   8.9614196777343807e+01
   1.5519999999999999e+02   1.0239746093750000e+01
   1.5590000000000001e+02   9.5719581604003906e+01
   1.5609999999999999e+02   8.7248657226562500e+01
   1.5680000000000001e+02   1.5899599075317401e+01
   1.5700000000000000e+02   5.6820964813232401e+01
   1.5719999999999999e+02   9.1134634017944300e+00
   1.5809999999999999e+02   3.8813833618164102e+02
   1.5900000000000000e+02   1.2261163330078099e+02
   1.5909999999999999e+02   1.0529872894287099e+02
   1.6009999999999999e+02   1.1193929443359400e+03
   1.6009999999999999e+02   3.5286694335937500e+02
   1.6090000000000001e+02   5.1113407135009801e+01
   1.6100000000000000e+02   3.2830505371093801e+02
   1.6119999999999999e+02   4.9405948638916001e+01
   1.6200000000000000e+02   2.8127758789062500e+02
   1.6209999999999999e+02   6.9000244140625000e+02
   1.6280000000000001e+02   1.9298042297363299e+01
   1.6300000000000000e+02   4.4731502532958999e+01
   1.6309999999999999e+02   1.1500825195312500e+03
   1.6409999999999999e+02   3.6511484375000000e+04
   1.6509999999999999e+02   4.1242226562500000e+03
   1.6590000000000001e+02   8.4043289184570298e+01
   1.6600000000000000e+02   4.8632427978515602e+02
   1.6690000000000001e+02   3.0705770492553700e+01
   1.6709999999999999e+02   1.5072807312011699e+01
   1.6730000000000001e+02   1.0242272377014199e+01
   1.6780000000000001e+02   9.0942039489746094e+00
   1.6800000000000000e+02   9.5597915649414098e+00
   1.6819999999999999e+02   9.5441722869872994e+00
   1.7000000000000000e+02   2.1844934463501001e+01
   1.7109999999999999e+02   1.0114220619201699e+01
   1.7200000000000000e+02   2.5433988571166999e+01
   1.7290000000000001e+02   1.2352051734924300e+01
   1.7380000000000001e+02   9.1043987274169904e+00
   1.7390000000000001e+02   1.5713305473327599e+01
   1.7400000000000000e+02   5.6166717529296903e+01
   1.7409999999999999e+02   3.2040325164794901e+01
   1.7490000000000001e+02   1.0597024536132800e+02
   1.7500000000000000e+02   7.4635353088378906e+01
   1.7509999999999999e+02   2.6414859771728501e+01
   1.7600000000000000e+02   7.0066485595703102e+02
   1.7609999999999999e+02   9.4170349121093795e+02
   1.7669999999999999e+02   3.0948799133300799e+01
   1.7700000000000000e+02   5.5219091796875000e+02
   1.7709999999999999e+02   5.2989978027343795e+02
   1.7800000000000000e+02   1.8169947814941401e+02
   1.7809999999999999e+02   3.7155587768554699e+02
   1.7819999999999999e+02   2.6089216232299801e+01
   1.7880000000000001e+02   2.7044300079345700e+01
   1.7900000000000000e+02   1.4604602050781301e+02
   1.7990000000000001e+02   2.3480207443237301e+01
   1.8000000000000000e+02   1.1609384536743200e+01
   1.8009999999999999e+02   1.1619919776916500e+01
   1.8090000000000001e+02   1.8751647949218801e+02
   1.8109999999999999e+02   7.2251449584960895e+01
   1.8119999999999999e+02   1.7575752258300799e+01
   1.8200000000000000e+02   3.0966146850585898e+02
   1.8209999999999999e+02   7.5347480773925795e+01
   1.8309999999999999e+02   1.9842512130737301e+01
   1.8390000000000001e+02   3.3293590545654297e+01
   1.8400000000000000e+02   3.3553863525390602e+02
   1.8409999999999999e+02   4.6620501708984398e+02
   1.8490000000000001e+02   4.1350803375244098e+01
   1.8500000000000000e+02   2.8521902465820301e+02
   1.8519999999999999e+02   1.2291484069824200e+02
   1.8600000000000000e+02   5.8970935821533203e+01
   1.8609999999999999e+02   2.2881936035156300e+03
   1.8700000000000000e+02   1.5356385803222699e+02
   1.8709999999999999e+02   4.3908410644531301e+02
   1.8809999999999999e+02   2.3959375000000000e+03
   1.8900000000000000e+02   1.4762965393066401e+02
   1.8919999999999999e+02   3.4205773925781301e+02
   1.8990000000000001e+02   8.9984960556030291e+00
   1.9000000000000000e+02   6.1816139221191399e+01
   1.9009999999999999e+02   1.2651137542724599e+02
   1.9090000000000001e+02   1.5819729614257801e+02
   1.9109999999999999e+02   2.6056954956054699e+02
   1.9119999999999999e+02   5.3398338317871101e+01
   1.9180000000000001e+02   9.0491847991943395e+00
   1.9200000000000000e+02   8.6745460510253906e+01
   1.9280000000000001e+02   2.2312948226928700e+01
   2.0290000000000001e+02   1.3101032257080099e+01
   2.0309999999999999e+02   1.0121356010436999e+01
   2.0390000000000001e+02   2.6959358215331999e+01
   2.0400000000000000e+02   1.2450337409973100e+01
   2.0409999999999999e+02   1.7718761444091800e+01
   2.0500000000000000e+02   1.0777828216552700e+02
   2.0509999999999999e+02   1.4064666748046900e+03
   2.0600000000000000e+02   5.1958416748046898e+02
   2.0609999999999999e+02   1.5017371826171900e+03
   2.0709999999999999e+02   2.2303007812500000e+04
   2.0790000000000001e+02   3.2343170166015597e+01
   2.0809999999999999e+02   2.9462309570312500e+03
   2.0880000000000001e+02   1.3392085075378400e+01
   2.0900000000000000e+02   5.4453292846679702e+01
   2.0909999999999999e+02   1.3039161682128901e+02
   2.1080000000000001e+02   4.2486991882324201e+00
   2.1100000000000000e+02   6.8610359191894503e+01
   2.1119999999999999e+02   1.3533382415771500e+01
   2.1190000000000001e+02   1.4121707916259799e+01
   2.1500000000000000e+02   2.5348608398437500e+02
   2.1580000000000001e+02   2.2364547729492202e+01
   2.1590000000000001e+02   1.0325472831726101e+01
   2.1600000000000000e+02   3.3233802795410199e+01
   2.1700000000000000e+02   3.2235454559326200e+01
   2.1890000000000001e+02   5.5143150329589801e+01
   2.1900000000000000e+02   9.0968475341796893e+00
   2.1969999999999999e+02   9.8297882080078107e+00
   2.3100000000000000e+02   3.5336280822753899e+01
   2.3109999999999999e+02   5.9555320739746101e+01
   2.3119999999999999e+02   3.6908008575439503e+01
   2.3290000000000001e+02   1.4010559082031300e+01
   2.3300000000000000e+02   3.6802238464355497e+01
   2.3309999999999999e+02   7.2132896423339801e+01
   2.3409999999999999e+02   3.8270812988281300e+03
   2.3490000000000001e+02   7.2082649230957003e+01
   2.3509999999999999e+02   6.1024688720703102e+02
   2.3680000000000001e+02   2.5782501220703100e+01
   2.3700000000000000e+02   4.3038803100585902e+01
   2.3809999999999999e+02   1.0827442169189499e+01
   2.4709999999999999e+02   6.9510559082031307e+01
   2.4800000000000000e+02   1.8453219604492199e+02
   2.4809999999999999e+02   2.2485438537597699e+02
   2.4909999999999999e+02   4.0044189453125000e+01
   2.4919999999999999e+02   1.0736147880554199e+01
   2.5900000000000000e+02   1.7064365386962901e+01
   2.7439999999999998e+02   1.3348491668701200e+01
   2.7489999999999998e+02   1.3600244522094700e+01
   2.7510000000000002e+02   4.9603637695312500e+01
   2.7519999999999999e+02   6.5999382019042997e+01
   2.7589999999999998e+02   1.7027063369751001e+01
   2.7619999999999999e+02   2.2032357788085901e+02
   2.7630000000000001e+02   1.4715452194213899e+01
   2.7719999999999999e+02   6.4735257812500000e+04
   2.7819999999999999e+02   1.1770952148437500e+04
   2.7910000000000002e+02   9.2736596679687500e+02
   2.7919999999999999e+02   2.2764743041992199e+02
   2.8010000000000002e+02   9.3883152008056605e+00
   2.9700000000000000e+02   1.0173297882080099e+02
   2.9719999999999999e+02   6.3424884796142599e+01
   2.9800000000000000e+02   9.3516082763671893e+00
   2.9819999999999999e+02   1.2107216835021999e+01
   3.6600000000000000e+02   1.5922747611999499e+01
   3.6610000000000002e+02   7.4227058410644503e+01
   3.6630000000000001e+02   2.2596927642822301e+01
   3.6689999999999998e+02   2.0977077484130898e+01
   3.6710000000000002e+02   4.6639049530029297e+01
