   4.0100000000000001e+01   2.4601282119751001e+01
   4.0899999999999999e+01   1.1683170318603500e+02
   4.1100000000000001e+01   1.2429036865234400e+03
   4.2100000000000001e+01   1.1480730468750000e+04
   4.2899999999999999e+01   1.5968109130859401e+02
   4.3000000000000000e+01   8.4760778808593795e+02
   4.4000000000000000e+01   4.2138259887695301e+02
   4.5000000000000000e+01   5.3552813720703102e+02
   4.9899999999999999e+01   7.2376358032226605e+01
   5.0000000000000000e+01   3.8300900268554699e+02
   5.0899999999999999e+01   7.7268608093261705e+01
   5.1000000000000000e+01   1.3977340087890600e+03
   5.1899999999999999e+01   1.4537107849121099e+02
   5.2000000000000000e+01   2.5868499755859398e+02
   5.2899999999999999e+01   6.2532566070556598e+01
   5.3000000000000000e+01   1.0537657470703100e+03
   5.3899999999999999e+01   3.4908886718750000e+02
   5.4000000000000000e+01   2.9679144287109398e+02
   5.5000000000000000e+01   1.0959709472656300e+03
   5.5899999999999999e+01   6.8497596740722699e+01
   5.6100000000000001e+01   1.3595614013671900e+03
   5.7000000000000000e+01   1.4505672851562500e+04
   5.8000000000000000e+01   3.4300863647460898e+02
   5.8100000000000001e+01   1.6736187744140599e+02
   5.9000000000000000e+01   2.0190811767578100e+03
   6.0200000000000003e+01   9.2751636505127006e+00
   6.1000000000000000e+01   2.1998409271240199e+01
   6.1799999999999997e+01   3.8676773071289098e+01
   6.1899999999999999e+01   1.1283940887451200e+02
   6.2100000000000001e+01   3.5074470520019503e+01
   6.2799999999999997e+01   1.7637657165527301e+01
   6.2899999999999999e+01   1.7403619384765599e+02
   6.3000000000000000e+01   5.2618255615234398e+02
   6.3899999999999999e+01   3.4844284057617199e+02
   6.4000000000000000e+01   1.6654156494140599e+02
   6.5000000000000000e+01   3.2148701171875000e+03
   6.5900000000000006e+01   1.0373032379150401e+02
   6.6000000000000000e+01   5.1994647216796898e+02
   6.6900000000000006e+01   1.7012529373168899e+01
   6.7000000000000000e+01   7.9424291992187500e+02
   6.7099999999999994e+01   2.3164276123046901e+02
   6.7200000000000003e+01   1.3476416587829601e+01
   6.7900000000000006e+01   4.4372600555419901e+01
   6.8000000000000000e+01   7.4996691894531295e+02
   6.8200000000000003e+01   3.8586914062500000e+01
   6.8900000000000006e+01   2.3969158935546901e+02
   6.9000000000000000e+01   8.2392419433593795e+02
   7.0000000000000000e+01   2.6721194458007801e+02
   7.0099999999999994e+01   6.6682617187500000e+02
   7.1000000000000000e+01   1.4002421569824199e+02
   7.1099999999999994e+01   1.1235424804687500e+02
   7.1200000000000003e+01   1.4058483123779300e+01
   7.1900000000000006e+01   2.1800806045532202e+01
   7.2000000000000000e+01   9.2461051940918004e+00
   7.3000000000000000e+01   8.7821716308593807e+01
   7.3200000000000003e+01   1.0289293289184601e+01
   7.3900000000000006e+01   8.9471366882324205e+01
   7.4000000000000000e+01   8.8355361938476605e+01
   7.4099999999999994e+01   3.1621511459350600e+01
   7.4700000000000003e+01   1.0667463302612299e+01
   7.5000000000000000e+01   1.2813346862793000e+02
   7.5099999999999994e+01   1.0376381683349599e+02
   7.6000000000000000e+01   3.1041256713867199e+02
   7.6099999999999994e+01   2.9987142944335898e+02
   7.7000000000000000e+01   9.9705937500000000e+03
   7.8000000000000000e+01   2.2994233398437500e+03
   7.9000000000000000e+01   3.6922512207031300e+03
   8.0000000000000000e+01   5.3234204101562500e+02
   8.0000000000000000e+01   5.3773217773437500e+02
   8.1000000000000000e+01   8.4360150146484398e+02
   8.1099999999999994e+01   4.1887265014648398e+02
   8.1900000000000006e+01   1.7837776184082000e+02
   8.2000000000000000e+01   9.9724023437500000e+02
   8.2099999999999994e+01   1.0363163757324200e+02
   8.2900000000000006e+01   3.6633728027343800e+01
   8.3000000000000000e+01   2.4614010620117199e+02
   8.3099999999999994e+01   5.8731594085693402e+01
   8.4000000000000000e+01   1.9380941772460901e+02
   8.4099999999999994e+01   5.8851886749267599e+01
   8.4900000000000006e+01   7.0901000976562500e+01
   8.5000000000000000e+01   1.7278619384765599e+02
   8.5099999999999994e+01   1.4913387298584000e+01
   8.5900000000000006e+01   1.0571039199829100e+01
   8.6000000000000000e+01   6.6530220031738295e+01
   8.6099999999999994e+01   1.5581296920776399e+01
   8.6200000000000003e+01   1.2894084930419901e+01
   8.6900000000000006e+01   1.7629810333251999e+01
   8.7099999999999994e+01   2.6578992843627901e+01
   8.8900000000000006e+01   3.4105191040039102e+02
   8.9000000000000000e+01   2.4530072021484401e+02
   8.9099999999999994e+01   1.2287268066406300e+02
   9.0000000000000000e+01   2.8449197387695301e+02
   9.0099999999999994e+01   2.8516671752929699e+02
   9.1000000000000000e+01   1.2751995117187500e+04
   9.1900000000000006e+01   5.8448451995849602e+01
   9.2000000000000000e+01   1.6647933349609400e+03
   9.3000000000000000e+01   3.5108747558593800e+03
   9.3900000000000006e+01   3.9861637115478501e+01
   9.4000000000000000e+01   2.5843862304687500e+03
   9.4799999999999997e+01   1.2491067886352500e+01
   9.4900000000000006e+01   6.1415012359619098e+01
   9.5000000000000000e+01   8.3627239990234398e+02
   9.5099999999999994e+01   3.2253063964843801e+02
   9.6099999999999994e+01   8.7404814453125000e+03
   9.6799999999999997e+01   8.3630399703979492e+00
   9.7099999999999994e+01   1.0693049316406300e+03
   9.7900000000000006e+01   1.1818200683593800e+02
   9.8099999999999994e+01   1.2213007354736300e+02
   9.8799999999999997e+01   1.8373943328857401e+01
   9.9000000000000000e+01   6.2451843261718800e+01
   9.9900000000000006e+01   3.4762554168701200e+01
   1.0009999999999999e+02   1.4168637084960901e+02
   1.0070000000000000e+02   9.5469417572021502e+00
   1.0100000000000000e+02   8.6753072738647496e+00
   1.0170000000000000e+02   1.2333565711975099e+01
   1.0190000000000001e+02   1.4243753051757801e+02
   1.0209999999999999e+02   1.7611296081543000e+02
   1.0220000000000000e+02   9.8313598632812500e+01
   1.0300000000000000e+02   3.7106416015625000e+03
   1.0400000000000000e+02   3.0394702148437500e+03
   1.0509999999999999e+02   1.2905995117187500e+04
   1.0600000000000000e+02   3.2922175292968800e+03
   1.0670000000000000e+02   1.2437005043029799e+01
   1.0690000000000001e+02   4.4076244354247997e+01
   1.0700000000000000e+02   1.3728303527832000e+02
   1.0709999999999999e+02   1.4419744873046901e+02
   1.0790000000000001e+02   1.7793972778320301e+02
   1.0809999999999999e+02   1.2822227478027301e+02
   1.0890000000000001e+02   9.5464981079101605e+01
   1.0900000000000000e+02   4.7433670043945298e+01
   1.0990000000000001e+02   8.5311126708984403e+01
   1.1000000000000000e+02   3.7685757446289102e+02
   1.1090000000000001e+02   3.3054050445556598e+01
   1.1100000000000000e+02   6.7863838195800795e+01
   1.1120000000000000e+02   2.9069223403930700e+01
   1.1190000000000001e+02   1.7564636230468801e+02
   1.1200000000000000e+02   1.6800944519043000e+02
   1.1220000000000000e+02   8.7003120422363295e+01
   1.1290000000000001e+02   4.5170700073242202e+01
   1.1300000000000000e+02   1.8764659423828100e+03
   1.1400000000000000e+02   6.0818304443359398e+02
   1.1409999999999999e+02   1.3221088867187500e+03
   1.1500000000000000e+02   3.4154260253906301e+02
   1.1509999999999999e+02   2.5963635253906301e+02
   1.1520000000000000e+02   4.8246780395507798e+01
   1.1580000000000000e+02   1.6623031616210898e+01
   1.1600000000000000e+02   2.9039331054687500e+02
   1.1609999999999999e+02   2.2133440017700199e+01
   1.1700000000000000e+02   2.4012006835937500e+03
   1.1790000000000001e+02   2.9385833740234400e+01
   1.1800000000000000e+02   3.2824121093750000e+03
   1.1820000000000000e+02   3.7950424194335902e+01
   1.1880000000000000e+02   1.0993187904357899e+01
   1.1890000000000001e+02   3.3346945190429699e+02
   1.1900000000000000e+02   8.6502856445312500e+02
   1.1920000000000000e+02   1.7119285583496101e+01
   1.1990000000000001e+02   1.1577358245849600e+01
   1.2000000000000000e+02   3.9545553588867199e+02
   1.2020000000000000e+02   3.4043800354003899e+01
   1.2070000000000000e+02   1.2963960647583001e+01
   1.2090000000000001e+02   1.9703222274780298e+01
   1.2109999999999999e+02   3.5326644897460902e+01
   1.2190000000000001e+02   1.6986289978027301e+02
   1.2200000000000000e+02   2.5519189453125000e+02
   1.2280000000000000e+02   3.8451568603515597e+01
   1.2290000000000001e+02   1.0577514648437500e+01
   1.2300000000000000e+02   9.0836639404296903e+01
   1.2400000000000000e+02   3.1392730712890602e+02
   1.2409999999999999e+02   8.3822479248046903e+01
   1.2480000000000000e+02   2.0323474884033200e+01
   1.2500000000000000e+02   1.6412826538085898e+01
   1.2509999999999999e+02   2.8245983886718801e+02
   1.2600000000000000e+02   7.8939727783203102e+02
   1.2609999999999999e+02   5.7168200683593795e+02
   1.2709999999999999e+02   3.2427014160156301e+02
   1.2720000000000000e+02   2.7992101669311499e+01
   1.2790000000000001e+02   5.2487758636474602e+01
   1.2800000000000000e+02   3.2822140502929699e+02
   1.2890000000000001e+02   1.1804232788085901e+02
   1.2909999999999999e+02   1.0391891479492200e+02
   1.2919999999999999e+02   5.9917427062988303e+01
   1.3000000000000000e+02   7.5929228515625000e+03
   1.3100000000000000e+02   5.6485864257812500e+02
   1.3109999999999999e+02   9.7997375488281295e+02
   1.3209999999999999e+02   3.3905454101562500e+03
   1.3280000000000001e+02   4.6049510955810497e+01
   1.3300000000000000e+02   3.3313851928710898e+02
   1.3409999999999999e+02   1.3435322265625000e+03
   1.3480000000000001e+02   1.1327672004699700e+01
   1.3500000000000000e+02   4.5365573883056598e+01
   1.3509999999999999e+02   7.9985237121582003e+01
   1.3580000000000001e+02   1.7214181900024400e+01
   1.3600000000000000e+02   5.2094406127929702e+01
   1.3609999999999999e+02   1.8410235595703099e+02
   1.3669999999999999e+02   3.7101402282714801e+01
   1.3680000000000001e+02   6.8472656250000000e+01
   1.3700000000000000e+02   5.3472564697265597e+01
   1.3700000000000000e+02   8.7593986511230497e+01
   1.3790000000000001e+02   1.6043922424316401e+02
   1.3809999999999999e+02   1.8669647216796901e+02
   1.3890000000000001e+02   2.5281114578247099e+01
   1.3900000000000000e+02   1.0095313262939500e+02
   1.3909999999999999e+02   3.1597690582275401e+01
   1.4000000000000000e+02   3.7523001098632801e+02
   1.4009999999999999e+02   1.0636094970703100e+03
   1.4090000000000001e+02   1.1244154357910200e+02
   1.4100000000000000e+02   1.8766584777832000e+02
   1.4109999999999999e+02   1.2653543853759800e+02
   1.4190000000000001e+02   9.1396484375000000e+01
   1.4209999999999999e+02   4.2224661254882801e+02
   1.4290000000000001e+02   6.0300449371337898e+01
   1.4300000000000000e+02   4.3985803222656301e+02
   1.4309999999999999e+02   1.1394412994384800e+02
   1.4390000000000001e+02   1.8694526672363299e+01
   1.4400000000000000e+02   1.7602423095703100e+03
   1.4490000000000001e+02   1.0802819061279300e+02
   1.4500000000000000e+02   4.3990490722656301e+02
   1.4519999999999999e+02   2.5284009933471701e+01
   1.4609999999999999e+02   2.3735205078125000e+03
   1.4609999999999999e+02   6.6363238525390602e+02
   1.4700000000000000e+02   1.9168930053710901e+02
   1.4709999999999999e+02   2.0014732360839801e+02
   1.4719999999999999e+02   3.4869522094726598e+01
   1.4780000000000001e+02   1.2188197135925300e+01
   1.4790000000000001e+02   8.7674102783203097e+01
   1.4809999999999999e+02   1.3893481445312500e+02
   1.4900000000000000e+02   2.8830938720703102e+02
   1.4909999999999999e+02   7.8677108764648395e+01
   1.4990000000000001e+02   1.2267314910888700e+01
   1.5000000000000000e+02   2.3001370239257801e+02
   1.5009999999999999e+02   9.3282897949218807e+01
   1.5080000000000001e+02   1.0940648078918500e+01
   1.5100000000000000e+02   5.7435737609863303e+01
   1.5119999999999999e+02   1.2518529891967800e+01
   1.5180000000000001e+02   1.4224009513855000e+01
   1.5190000000000001e+02   2.0538929748535199e+02
   1.5209999999999999e+02   9.6644744873046903e+01
   1.5219999999999999e+02   1.4049806594848601e+01
   1.5300000000000000e+02   6.1074516296386697e+01
   1.5309999999999999e+02   9.7228765869140602e+02
   1.5409999999999999e+02   8.1253403320312500e+03
   1.5500000000000000e+02   8.6212783813476605e+01
   1.5509999999999999e+02   1.7432121582031300e+03
   1.5590000000000001e+02   4.4804817199707003e+01
   1.5609999999999999e+02   9.8704364013671898e+02
   1.5680000000000001e+02   1.2337987899780300e+01
   1.5700000000000000e+02   2.9475759887695301e+02
   1.5709999999999999e+02   2.9315441894531301e+02
   1.5809999999999999e+02   4.6647524414062500e+03
   1.5900000000000000e+02   9.4498754882812500e+02
   1.5909999999999999e+02   1.3974899902343800e+03
   1.6009999999999999e+02   9.2642340087890602e+02
   1.6009999999999999e+02   9.8643554687500000e+02
   1.6100000000000000e+02   7.6109054565429702e+01
   1.6109999999999999e+02   1.0866932678222700e+02
   1.6190000000000001e+02   1.0280588531494099e+02
   1.6209999999999999e+02   5.9740619659423800e+01
   1.6500000000000000e+02   1.5883889198303200e+01
   1.6600000000000000e+02   4.0498184204101598e+01
   1.6709999999999999e+02   5.0662422180175803e+01
   1.6730000000000001e+02   1.0704177856445300e+01
   1.6800000000000000e+02   3.6481594085693402e+01
   1.6809999999999999e+02   2.2984230041503899e+01
   1.6890000000000001e+02   9.8225049972534197e+00
   1.6909999999999999e+02   6.2670246124267599e+01
   1.7000000000000000e+02   3.3217150878906301e+02
   1.7019999999999999e+02   4.0782524108886697e+01
   1.7090000000000001e+02   9.4742034912109403e+01
   1.7100000000000000e+02   1.5387844848632801e+02
   1.7200000000000000e+02   1.0582689666748000e+02
   1.7209999999999999e+02   1.2462342834472700e+02
   1.7280000000000001e+02   1.4557022094726600e+01
   1.7290000000000001e+02   1.9660507202148398e+01
   1.7300000000000000e+02   1.1808120727539099e+02
   1.7309999999999999e+02   8.5625289916992202e+01
   1.7400000000000000e+02   2.2609628677368200e+01
   1.7409999999999999e+02   3.6150802612304702e+01
   1.7480000000000001e+02   8.6418695449829102e+00
   1.7609999999999999e+02   2.1769168853759801e+01
   1.7700000000000000e+02   1.0964390754699700e+01
   1.7790000000000001e+02   3.0306571960449201e+01
   1.7800000000000000e+02   1.3073651313781699e+01
   1.7809999999999999e+02   5.6834072113037102e+01
   1.8090000000000001e+02   1.0858417510986300e+01
   1.8190000000000001e+02   4.7477794647216797e+01
   1.8200000000000000e+02   3.3205322265625000e+01
   1.8300000000000000e+02   2.2139081954956101e+01
   1.8309999999999999e+02   3.5848037719726598e+01
   1.8380000000000001e+02   2.9131813049316399e+01
   1.8400000000000000e+02   2.9798233032226602e+02
   1.8409999999999999e+02   3.1511251831054699e+02
   1.8490000000000001e+02   1.5912624359130900e+01
   1.8500000000000000e+02   3.7023449707031301e+02
   1.8509999999999999e+02   2.0277697753906301e+02
   1.8600000000000000e+02   6.3691754150390602e+02
   1.8609999999999999e+02   2.6555927734375000e+03
   1.8709999999999999e+02   1.2949594726562500e+04
   1.8809999999999999e+02   2.0420483398437500e+03
   1.8890000000000001e+02   6.2964843750000000e+01
   1.8909999999999999e+02   4.8136413574218801e+02
   1.9000000000000000e+02   1.5465313720703099e+02
   1.9009999999999999e+02   6.7279272460937500e+02
   1.9080000000000001e+02   1.0658019065856900e+01
   1.9100000000000000e+02   9.9160736083984403e+01
   1.9200000000000000e+02   1.7235740661621101e+01
   1.9690000000000001e+02   7.3496734619140597e+01
   1.9700000000000000e+02   2.0805241394043000e+02
   1.9709999999999999e+02   1.4229077148437500e+02
   1.9790000000000001e+02   3.0554939270019499e+01
   1.9800000000000000e+02   4.1353546142578097e+01
   1.9819999999999999e+02   4.9558090209960902e+01
   1.9880000000000001e+02   1.0835679054260300e+01
   1.9909999999999999e+02   8.6945524215698207e+00
   1.9990000000000001e+02   1.4302908897399901e+01
   2.0009999999999999e+02   9.1028032302856392e+00
   2.0109999999999999e+02   3.5334018707275398e+01
   2.0200000000000000e+02   2.3346299743652301e+02
   2.0209999999999999e+02   6.6131201171875000e+02
   2.0280000000000001e+02   9.6064281463622994e+00
   2.0290000000000001e+02   5.3536201477050803e+01
   2.0309999999999999e+02   1.1375566864013700e+02
   2.0380000000000001e+02   6.1933044433593800e+01
   2.0400000000000000e+02   6.7002616882324205e+01
   2.0409999999999999e+02   6.9158981323242202e+01
   2.1069999999999999e+02   1.2543213844299300e+01
   2.1090000000000001e+02   2.5146575927734400e+01
   2.1100000000000000e+02   8.6448287963867205e+00
   2.1209999999999999e+02   2.5930339813232401e+01
   2.1309999999999999e+02   3.2634281158447301e+01
   2.1380000000000001e+02   9.5447635650634801e+00
   2.1400000000000000e+02   2.5720954895019499e+01
   2.1409999999999999e+02   4.9062480926513700e+01
   2.1500000000000000e+02   4.4924609375000000e+02
   2.1509999999999999e+02   2.8873571395873999e+01
   2.1590000000000001e+02   7.7903884887695298e+01
   2.1600000000000000e+02   6.3921352386474602e+01
   2.1619999999999999e+02   3.1147453308105501e+01
   2.1700000000000000e+02   5.3428665161132798e+01
   2.1709999999999999e+02   3.2497043609619098e+01
   2.1809999999999999e+02   1.9614461898803700e+01
   2.1850000000000000e+02   1.6505025863647500e+01
   2.1900000000000000e+02   1.0362712860107401e+02
   2.1909999999999999e+02   3.0541210937500000e+02
   2.1919999999999999e+02   9.5720939636230504e+00
   2.2000000000000000e+02   3.3252117156982401e+01
   2.2709999999999999e+02   2.6867605209350600e+01
   2.2800000000000000e+02   6.5663871765136705e+01
   2.2819999999999999e+02   1.3239984512329100e+01
   2.2900000000000000e+02   2.1950195312500000e+01
   2.2909999999999999e+02   1.6461582183837901e+01
   2.2969999999999999e+02   8.7215862274169904e+00
   2.2990000000000001e+02   5.2433074951171903e+01
   2.3009999999999999e+02   5.1844396972656295e+02
   2.3019999999999999e+02   5.0940116882324197e+01
   2.3100000000000000e+02   1.6093888854980500e+02
   2.3109999999999999e+02   1.4466593933105500e+02
   2.3190000000000001e+02   1.0669288635253899e+01
   2.3209999999999999e+02   5.5624050140380902e+01
   2.3280000000000001e+02   4.5633148193359403e+01
   2.3290000000000001e+02   5.1102085113525398e+01
   2.3680000000000001e+02   1.8649925231933601e+01
   2.3690000000000001e+02   2.0084499359130898e+01
   2.3700000000000000e+02   6.9739875793456996e+00
   2.4090000000000001e+02   1.2952999114990201e+01
   2.4180000000000001e+02   3.8188503265380902e+01
   2.4200000000000000e+02   5.2927989959716797e+01
   2.4209999999999999e+02   1.4709440612793000e+02
   2.4230000000000001e+02   1.5923666954040501e+01
   2.4309999999999999e+02   5.6959716796875000e+03
   2.4400000000000000e+02   1.4639161682128901e+02
   2.4409999999999999e+02   1.6180885009765600e+03
   2.4490000000000001e+02   1.4938437461853001e+01
   2.4500000000000000e+02   6.5567352294921903e+01
   2.4509999999999999e+02   2.7990841674804699e+02
   2.4519999999999999e+02   1.2788589477539099e+02
   2.4600000000000000e+02   2.8535412597656301e+02
   2.4609999999999999e+02   4.4459185791015602e+02
   2.4619999999999999e+02   2.0053158569335901e+02
   2.4700000000000000e+02   6.0155090332031300e+01
   2.4709999999999999e+02   3.1738781738281300e+03
   2.4809999999999999e+02   5.8665435791015602e+02
   2.4819999999999999e+02   5.5391654968261697e+01
   2.4900000000000000e+02   1.1533697128295900e+01
   2.7100000000000000e+02   1.4982820129394500e+02
   2.7110000000000002e+02   4.1955133056640602e+02
   2.7210000000000002e+02   7.3032852172851605e+01
   2.7300000000000000e+02   2.0970619201660199e+01
   2.7400000000000000e+02   1.2671039581298800e+02
   2.7410000000000002e+02   7.2188940429687500e+02
   2.7519999999999999e+02   4.0496591796875000e+03
   2.7600000000000000e+02   6.6526718139648395e+01
   2.7610000000000002e+02   6.5675805664062500e+02
   2.7619999999999999e+02   1.0658486938476599e+02
   2.7680000000000001e+02   1.2294225692749000e+01
   2.7700000000000000e+02   8.2090370178222699e+01
   2.7710000000000002e+02   6.5654014587402301e+01
   2.7819999999999999e+02   9.5857887268066406e+00
   2.7889999999999998e+02   9.5647087097168004e+00
   2.7900000000000000e+02   1.4198661804199199e+02
   2.7919999999999999e+02   1.5738111877441401e+02
   2.8000000000000000e+02   2.9436727523803700e+01
   2.8010000000000002e+02   1.0535418510436999e+01
   2.8900000000000000e+02   2.2445163726806602e+01
   3.0100000000000000e+02   8.3609228134155291e+00
   3.0119999999999999e+02   4.7594680786132798e+01
   3.0160000000000002e+02   1.6406032562255898e+01
   3.0180000000000001e+02   1.2072649955749499e+01
   3.0210000000000002e+02   2.0246459960937500e+02
   3.0319999999999999e+02   5.7830035156250000e+04
   3.0419999999999999e+02   1.0942016601562500e+04
   3.0510000000000002e+02   5.3678601074218795e+02
   3.0519999999999999e+02   8.1471063232421898e+02
   3.0600000000000000e+02   1.0137996673584000e+01
   3.0610000000000002e+02   2.6763040542602500e+01
   3.0619999999999999e+02   7.3557334899902301e+01
   3.0900000000000000e+02   8.7987499237060494e+00
   3.0919999999999999e+02   1.0639852523803700e+01
   3.3510000000000002e+02   4.8176086425781300e+01
   3.3519999999999999e+02   1.2648006591796900e+03
   3.3589999999999998e+02   1.0463283538818400e+01
   3.3610000000000002e+02   1.9427757263183599e+02
   3.3630000000000001e+02   8.6841194152832003e+01
   3.3639999999999998e+02   9.0213069915771502e+00
   3.3719999999999999e+02   9.8369293212890607e+00
   3.6300000000000000e+02   2.8812438964843800e+01
   3.6319999999999999e+02   6.9287841796875000e+01
   3.6330000000000001e+02   2.4666351318359400e+01
   3.6419999999999999e+02   1.9886772155761701e+01
   3.9219999999999999e+02   3.9774501800537102e+01
   3.9239999999999998e+02   9.7705650329589808e+00
