   4.0100000000000001e+01   1.4870085716247599e+01
   4.0899999999999999e+01   4.7174312591552699e+01
   4.1000000000000000e+01   3.8003247070312500e+02
   4.2000000000000000e+01   7.6754046630859398e+02
   4.2000000000000000e+01   5.4392071533203102e+02
   4.2899999999999999e+01   2.1730991363525401e+01
   4.3000000000000000e+01   1.7236614990234401e+02
   4.4000000000000000e+01   2.1774922180175801e+02
   4.4100000000000001e+01   1.3645738220214801e+02
   4.9899999999999999e+01   5.4462818145752003e+01
   5.0000000000000000e+01   4.9103073120117202e+01
   5.0799999999999997e+01   1.9178316116333001e+01
   5.1000000000000000e+01   3.0620288085937500e+02
   5.1100000000000001e+01   8.4118377685546903e+01
   5.1899999999999999e+01   2.2678133010864300e+01
   5.2000000000000000e+01   5.4125244140625000e+01
   5.2100000000000001e+01   3.0078784942626999e+01
   5.3000000000000000e+01   1.0089883422851599e+02
   5.3100000000000001e+01   6.0137741088867202e+01
   5.3799999999999997e+01   8.2975950241088903e+00
   5.3899999999999999e+01   4.7146881103515597e+01
   5.4000000000000000e+01   7.0655120849609403e+01
   5.5000000000000000e+01   2.6351028442382801e+02
   5.5100000000000001e+01   1.5710562133789099e+02
   5.5899999999999999e+01   3.2452281951904297e+01
   5.6000000000000000e+01   1.5813481140136699e+02
   5.6200000000000003e+01   5.7001827239990199e+01
   5.6899999999999999e+01   2.6167758941650401e+01
   5.7100000000000001e+01   1.1700411987304700e+02
   5.9000000000000000e+01   6.3670093536377003e+01
   5.9100000000000001e+01   5.3425025939941399e+01
   6.2000000000000000e+01   7.5463199615478498e+00
   6.2700000000000003e+01   8.6805324554443395e+00
   6.2899999999999999e+01   8.3711044311523395e+01
   6.3000000000000000e+01   1.1344601440429700e+02
   6.3200000000000003e+01   6.0480546951293901e+00
   6.4000000000000000e+01   4.0222797393798800e+01
   6.4000000000000000e+01   8.1851287841796903e+01
   6.5000000000000000e+01   4.7894815063476602e+02
   6.5099999999999994e+01   4.4847888183593801e+02
   6.5799999999999997e+01   2.0957891464233398e+01
   6.6000000000000000e+01   8.9246932983398395e+01
   6.6099999999999994e+01   3.9325958251953097e+01
   6.6900000000000006e+01   1.4407635498046901e+02
   6.7099999999999994e+01   5.0097988891601602e+02
   6.7900000000000006e+01   1.2300770568847700e+02
   6.8099999999999994e+01   2.4250711059570301e+02
   6.8900000000000006e+01   5.8927608489990199e+01
   6.9000000000000000e+01   2.6558383178710898e+02
   6.9099999999999994e+01   2.3641878128051800e+01
   6.9900000000000006e+01   1.3614239501953099e+02
   7.0099999999999994e+01   2.5856951904296898e+02
   7.1099999999999994e+01   1.3423493385314901e+01
   7.2700000000000003e+01   6.6515240669250497e+00
   7.2900000000000006e+01   1.4298797607421900e+01
   7.4000000000000000e+01   6.4586262702941903e+00
   7.4799999999999997e+01   8.7183828353881800e+00
   7.5000000000000000e+01   6.9761462211608896e+00
   7.5900000000000006e+01   1.9609645843505898e+01
   7.6000000000000000e+01   7.3389915466308594e+01
   7.7000000000000000e+01   2.6031561279296898e+02
   7.7000000000000000e+01   1.8405131835937500e+03
   7.8000000000000000e+01   3.8606848144531301e+02
   7.8099999999999994e+01   2.1720928955078099e+02
   7.8900000000000006e+01   2.0028095245361300e+01
   7.9000000000000000e+01   3.1309542846679699e+02
   7.9099999999999994e+01   3.1626858520507801e+02
   7.9900000000000006e+01   2.1236763000488299e+01
   8.0000000000000000e+01   1.7419500732421901e+02
   8.0200000000000003e+01   1.2361345291137701e+01
   8.0900000000000006e+01   8.2651611328125000e+01
   8.1000000000000000e+01   6.3039772033691399e+01
   8.1099999999999994e+01   1.4617995262146000e+01
   8.1900000000000006e+01   1.1840342712402300e+02
   8.2099999999999994e+01   1.7534815979003901e+02
   8.2799999999999997e+01   1.4765798568725600e+01
   8.3099999999999994e+01   1.5602169990539601e+01
   8.4000000000000000e+01   4.4779552459716797e+01
   8.4200000000000003e+01   2.7928544998168899e+01
   8.8799999999999997e+01   1.5970364570617701e+01
   8.8900000000000006e+01   8.5308914184570298e+01
   8.9000000000000000e+01   1.2377377319335901e+02
   8.9099999999999994e+01   3.0050476074218800e+01
   8.9900000000000006e+01   3.7864349365234403e+01
   9.0099999999999994e+01   5.8644012451171903e+01
   9.0200000000000003e+01   2.6568321228027301e+01
   9.0900000000000006e+01   2.0539365768432599e+01
   9.1000000000000000e+01   1.6933991699218800e+03
   9.1099999999999994e+01   9.7805694580078102e+02
   9.1900000000000006e+01   1.6113890075683599e+02
   9.2099999999999994e+01   2.1589785766601599e+02
   9.2900000000000006e+01   1.4907273292541500e+01
   9.3000000000000000e+01   1.3344024658203099e+02
   9.3099999999999994e+01   1.0476359558105500e+02
   9.3200000000000003e+01   3.0834321975708001e+01
   9.3799999999999997e+01   1.6647314071655298e+01
   9.4000000000000000e+01   2.5092333984375000e+02
   9.4099999999999994e+01   2.1346879577636699e+02
   9.5000000000000000e+01   1.4297357421875000e+04
   9.5900000000000006e+01   4.3662246704101598e+01
   9.6000000000000000e+01   1.9561276855468800e+03
   9.6099999999999994e+01   4.0104516601562500e+02
   9.7000000000000000e+01   1.4009097290039099e+02
   9.7099999999999994e+01   1.0452703857421901e+02
   9.8000000000000000e+01   7.5363204956054702e+01
   9.8099999999999994e+01   8.9340026855468807e+01
   1.0100000000000000e+02   7.4641184806823704e+00
   1.0180000000000000e+02   6.8582735061645499e+00
   1.0200000000000000e+02   8.8951248168945298e+01
   1.0280000000000000e+02   6.0338600158691399e+01
   1.0300000000000000e+02   6.0476080322265602e+02
   1.0309999999999999e+02   1.2155207824707000e+02
   1.0400000000000000e+02   1.0853782958984400e+03
   1.0490000000000001e+02   4.3026641845703097e+01
   1.0500000000000000e+02   2.2192895507812500e+03
   1.0600000000000000e+02   2.2118054199218801e+02
   1.0609999999999999e+02   8.5191093444824205e+01
   1.0900000000000000e+02   2.2284181594848601e+01
   1.1480000000000000e+02   3.0000827789306602e+01
   1.1500000000000000e+02   1.4179110717773401e+02
   1.1509999999999999e+02   7.8133255004882798e+01
   1.1520000000000000e+02   9.4044294357299805e+00
   1.1590000000000001e+02   1.4031695365905801e+01
   1.1600000000000000e+02   3.6534481048583999e+01
   1.1620000000000000e+02   1.2755528450012200e+01
   1.1680000000000000e+02   8.5373239517211896e+00
   1.1690000000000001e+02   6.5283843994140597e+01
   1.1700000000000000e+02   2.4721583557128901e+02
   1.1709999999999999e+02   1.5172979736328099e+02
   1.1790000000000001e+02   1.9831062316894499e+01
   1.1800000000000000e+02   4.1423376464843801e+02
   1.1809999999999999e+02   1.4077259826660199e+02
   1.1890000000000001e+02   1.1822435760498000e+02
   1.1900000000000000e+02   7.9846427917480497e+01
   1.1990000000000001e+02   2.4036439895629901e+01
   1.2009999999999999e+02   6.6975541114807102e+00
   1.2020000000000000e+02   1.5679206848144499e+01
   1.2400000000000000e+02   9.4297304153442401e+00
   1.2690000000000001e+02   6.1753292083740199e+00
   1.2700000000000000e+02   6.1954474449157697e+00
   1.2790000000000001e+02   6.4763207435607901e+00
   1.2800000000000000e+02   3.4716205596923800e+01
   1.2819999999999999e+02   1.2330755233764600e+01
   1.2909999999999999e+02   6.5083114624023395e+01
   1.2980000000000001e+02   1.8034311294555700e+01
   1.3000000000000000e+02   6.2874353027343795e+02
   1.3009999999999999e+02   6.5928143310546898e+02
   1.3080000000000001e+02   2.3266120910644499e+01
   1.3100000000000000e+02   5.0009008789062500e+02
   1.3109999999999999e+02   8.3799186706542997e+01
   1.3200000000000000e+02   3.3216741943359398e+02
   1.3209999999999999e+02   5.5727740478515602e+02
   1.3290000000000001e+02   6.5358581542968807e+01
   1.3300000000000000e+02   7.5288604736328097e+01
   1.3309999999999999e+02   6.3153944015502903e+00
   1.3390000000000001e+02   1.5153786659240700e+01
   1.3409999999999999e+02   1.7318214416503899e+01
   1.3690000000000001e+02   1.7001319885253899e+01
   1.3790000000000001e+02   2.2060699462890600e+01
   1.3809999999999999e+02   1.3561773300170900e+01
   1.3880000000000001e+02   1.0413543701171900e+01
   1.3909999999999999e+02   1.1811011314392101e+01
   1.4090000000000001e+02   1.3537775039672900e+01
   1.4100000000000000e+02   1.3298920631408700e+01
   1.4309999999999999e+02   2.2662841796875000e+01
   1.4390000000000001e+02   4.4122596740722699e+01
   1.4409999999999999e+02   1.1988513946533200e+02
   1.4480000000000001e+02   2.3102655410766602e+01
   1.4490000000000001e+02   1.3626694679260300e+01
   1.4509999999999999e+02   4.6585731506347699e+01
   1.4519999999999999e+02   1.6906316757202099e+01
   1.4590000000000001e+02   1.9758445739746101e+01
   1.4600000000000000e+02   2.1299942016601599e+02
   1.4609999999999999e+02   2.4279006958007798e+01
   1.4719999999999999e+02   9.8958339691162092e+00
   1.4800000000000000e+02   6.4922099113464400e+00
   1.4819999999999999e+02   1.0411408424377401e+01
   1.5380000000000001e+02   9.0992507934570295e+00
   1.5480000000000001e+02   2.0425543785095202e+00
   1.5490000000000001e+02   3.6635734558105497e+01
   1.5500000000000000e+02   3.0228382110595700e+01
   1.5600000000000000e+02   5.2413963317871101e+01
   1.5600000000000000e+02   2.1783863067626999e+01
   1.5690000000000001e+02   7.8267717361450204e+00
   1.5700000000000000e+02   6.7954406738281307e+01
   1.5780000000000001e+02   3.6263118743896499e+01
   1.5800000000000000e+02   3.7977862548828102e+02
   1.5809999999999999e+02   7.6041595458984398e+02
   1.5869999999999999e+02   7.0754938125610396e+00
   1.5890000000000001e+02   5.0666481018066399e+01
   1.5900000000000000e+02   2.4854869079589801e+02
   1.5919999999999999e+02   7.7211103439331099e+00
   1.5990000000000001e+02   1.5813755035400400e+01
   1.6000000000000000e+02   1.5307153320312500e+02
   1.6009999999999999e+02   1.7877208709716800e+01
   1.6709999999999999e+02   7.5945768356323198e+00
   1.6809999999999999e+02   6.9221000671386701e+00
   1.6990000000000001e+02   1.2957208251953099e+02
   1.7000000000000000e+02   3.6705648803710898e+02
   1.7009999999999999e+02   6.8075988769531307e+01
   1.7069999999999999e+02   3.0874423980712901e+01
   1.7090000000000001e+02   1.1440807342529300e+02
   1.7109999999999999e+02   7.1266571044921903e+01
   1.7119999999999999e+02   7.6446504592895499e+00
   1.7190000000000001e+02   3.8327720642089801e+01
   1.7209999999999999e+02   3.9329246520996101e+01
   1.7309999999999999e+02   8.2482595443725604e+00
   1.8090000000000001e+02   6.9163866043090803e+00
   1.8309999999999999e+02   7.1703519821167001e+00
   1.8380000000000001e+02   1.0886363983154300e+01
   1.8400000000000000e+02   1.2265536499023401e+02
   1.8409999999999999e+02   1.4484786987304699e+02
   1.8419999999999999e+02   5.5781250000000000e+01
   1.8490000000000001e+02   2.3183017730712901e+01
   1.8500000000000000e+02   1.3437780761718801e+02
   1.8519999999999999e+02   7.1150802612304702e+01
   1.8530000000000001e+02   6.0492601394653303e+00
   1.8590000000000001e+02   1.2996023178100600e+01
   1.8609999999999999e+02   3.7424444580078102e+02
   1.8700000000000000e+02   1.2818875122070301e+02
   1.8709999999999999e+02   5.6937835693359398e+02
   1.8790000000000001e+02   1.9550643920898398e+01
   1.8800000000000000e+02   2.5303465270996099e+02
   1.8809999999999999e+02   1.5448596191406301e+02
   1.8819999999999999e+02   9.5323276519775408e+00
   1.8890000000000001e+02   2.2181919097900401e+01
   1.8900000000000000e+02   2.3144023895263700e+01
   1.8909999999999999e+02   6.0956878662109403e+01
   1.9480000000000001e+02   6.5952634811401403e+00
   2.1069999999999999e+02   1.6387706756591800e+01
   2.1100000000000000e+02   8.7447906494140597e+01
   2.1119999999999999e+02   2.4659059524536101e+01
   2.1200000000000000e+02   1.4379717826843301e+01
   2.1469999999999999e+02   6.4467735290527299e+00
   2.1480000000000001e+02   2.6633724212646499e+01
   2.1500000000000000e+02   9.0090087890625000e+01
   2.1580000000000001e+02   2.9151371002197301e+01
   2.1590000000000001e+02   6.9521846771240199e+00
   2.1690000000000001e+02   1.2178015708923301e+01
   2.1890000000000001e+02   2.2702636718750000e+01
   2.1900000000000000e+02   1.1208617210388200e+01
   2.1990000000000001e+02   6.8675866127014196e+00
   2.2000000000000000e+02   6.6469907760620099e+00
   2.3280000000000001e+02   7.0279312133789096e-01
   2.3300000000000000e+02   2.7837593078613299e+01
   2.3390000000000001e+02   5.8845071792602504e+00
   2.3409999999999999e+02   6.4608306884765598e+00
   2.3669999999999999e+02   2.7080402374267600e+00
   2.3690000000000001e+02   5.4760101318359403e+01
   2.3909999999999999e+02   1.9369890213012699e+01
   2.4009999999999999e+02   6.0088188476562500e+03
   2.4090000000000001e+02   4.6185653686523402e+01
   2.4100000000000000e+02   5.7735076904296898e+02
   2.4109999999999999e+02   5.4871655273437500e+02
   2.4190000000000001e+02   1.7445905685424801e+01
   2.4209999999999999e+02   7.0357330322265597e+01
   2.5400000000000000e+02   8.9369554519653303e+00
   2.5430000000000001e+02   8.6752967834472692e+00
   2.7910000000000002e+02   1.9425981521606399e+01
   2.7919999999999999e+02   1.4805559158325201e+01
   2.8119999999999999e+02   6.9316773414611799e+00
   2.8300000000000000e+02   8.4799003601074205e+01
   2.8319999999999999e+02   1.0552620117187500e+04
   2.8410000000000002e+02   4.1111843872070301e+02
   2.8419999999999999e+02   1.7637456054687500e+03
   2.8500000000000000e+02   1.7298907470703099e+02
   2.8519999999999999e+02   7.3036987304687500e+01
   2.8889999999999998e+02   1.0923143386840801e+01
   2.9280000000000001e+02   1.1849589347839400e+01
   2.9289999999999998e+02   1.1742864608764600e+01
   2.9310000000000002e+02   6.7684369087219203e+00
   2.9710000000000002e+02   7.3172502517700204e+00
   3.3189999999999998e+02   8.6360988616943395e+00
   3.3210000000000002e+02   1.1537267303466800e+02
   3.3230000000000001e+02   2.0245107650756800e+01
