   4.0100000000000001e+01   9.7623138427734403e+01
   4.0899999999999999e+01   1.3996549606323200e+01
   4.1000000000000000e+01   7.8867041015625000e+02
   4.1100000000000001e+01   2.5441518783569300e+01
   4.2000000000000000e+01   3.6900788574218800e+03
   4.3000000000000000e+01   1.0483978515625000e+04
   4.4000000000000000e+01   1.1712031250000000e+03
   4.8899999999999999e+01   1.1542637825012200e+01
   4.9899999999999999e+01   2.4990693664550801e+02
   5.0000000000000000e+01   3.3504296875000000e+02
   5.0100000000000001e+01   3.0602832794189499e+01
   5.1000000000000000e+01   2.4656115722656300e+03
   5.2000000000000000e+01   5.5682611083984398e+02
   5.2100000000000001e+01   8.5900754928588903e+00
   5.2899999999999999e+01   1.2903847694396999e+01
   5.3000000000000000e+01   1.0801539306640600e+03
   5.3899999999999999e+01   1.4110626220703099e+02
   5.4000000000000000e+01   1.3566025390625000e+03
   5.5100000000000001e+01   4.2912446289062500e+03
   5.6100000000000001e+01   6.1957998046875000e+03
   5.6899999999999999e+01   2.5701217651367202e+01
   5.7000000000000000e+01   3.6369814453125000e+03
   5.7899999999999999e+01   5.2297554016113303e+01
   5.8000000000000000e+01   1.8840638732910199e+02
   5.8899999999999999e+01   2.3066856384277301e+01
   5.9100000000000001e+01   5.6013271331787102e+01
   5.9899999999999999e+01   2.6650781631469702e+01
   6.0000000000000000e+01   2.8047925949096701e+01
   6.0899999999999999e+01   1.1129183769226101e+01
   6.1799999999999997e+01   1.4696463584899901e+01
   6.1899999999999999e+01   1.0891753387451200e+02
   6.2100000000000001e+01   5.3210231781005902e+01
   6.3000000000000000e+01   9.2004071044921898e+02
   6.3100000000000001e+01   8.9722166061401403e+00
   6.3899999999999999e+01   2.9655282592773398e+02
   6.4099999999999994e+01   5.2856640625000000e+02
   6.5000000000000000e+01   2.2623881835937500e+03
   6.5900000000000006e+01   4.3134490966796903e+01
   6.6000000000000000e+01   7.3812542724609398e+02
   6.6099999999999994e+01   9.8693229675292997e+01
   6.6900000000000006e+01   2.6082506179809599e+01
   6.7000000000000000e+01   8.4145166015625000e+02
   6.8000000000000000e+01   8.6834228515625000e+03
   6.8900000000000006e+01   3.0738325119018601e+01
   6.9000000000000000e+01   3.9513623046875000e+02
   6.9099999999999994e+01   2.5742990112304699e+02
   7.0000000000000000e+01   3.1096475219726602e+02
   7.0099999999999994e+01   1.6242010116577099e+01
   7.0900000000000006e+01   9.2339721679687500e+01
   7.2799999999999997e+01   3.2466999053955099e+01
   7.3000000000000000e+01   5.2934524536132798e+01
   7.3900000000000006e+01   9.7804573059082003e+01
   7.4000000000000000e+01   6.6552749633789105e+01
   7.4099999999999994e+01   2.3988409042358398e+01
   7.4900000000000006e+01   1.0027227020263700e+02
   7.5000000000000000e+01   2.3298812866210901e+02
   7.5900000000000006e+01   1.1588098907470700e+02
   7.6099999999999994e+01   5.6219012451171898e+02
   7.7000000000000000e+01   9.1694492187500000e+03
   7.8000000000000000e+01   1.4261319580078100e+03
   7.8900000000000006e+01   1.7908569335937500e+02
   7.9000000000000000e+01   4.2358917236328102e+02
   7.9099999999999994e+01   4.4237861633300803e+01
   7.9900000000000006e+01   3.5314932250976602e+02
   8.0000000000000000e+01   9.7075036621093795e+02
   8.0900000000000006e+01   5.8697944641113303e+01
   8.1000000000000000e+01   2.7079547119140602e+02
   8.1099999999999994e+01   2.5958868408203102e+02
   8.1299999999999997e+01   3.5439258575439503e+01
   8.2099999999999994e+01   1.7700152343750000e+04
   8.3099999999999994e+01   1.5944066406250000e+04
   8.4099999999999994e+01   6.9520273437500000e+03
   8.4900000000000006e+01   1.0973905563354499e+01
   8.5000000000000000e+01   2.8324407958984398e+02
   8.5099999999999994e+01   2.9855834960937500e+02
   8.7900000000000006e+01   1.6629739761352500e+01
   8.8900000000000006e+01   3.8166240692138700e+01
   8.9000000000000000e+01   2.3866807556152301e+02
   8.9099999999999994e+01   9.0606300354003906e+01
   8.9900000000000006e+01   1.1047139739990200e+02
   9.0000000000000000e+01   3.5476504516601602e+02
   9.1000000000000000e+01   3.2665380859375000e+03
   9.2000000000000000e+01   7.4893090820312500e+02
   9.2099999999999994e+01   6.0973565673828102e+02
   9.3000000000000000e+01   1.0773000976562500e+04
   9.3900000000000006e+01   1.4762719154357899e+01
   9.4000000000000000e+01   1.5765806884765600e+03
   9.4099999999999994e+01   7.9677886962890597e+01
   9.5000000000000000e+01   4.0251974487304699e+02
   9.5700000000000003e+01   1.1294072151184100e+01
   9.5900000000000006e+01   5.5094120025634801e+01
   9.6700000000000003e+01   1.2586030960083001e+01
   9.6900000000000006e+01   4.5673564910888700e+01
   9.7900000000000006e+01   7.7505731582641602e+00
   1.0180000000000000e+02   7.1956848144531307e+01
   1.0200000000000000e+02   6.6092765808105497e+01
   1.0209999999999999e+02   1.2814724922180201e+01
   1.0290000000000001e+02   2.3334555053710901e+02
   1.0300000000000000e+02   2.6286776733398398e+02
   1.0320000000000000e+02   6.9276084899902299e+00
   1.0400000000000000e+02   2.2000024414062500e+03
   1.0500000000000000e+02   5.5834283447265602e+02
   1.0509999999999999e+02   5.6916633605957003e+01
   1.0590000000000001e+02   1.1611737823486300e+02
   1.0609999999999999e+02   1.2488424072265600e+03
   1.0690000000000001e+02   5.2669433593750000e+01
   1.0700000000000000e+02   1.6574563598632801e+02
   1.0880000000000000e+02   1.2169220924377401e+01
   1.0890000000000001e+02   8.1031875610351598e+00
   1.1290000000000001e+02   1.9938093566894500e+02
   1.1309999999999999e+02   2.6918087768554699e+02
   1.1400000000000000e+02   1.6996435165405298e+01
   1.1409999999999999e+02   4.7668785095214801e+01
   1.1490000000000001e+02   3.3005453491210898e+02
   1.1509999999999999e+02   1.0238614654541000e+02
   1.1600000000000000e+02   1.6248292541503901e+02
   1.1609999999999999e+02   1.7672837829589801e+02
   1.1700000000000000e+02   4.2194467163085898e+02
   1.1709999999999999e+02   1.7264539794921900e+03
   1.1809999999999999e+02   7.4702050781250000e+03
   1.1900000000000000e+02   2.6255502929687500e+03
   1.2009999999999999e+02   7.4666630859375000e+03
   1.2100000000000000e+02   7.5090039062500000e+02
   1.2509999999999999e+02   3.0796022415161101e+01
   1.2690000000000001e+02   1.5481376647949199e+02
   1.2709999999999999e+02   1.1457569885253901e+02
   1.2790000000000001e+02   4.1618568420410199e+01
   1.2800000000000000e+02   1.2890689086914099e+02
   1.2819999999999999e+02   1.0854376792907701e+01
   1.2869999999999999e+02   1.7184312820434599e+01
   1.2900000000000000e+02   1.0133428192138700e+02
   1.2909999999999999e+02   1.2425143241882299e+01
   1.2990000000000001e+02   3.5281978607177699e+01
   1.3000000000000000e+02   1.8407009277343800e+03
   1.3090000000000001e+02   1.9514393615722699e+02
   1.3109999999999999e+02   6.0254772949218795e+02
   1.3209999999999999e+02   3.5362109375000000e+03
   1.3290000000000001e+02   5.8672828674316399e+01
   1.3300000000000000e+02   1.2262193603515600e+03
   1.3390000000000001e+02   1.2290441894531300e+02
   1.3400000000000000e+02   2.8917837524414102e+02
   1.3409999999999999e+02   1.3623025512695301e+02
   1.3490000000000001e+02   8.3958908081054702e+01
   1.3500000000000000e+02   1.1114901123046900e+03
   1.3609999999999999e+02   3.2516486816406300e+03
   1.3700000000000000e+02   6.0134143066406295e+02
   1.3790000000000001e+02   4.0039489746093800e+01
   1.4090000000000001e+02   2.2383489608764599e+01
   1.4190000000000001e+02   1.6874608993530298e+01
   1.4200000000000000e+02   3.6238739013671898e+02
   1.4290000000000001e+02   2.0553010559082000e+02
   1.4309999999999999e+02   3.7760795593261697e+01
   1.4390000000000001e+02   3.9990169525146499e+01
   1.4400000000000000e+02   2.4585537719726599e+02
   1.4409999999999999e+02   3.0771932983398398e+02
   1.4419999999999999e+02   1.0143553924560500e+02
   1.4500000000000000e+02   2.7442254638671898e+02
   1.4519999999999999e+02   4.9871570587158203e+01
   1.4590000000000001e+02   3.6201698303222699e+01
   1.4609999999999999e+02   2.6240144042968800e+03
   1.4690000000000001e+02   2.5072036743164102e+01
   1.4709999999999999e+02   1.1286087646484400e+03
   1.4719999999999999e+02   1.9856580734252901e+01
   1.4780000000000001e+02   1.3810935020446800e+01
   1.4800000000000000e+02   1.1154987335205099e+02
   1.4830000000000001e+02   1.7999324798583999e+01
   1.5600000000000000e+02   4.0410366058349602e+01
   1.5609999999999999e+02   7.7267570495605497e+01
   1.5690000000000001e+02   1.1488896369934100e+01
   1.5780000000000001e+02   1.3405917167663601e+01
   1.5800000000000000e+02   5.7545227050781295e+02
   1.5809999999999999e+02   4.3591049194335898e+02
   1.5900000000000000e+02   4.3538696289062500e+01
   1.5909999999999999e+02   6.7765532226562500e+03
   1.5990000000000001e+02   2.9158407211303700e+01
   1.6000000000000000e+02   3.7079055786132801e+02
   1.6009999999999999e+02   6.8730371093750000e+02
   1.6100000000000000e+02   1.8672640991210901e+02
   1.6200000000000000e+02   1.2079845428466800e+02
   1.6209999999999999e+02   1.1524185943603500e+02
   1.6219999999999999e+02   7.3787086486816406e+01
   1.6300000000000000e+02   1.8212232589721701e+01
   1.6319999999999999e+02   2.8781097412109400e+01
   1.6990000000000001e+02   1.4392473220825201e+01
   1.7019999999999999e+02   1.3190048217773400e+01
   1.7090000000000001e+02   3.2737377166747997e+01
   1.7109999999999999e+02   1.0416395568847700e+02
   1.7119999999999999e+02   1.3424139022827100e+01
   1.7209999999999999e+02   3.8445301055908203e+01
   1.7290000000000001e+02   3.0633775711059599e+01
   1.7309999999999999e+02   1.1719264221191401e+02
   1.7390000000000001e+02   7.0396011352539105e+01
   1.7409999999999999e+02   3.0536932373046898e+02
   1.7509999999999999e+02   1.0508890625000000e+04
   1.7600000000000000e+02   4.3975605010986300e+01
   1.7609999999999999e+02   1.4357028808593800e+03
   1.7690000000000001e+02   2.4325914382934599e+01
   1.7700000000000000e+02   4.5756469726562500e+01
   1.8690000000000001e+02   2.5868644714355500e+00
   1.8700000000000000e+02   8.9276916503906307e+01
   1.8780000000000001e+02   1.1405113220214799e+01
   1.8800000000000000e+02   1.4030480957031301e+02
   1.8909999999999999e+02   6.3378552246093795e+02
   1.9009999999999999e+02   4.6563110351562500e+01
   1.9890000000000001e+02   1.5081427574157701e+01
   1.9900000000000000e+02   3.0266605377197301e+01
   1.9909999999999999e+02   3.5493808746337898e+01
   1.9990000000000001e+02   2.4220075607299801e+01
   2.0009999999999999e+02   1.0347161102294901e+02
   2.0030000000000001e+02   3.5785396575927699e+01
   2.0100000000000000e+02   1.4560758590698200e+01
   2.0119999999999999e+02   3.0061025619506800e+01
   2.0180000000000001e+02   2.9075454711914102e+01
   2.0300000000000000e+02   1.1425603866577100e+01
   2.0680000000000001e+02   2.6766635894775401e+01
   2.0700000000000000e+02   2.7562435150146499e+01
   2.0709999999999999e+02   4.2368801116943402e+01
   2.1090000000000001e+02   2.7980804443359403e-01
   2.1480000000000001e+02   3.8681411743164098e+01
   2.1500000000000000e+02   6.6467651367187500e+01
   2.1600000000000000e+02   4.1632728576660201e+00
   2.1680000000000001e+02   2.2476831436157202e+01
   2.1690000000000001e+02   4.2796882629394503e+01
   2.1780000000000001e+02   2.1757247924804702e+01
   2.1800000000000000e+02   3.6855346679687500e+01
   2.1809999999999999e+02   3.7716897583007801e+02
   2.1819999999999999e+02   5.1981922149658203e+01
   2.1890000000000001e+02   9.5624206542968807e+01
   2.1919999999999999e+02   2.1889646530151399e+01
   2.3290000000000001e+02   1.2411780548095700e+02
   2.3680000000000001e+02   2.2662300109863299e+01
   2.3700000000000000e+02   6.4554519653320304e+00
   2.9289999999999998e+02   1.9850906372070298e+01
   2.9310000000000002e+02   8.3068675994872994e+00
