   4.0100000000000001e+01   1.0786283111572300e+02
   4.0200000000000003e+01   6.1779094696044901e+01
   4.1100000000000001e+01   6.7738969726562500e+03
   4.2100000000000001e+01   9.4980712890625000e+03
   4.3100000000000001e+01   1.7716191406250000e+04
   4.4000000000000000e+01   1.4106032714843800e+03
   4.4100000000000001e+01   4.5273447265625000e+03
   4.4899999999999999e+01   7.9529067993164105e+01
   4.5000000000000000e+01   6.7742301940917997e+01
   4.5200000000000003e+01   1.9205436706543001e+01
   4.9899999999999999e+01   5.6511856079101598e+01
   5.0000000000000000e+01   1.4594297790527301e+02
   5.0100000000000001e+01   5.2808803558349602e+01
   5.1000000000000000e+01   3.8530731201171898e+02
   5.1000000000000000e+01   4.9327011108398398e+02
   5.1200000000000003e+01   1.4272237777710000e+01
   5.2000000000000000e+01   9.6718963623046903e+01
   5.2000000000000000e+01   1.3757325744628901e+02
   5.2100000000000001e+01   8.3329322814941406e+01
   5.3000000000000000e+01   4.7832540893554699e+02
   5.3100000000000001e+01   1.9973442077636699e+02
   5.3799999999999997e+01   3.9965900421142599e+01
   5.4000000000000000e+01   8.4684338378906295e+02
   5.5000000000000000e+01   2.3446884765625000e+03
   5.6000000000000000e+01   1.7600361328125000e+03
   5.7000000000000000e+01   3.9683291625976602e+02
   5.7000000000000000e+01   1.1326269531250000e+03
   5.8000000000000000e+01   7.4755867004394503e+01
   5.8100000000000001e+01   8.0038825988769503e+01
   5.8799999999999997e+01   4.7510246276855497e+01
   5.8899999999999999e+01   8.7377471923828097e+01
   6.1899999999999999e+01   7.6061737060546903e+01
   6.2000000000000000e+01   9.8753890991210895e+01
   6.2200000000000003e+01   9.1897277832031303e+00
   6.3000000000000000e+01   5.6086621093750000e+02
   6.3100000000000001e+01   1.5153788757324199e+02
   6.3799999999999997e+01   3.5208152770996101e+01
   6.3899999999999999e+01   1.0310742950439500e+02
   6.4099999999999994e+01   1.3429701232910199e+02
   6.5000000000000000e+01   3.1685207519531300e+03
   6.5900000000000006e+01   5.8912384033203097e+01
   6.6000000000000000e+01   2.1163246154785199e+02
   6.6099999999999994e+01   4.8244255065917997e+01
   6.6900000000000006e+01   4.1594451904296903e+01
   6.7000000000000000e+01   1.7020627441406300e+03
   6.8000000000000000e+01   2.6797690429687500e+03
   6.8099999999999994e+01   3.0256307601928700e+01
   6.8900000000000006e+01   5.1591701507568402e+01
   6.9000000000000000e+01   2.8380991210937500e+03
   7.0099999999999994e+01   4.6705341796875000e+03
   7.1099999999999994e+01   1.0883626953125000e+04
   7.2000000000000000e+01   3.0608105468750000e+02
   7.2099999999999994e+01   2.9921548461914102e+02
   7.3000000000000000e+01   8.5998596191406307e+01
   7.3900000000000006e+01   9.7024566650390597e+01
   7.4000000000000000e+01   1.1698651123046901e+02
   7.4099999999999994e+01   1.7387458801269499e+01
   7.5000000000000000e+01   1.1640037841796900e+03
   7.5000000000000000e+01   5.1368804931640602e+02
   7.5900000000000006e+01   9.1545051574707003e+01
   7.6000000000000000e+01   2.8763140869140602e+02
   7.7000000000000000e+01   4.6414355468750000e+03
   7.8000000000000000e+01   1.7374537353515600e+03
   7.9000000000000000e+01   4.7411419677734398e+02
   7.9099999999999994e+01   3.6072941894531300e+03
   7.9900000000000006e+01   1.0195242309570300e+02
   8.0000000000000000e+01   8.9748687744140602e+02
   8.0099999999999994e+01   7.6134185791015597e+01
   8.1000000000000000e+01   6.2355548095703102e+02
   8.2000000000000000e+01   2.4947832031250000e+03
   8.2900000000000006e+01   2.6191495895385700e+01
   8.3000000000000000e+01   1.5402921142578100e+03
   8.4000000000000000e+01   3.0417413330078102e+02
   8.4000000000000000e+01   8.9946063232421898e+02
   8.4900000000000006e+01   3.8541950225830099e+01
   8.5000000000000000e+01   1.0581983947753901e+02
   8.5799999999999997e+01   9.1131248474121094e+00
   8.7099999999999994e+01   1.0104249000549300e+01
   8.7900000000000006e+01   1.0834512710571300e+01
   8.8099999999999994e+01   2.2852157592773398e+01
   8.9000000000000000e+01   8.0604400634765602e+02
   8.9099999999999994e+01   1.2043310546875000e+02
   8.9799999999999997e+01   3.5987998962402301e+01
   9.0000000000000000e+01   1.3822048950195301e+02
   9.0099999999999994e+01   2.4567187500000000e+02
   9.0200000000000003e+01   1.4415518188476599e+02
   9.0299999999999997e+01   3.9850040435791001e+01
   9.1099999999999994e+01   1.4208515625000000e+04
   9.2000000000000000e+01   3.2342407226562500e+02
   9.2099999999999994e+01   1.1643425292968800e+03
   9.3000000000000000e+01   2.8769479370117199e+02
   9.3099999999999994e+01   8.9892028808593807e+01
   9.4099999999999994e+01   1.6602375488281300e+03
   9.5000000000000000e+01   8.2273798828125000e+03
   9.6099999999999994e+01   1.0569788085937500e+04
   9.7099999999999994e+01   1.7721806640625000e+03
   9.7200000000000003e+01   5.1365520477294901e+01
   9.7900000000000006e+01   3.0898056030273398e+01
   9.8000000000000000e+01   1.5419567871093801e+02
   9.8099999999999994e+01   3.2921405029296898e+02
   9.8900000000000006e+01   2.2998218536376999e+01
   9.9099999999999994e+01   1.3851738929748500e+01
   1.0000000000000000e+02   3.7862785339355497e+01
   1.0080000000000000e+02   3.4126228332519503e+01
   1.0100000000000000e+02   8.2920005798339801e+01
   1.0120000000000000e+02   5.2233791351318402e+01
   1.0190000000000001e+02   1.3555749893188500e+01
   1.0200000000000000e+02   3.0848171997070301e+02
   1.0209999999999999e+02   2.5399479675293000e+02
   1.0300000000000000e+02   4.3161108398437500e+03
   1.0390000000000001e+02   1.1810662841796901e+02
   1.0409999999999999e+02   2.2110009765625000e+03
   1.0509999999999999e+02   1.5716331054687500e+04
   1.0600000000000000e+02   1.4157767333984400e+03
   1.0680000000000000e+02   1.5501985549926800e+01
   1.0690000000000001e+02   1.2166051483154300e+02
   1.0700000000000000e+02   1.1203182220459000e+02
   1.0730000000000000e+02   1.5507690429687500e+01
   1.0780000000000000e+02   4.4277626037597699e+01
   1.0800000000000000e+02   2.9079116821289102e+02
   1.0809999999999999e+02   1.1743903350830099e+02
   1.0900000000000000e+02   2.4044609375000000e+03
   1.0909999999999999e+02   9.8157141113281295e+02
   1.1000000000000000e+02   1.3779395751953100e+03
   1.1100000000000000e+02   3.3044145507812500e+03
   1.1200000000000000e+02   7.8896295166015602e+02
   1.1300000000000000e+02   1.7026203918457000e+02
   1.1400000000000000e+02   2.1468851089477500e+01
   1.1490000000000001e+02   1.2897111511230500e+02
   1.1500000000000000e+02   3.2733682250976602e+02
   1.1520000000000000e+02   2.6669353485107401e+01
   1.1580000000000000e+02   1.2627267837524400e+01
   1.1600000000000000e+02   1.2831648254394500e+02
   1.1609999999999999e+02   1.3159309387207000e+02
   1.1690000000000001e+02   1.2238396453857401e+02
   1.1700000000000000e+02   8.6403973388671898e+02
   1.1780000000000000e+02   4.2886764526367202e+01
   1.1800000000000000e+02   1.8146795654296901e+02
   1.1809999999999999e+02   2.7627855300903299e+01
   1.1900000000000000e+02   4.6233661651611300e+01
   1.1970000000000000e+02   1.2010952949523899e+01
   1.1990000000000001e+02   2.3600173950195298e+01
   1.2000000000000000e+02   3.4518821716308601e+01
   1.2009999999999999e+02   2.5986560821533200e+01
   1.2080000000000000e+02   1.1119145965576200e+02
   1.2100000000000000e+02   1.4839060974121099e+02
   1.2109999999999999e+02   3.0336065673828102e+02
   1.2200000000000000e+02   5.7734550781250000e+03
   1.2300000000000000e+02   1.5504002685546900e+03
   1.2309999999999999e+02   6.5863684082031295e+02
   1.2390000000000001e+02   2.0522140502929702e+01
   1.2400000000000000e+02   1.0257266845703100e+03
   1.2409999999999999e+02   5.9257171630859398e+02
   1.2500000000000000e+02   4.5793083190917997e+01
   1.2509999999999999e+02   3.8267353057861300e+01
   1.2680000000000000e+02   1.2342503547668500e+01
   1.2690000000000001e+02   1.5394586563110400e+01
   1.2709999999999999e+02   4.0863754272460902e+01
   1.2790000000000001e+02   1.2060042572021500e+02
   1.2809999999999999e+02   7.6483169555664105e+01
   1.2900000000000000e+02   1.5673814392089801e+02
   1.2909999999999999e+02   5.9088779449462898e+01
   1.2919999999999999e+02   1.7900840759277301e+01
   1.3000000000000000e+02   1.8647708740234400e+03
   1.3080000000000001e+02   2.0001989364623999e+01
   1.3100000000000000e+02   4.1710543823242199e+02
   1.3109999999999999e+02   1.1315057373046901e+02
   1.3119999999999999e+02   1.8074012756347699e+01
   1.3190000000000001e+02   1.2323372650146500e+02
   1.3200000000000000e+02   7.2990136718750000e+02
   1.3209999999999999e+02   6.2225219726562500e+01
   1.3300000000000000e+02   2.3997914123535199e+02
   1.3309999999999999e+02   1.4821408081054699e+02
   1.3390000000000001e+02   8.9413528442382795e+00
   1.3409999999999999e+02   6.9906176757812500e+02
   1.3419999999999999e+02   6.9662460327148395e+01
   1.3500000000000000e+02   2.0301824951171900e+03
   1.3600000000000000e+02   5.4441821289062500e+03
   1.3700000000000000e+02   2.6999008789062500e+03
   1.3790000000000001e+02   1.8962908935546901e+02
   1.3800000000000000e+02   7.6335864257812500e+02
   1.3900000000000000e+02   4.0856616210937500e+02
   1.3909999999999999e+02   8.4662811279296898e+02
   1.3990000000000001e+02   5.2449466705322301e+01
   1.4009999999999999e+02   4.9788028717041001e+01
   1.4090000000000001e+02   3.7905059814453097e+01
   1.4100000000000000e+02   9.8421691894531307e+01
   1.4200000000000000e+02   2.0920520782470700e+01
   1.4290000000000001e+02   8.2940246582031307e+01
   1.4309999999999999e+02   6.8842597961425795e+01
   1.4400000000000000e+02   2.3465217590332000e+02
   1.4409999999999999e+02   3.2305783081054699e+02
   1.4469999999999999e+02   1.0606551170349100e+01
   1.4490000000000001e+02   1.5424941062927200e+01
   1.4500000000000000e+02   9.2472160339355497e+01
   1.4509999999999999e+02   5.3207592010497997e+01
   1.4580000000000001e+02   3.0034896850585898e+01
   1.4600000000000000e+02   1.6580206298828099e+02
   1.4609999999999999e+02   2.5553039550781301e+02
   1.4700000000000000e+02   5.6587314605712898e+01
   1.4709999999999999e+02   1.5120912170410199e+02
   1.4800000000000000e+02   6.6299121093750000e+03
   1.4900000000000000e+02   5.1624794921875000e+03
   1.5009999999999999e+02   7.9353916015625000e+03
   1.5090000000000001e+02   2.9566952514648398e+02
   1.5100000000000000e+02   8.8491619873046898e+02
   1.5109999999999999e+02   2.5662768554687500e+02
   1.5190000000000001e+02   9.2794960021972699e+01
   1.5200000000000000e+02   3.2512268066406301e+02
   1.5290000000000001e+02   6.6868377685546903e+01
   1.5309999999999999e+02   4.3208244323730497e+01
   1.5400000000000000e+02   4.2001213073730497e+01
   1.5409999999999999e+02   3.3893234252929702e+01
   1.5480000000000001e+02   9.7631874084472692e+00
   1.5500000000000000e+02   9.8134559631347699e+01
   1.5509999999999999e+02   1.3669034004211399e+01
   1.5590000000000001e+02   4.2448989868164098e+01
   1.5609999999999999e+02   1.0488218688964800e+02
   1.5619999999999999e+02   8.9056797027587908e+00
   1.5700000000000000e+02   8.6064270019531307e+01
   1.5709999999999999e+02   2.2133195877075199e+01
   1.5790000000000001e+02   2.2854574203491200e+01
   1.5800000000000000e+02   2.0194375610351599e+02
   1.5809999999999999e+02   1.2820901489257801e+02
   1.5890000000000001e+02   2.5647964477539102e+01
   1.5900000000000000e+02   8.7854949951171903e+01
   1.5909999999999999e+02   5.8158393859863303e+01
   1.5980000000000001e+02   1.1582113265991200e+01
   1.6000000000000000e+02   3.5399105072021499e+01
   1.6009999999999999e+02   1.5228375244140600e+03
   1.6090000000000001e+02   4.3387393951416001e+01
   1.6100000000000000e+02   3.7044473266601602e+02
   1.6119999999999999e+02   3.7711132049560497e+01
   1.6209999999999999e+02   1.0132463378906300e+03
   1.6280000000000001e+02   3.9359329223632798e+01
   1.6290000000000001e+02   9.6697378158569300e+00
   1.6309999999999999e+02   1.2671840820312500e+03
   1.6409999999999999e+02   3.6939875000000000e+04
   1.6490000000000001e+02   1.6981019592285199e+02
   1.6509999999999999e+02   4.0580717773437500e+03
   1.6580000000000001e+02   9.8884477615356392e+00
   1.6600000000000000e+02   9.9244857788085895e+01
   1.6609999999999999e+02   4.8698345947265602e+02
   1.6619999999999999e+02   2.0623674392700199e+01
   1.6700000000000000e+02   4.7789657592773402e+01
   1.6709999999999999e+02   1.2055895805358899e+01
   1.6900000000000000e+02   1.0080881118774400e+01
   1.6990000000000001e+02   2.6589214324951200e+01
   1.7109999999999999e+02   9.6915102005004901e+00
   1.7190000000000001e+02   1.9296802520751999e+01
   1.7309999999999999e+02   1.7706827163696300e+01
   1.7380000000000001e+02   2.6262231826782202e+01
   1.7390000000000001e+02   3.3187427520752003e+01
   1.7409999999999999e+02   4.8774990081787102e+01
   1.7419999999999999e+02   3.6504375457763700e+01
   1.7469999999999999e+02   1.6234733581543001e+01
   1.7490000000000001e+02   7.6866821289062500e+01
   1.7500000000000000e+02   5.0592140197753899e+01
   1.7509999999999999e+02   3.7046745300292997e+01
   1.7600000000000000e+02   6.6739886474609398e+02
   1.7609999999999999e+02   8.8377502441406295e+02
   1.7700000000000000e+02   5.9624334716796898e+02
   1.7709999999999999e+02   4.6416366577148398e+02
   1.7800000000000000e+02   3.0189074707031301e+02
   1.7809999999999999e+02   2.7783331298828102e+02
   1.7900000000000000e+02   1.0179361724853500e+02
   1.7909999999999999e+02   7.9408943176269503e+01
   1.8019999999999999e+02   1.1727789878845201e+01
   1.8090000000000001e+02   3.9228546142578097e+01
   1.8109999999999999e+02   2.2201849365234401e+02
   1.8119999999999999e+02   9.6469631195068395e+00
   1.8190000000000001e+02   1.0020509719848601e+01
   1.8209999999999999e+02   2.8588171386718801e+02
   1.8290000000000001e+02   3.0554182052612301e+01
   1.8409999999999999e+02   7.5094049072265602e+02
   1.8490000000000001e+02   3.5916877746582003e+01
   1.8500000000000000e+02   6.9901092529296903e+01
   1.8509999999999999e+02   1.4626687622070301e+02
   1.8509999999999999e+02   2.0772016906738301e+02
   1.8530000000000001e+02   2.3882102966308601e+01
   1.8590000000000001e+02   5.0968772888183601e+01
   1.8609999999999999e+02   1.2383043212890600e+03
   1.8609999999999999e+02   8.4445556640625000e+02
   1.8690000000000001e+02   2.1376850128173800e+01
   1.8700000000000000e+02   4.1906802368164102e+02
   1.8709999999999999e+02   1.5792364501953099e+02
   1.8800000000000000e+02   1.5187796020507801e+02
   1.8809999999999999e+02   2.3204414062500000e+03
   1.8890000000000001e+02   3.7789485931396499e+01
   1.8900000000000000e+02   9.7729423522949205e+01
   1.8909999999999999e+02   3.0364825439453102e+02
   1.9000000000000000e+02   1.5034428405761699e+02
   1.9019999999999999e+02   1.4857121467590300e+01
   1.9090000000000001e+02   1.4003926086425801e+02
   1.9109999999999999e+02   3.4019018554687500e+02
   1.9209999999999999e+02   7.1671363830566406e+01
   1.9219999999999999e+02   1.7851152420043899e+01
   1.9500000000000000e+02   8.9330787658691406e+00
   2.0219999999999999e+02   2.3740556716918899e+01
   2.0290000000000001e+02   2.0457431793212901e+01
   2.0300000000000000e+02   3.8077327728271499e+01
   2.0390000000000001e+02   1.5340497016906699e+01
   2.0409999999999999e+02   1.9064157485961900e+01
   2.0430000000000001e+02   1.1791307449340801e+01
   2.0500000000000000e+02   3.1014425659179699e+02
   2.0509999999999999e+02   1.2984436035156300e+03
   2.0609999999999999e+02   1.9612233886718800e+03
   2.0619999999999999e+02   1.2877673339843801e+02
   2.0709999999999999e+02   2.2344541015625000e+04
   2.0800000000000000e+02   3.2311282348632801e+02
   2.0809999999999999e+02   2.9521315917968800e+03
   2.0900000000000000e+02   1.2217804718017599e+02
   2.0909999999999999e+02   1.0616566467285200e+02
   2.1080000000000001e+02   3.5512115478515597e+01
   2.1119999999999999e+02   5.2570810317993200e+00
   2.1209999999999999e+02   9.8739938735961896e+00
   2.1490000000000001e+02   1.9609069824218801e+00
   2.1509999999999999e+02   5.8767673492431598e+01
   2.1580000000000001e+02   2.2794456481933598e+00
   2.1809999999999999e+02   2.2655733108520501e+01
   2.1890000000000001e+02   3.3057399749755902e+01
   2.1900000000000000e+02   3.3976520538330099e+01
   2.2290000000000001e+02   1.2273900032043500e+01
   2.2900000000000000e+02   9.9677467346191406e+00
   2.3100000000000000e+02   3.3859806060791001e+01
   2.3109999999999999e+02   5.8871963500976598e+01
   2.3119999999999999e+02   5.2449981689453097e+01
   2.3200000000000000e+02   3.2433464050292997e+01
   2.3309999999999999e+02   5.1258171081542997e+01
   2.3400000000000000e+02   5.0041225433349602e+01
   2.3409999999999999e+02   3.9108725585937500e+03
   2.3490000000000001e+02   2.6484827041626001e+01
   2.3500000000000000e+02   1.8592702865600600e+01
   2.3509999999999999e+02   6.0627142333984398e+02
   2.3530000000000001e+02   3.5528434753417997e+01
   2.3600000000000000e+02   3.4613777160644503e+01
   2.3690000000000001e+02   3.1216491699218800e+01
   2.3709999999999999e+02   3.0656375885009801e+01
   2.4719999999999999e+02   3.5997608184814503e+01
   2.4800000000000000e+02   3.0240787506103501e+01
   2.4809999999999999e+02   4.1419201660156301e+02
   2.4830000000000001e+02   1.5241817474365201e+01
   2.4900000000000000e+02   5.6152252197265597e+01
   2.4919999999999999e+02   2.4329919815063501e+01
   2.5810000000000002e+02   1.1898759841918899e+01
   2.7489999999999998e+02   2.6471216201782202e+01
   2.7500000000000000e+02   3.2951206207275398e+01
   2.7519999999999999e+02   6.4435981750488295e+01
   2.7600000000000000e+02   1.5030597686767599e+01
   2.7619999999999999e+02   2.0657841491699199e+02
   2.7719999999999999e+02   6.6416820312500000e+04
   2.7819999999999999e+02   1.1881565429687500e+04
   2.7910000000000002e+02   6.5629046630859398e+02
   2.7919999999999999e+02   5.8621746826171898e+02
   2.8000000000000000e+02   8.8381958007812500e+00
   2.8010000000000002e+02   1.2790539741516101e+01
   2.8019999999999999e+02   2.7570613861083999e+01
   2.8880000000000001e+02   8.8501548767089808e+00
   2.9269999999999999e+02   1.2370613098144499e+01
   2.9289999999999998e+02   1.2475926399231000e+01
   2.9680000000000001e+02   1.0498085975646999e+01
   2.9700000000000000e+02   6.2955291748046903e+01
   2.9719999999999999e+02   1.3846496582031301e+02
   3.2500000000000000e+02   2.4107109069824201e+01
   3.6600000000000000e+02   3.0181339263916001e+01
   3.6619999999999999e+02   5.1358001708984403e+01
   3.6630000000000001e+02   1.3697080612182599e+01
   3.6710000000000002e+02   9.1107969284057599e+00
