   4.0100000000000001e+01   1.2842280578613301e+02
   4.1100000000000001e+01   4.1638862304687500e+03
   4.2000000000000000e+01   4.5829155273437500e+03
   4.3000000000000000e+01   1.4816397705078100e+03
   4.3100000000000001e+01   5.5552622070312500e+03
   4.4000000000000000e+01   1.9253040771484400e+03
   4.5000000000000000e+01   4.2159046173095703e+01
   4.5100000000000001e+01   7.1959199905395499e+00
   4.9799999999999997e+01   1.2752552032470700e+01
   5.0000000000000000e+01   1.8001052856445301e+02
   5.0100000000000001e+01   1.0911865997314500e+02
   5.0200000000000003e+01   7.5046815872192401e+00
   5.0799999999999997e+01   4.1551864624023402e+01
   5.1000000000000000e+01   8.8175646972656295e+02
   5.1899999999999999e+01   3.7361953735351598e+01
   5.2000000000000000e+01   2.5600799560546898e+02
   5.2200000000000003e+01   6.7308402061462402e+00
   5.2799999999999997e+01   7.0470299720764196e+00
   5.2899999999999999e+01   1.1367111206054700e+02
   5.3000000000000000e+01   2.8862338256835898e+02
   5.3100000000000001e+01   2.3578699111938501e+01
   5.3899999999999999e+01   5.7974925041198704e+00
   5.4000000000000000e+01   2.1828994750976599e+02
   5.4000000000000000e+01   2.8295596313476602e+02
   5.4200000000000003e+01   6.9973363876342800e+00
   5.4899999999999999e+01   1.6950746536254901e+01
   5.5000000000000000e+01   1.4436236572265600e+03
   5.5100000000000001e+01   2.7854867553710898e+02
   5.5899999999999999e+01   2.4994424819946300e+01
   5.6000000000000000e+01   8.5013519287109398e+02
   5.6799999999999997e+01   8.3627061843872106e+00
   5.7000000000000000e+01   4.3223953247070301e+02
   5.7100000000000001e+01   1.6218574523925801e+02
   5.8000000000000000e+01   4.8587673187255902e+01
   5.8100000000000001e+01   4.0185352325439503e+01
   5.8899999999999999e+01   1.8130939483642599e+01
   5.9000000000000000e+01   8.0127647399902301e+01
   6.1100000000000001e+01   5.6773033142089799e+00
   6.1899999999999999e+01   7.4468032836914105e+01
   6.2000000000000000e+01   1.6122282028198200e+01
   6.2799999999999997e+01   1.9166780471801800e+01
   6.3000000000000000e+01   5.3311920166015602e+02
   6.3100000000000001e+01   1.2876600265502899e+01
   6.3700000000000003e+01   5.5774059295654297e+00
   6.3899999999999999e+01   1.0454418945312500e+02
   6.4000000000000000e+01   1.3931710815429699e+02
   6.4099999999999994e+01   2.4331113815307599e+01
   6.4299999999999997e+01   8.7185401916503906e+00
   6.4900000000000006e+01   3.1439701080322301e+01
   6.5000000000000000e+01   1.6751553955078100e+03
   6.5799999999999997e+01   3.0667318344116200e+01
   6.6000000000000000e+01   2.7258251953125000e+02
   6.6099999999999994e+01   6.1692455291747997e+01
   6.6900000000000006e+01   5.2202472686767599e+01
   6.7000000000000000e+01   5.9243243408203102e+02
   6.7099999999999994e+01   1.8418638610839801e+02
   6.7799999999999997e+01   3.6054111480712898e+01
   6.8000000000000000e+01   8.5161553955078102e+02
   6.8099999999999994e+01   4.4212863159179699e+02
   6.8900000000000006e+01   3.1497802734375000e+01
   6.9000000000000000e+01   6.9949462890625000e+02
   6.9099999999999994e+01   9.1955523681640602e+02
   7.0000000000000000e+01   9.2262802124023395e+01
   7.0099999999999994e+01   1.6505455322265600e+03
   7.1000000000000000e+01   2.0840523437500000e+04
   7.1900000000000006e+01   8.7856208801269503e+01
   7.2000000000000000e+01   8.0598638916015602e+02
   7.2099999999999994e+01   1.0675079345703099e+02
   7.2900000000000006e+01   3.9904193878173801e+00
   7.3000000000000000e+01   1.0672833251953099e+02
   7.3700000000000003e+01   7.3594279289245597e+00
   7.3900000000000006e+01   5.6495376586914098e+01
   7.4000000000000000e+01   1.2020426750183100e+01
   7.4099999999999994e+01   7.6640295982360804e+00
   7.4799999999999997e+01   4.6222702026367202e+01
   7.5000000000000000e+01   1.1999549102783200e+02
   7.5099999999999994e+01   6.7982945442199698e+00
   7.5799999999999997e+01   7.0227333068847699e+01
   7.6000000000000000e+01   6.8541442871093807e+01
   7.6099999999999994e+01   1.3711918640136699e+02
   7.6200000000000003e+01   6.4928047180175795e+01
   7.7000000000000000e+01   5.5990463867187500e+03
   7.8000000000000000e+01   1.3060474853515600e+03
   7.8799999999999997e+01   3.2053913116455099e+01
   7.9000000000000000e+01   2.1116264648437500e+03
   7.9200000000000003e+01   4.6955818176269503e+01
   8.0000000000000000e+01   2.0477186584472699e+02
   8.0000000000000000e+01   3.7912838745117199e+02
   8.0200000000000003e+01   1.5523109436035201e+01
   8.0900000000000006e+01   2.5985410690307599e+01
   8.1000000000000000e+01   2.2157475280761699e+02
   8.1099999999999994e+01   5.2759838104247997e+01
   8.1900000000000006e+01   4.7366363525390597e+01
   8.2000000000000000e+01   8.6533660888671898e+02
   8.2099999999999994e+01   2.0342543029785199e+02
   8.2799999999999997e+01   8.2335577011108398e+00
   8.2900000000000006e+01   1.4639530944824199e+02
   8.3099999999999994e+01   1.4671180725097699e+02
   8.3799999999999997e+01   6.0913276672363299e+00
   8.3900000000000006e+01   5.9584774017333999e+01
   8.4000000000000000e+01   4.1130749511718801e+02
   8.4900000000000006e+01   2.3058042526245099e+01
   8.5000000000000000e+01   2.0244152069091800e+01
   8.8799999999999997e+01   4.8503669738769503e+01
   8.8900000000000006e+01   2.3694578552246099e+02
   8.9099999999999994e+01   1.7544354248046901e+02
   8.9200000000000003e+01   1.2310901641845700e+01
   8.9700000000000003e+01   6.7111034393310502e+00
   8.9900000000000006e+01   4.2393474578857401e+01
   9.0099999999999994e+01   2.6251077270507801e+02
   9.0200000000000003e+01   7.7197448730468807e+01
   9.1000000000000000e+01   5.9891157226562500e+03
   9.2000000000000000e+01   3.4897442626953102e+02
   9.2099999999999994e+01   7.0702178955078102e+02
   9.3000000000000000e+01   1.9826257324218801e+02
   9.3000000000000000e+01   1.0222844848632800e+03
   9.3900000000000006e+01   6.7840759277343807e+01
   9.4000000000000000e+01   7.0990966796875000e+02
   9.4099999999999994e+01   2.8467123413085898e+02
   9.4900000000000006e+01   8.8656936645507798e+01
   9.5000000000000000e+01   6.1310571289062500e+02
   9.5099999999999994e+01   2.2372930908203099e+02
   9.6099999999999994e+01   4.4408393554687500e+03
   9.6099999999999994e+01   9.5052899169921898e+02
   9.6900000000000006e+01   9.7288566589355497e+01
   9.7099999999999994e+01   1.1462724609375000e+03
   9.7799999999999997e+01   1.9070142745971701e+01
   9.8000000000000000e+01   2.0032171630859401e+02
   9.8099999999999994e+01   2.3411862182617199e+02
   9.8200000000000003e+01   1.1331049919128400e+01
   9.8900000000000006e+01   2.2157859802246101e+01
   9.9000000000000000e+01   1.3281019210815399e+01
   1.0070000000000000e+02   7.4482851028442401e+00
   1.0090000000000001e+02   9.4762525558471697e+00
   1.0190000000000001e+02   1.0955771636962901e+02
   1.0200000000000000e+02   1.6003991699218801e+02
   1.0220000000000000e+02   2.7003259658813501e+01
   1.0300000000000000e+02   4.1874530029296898e+02
   1.0309999999999999e+02   1.8070704345703100e+03
   1.0390000000000001e+02   2.4185102462768601e+01
   1.0400000000000000e+02   2.8758374023437500e+03
   1.0490000000000001e+02   7.8376495361328097e+01
   1.0509999999999999e+02   9.7216582031250000e+03
   1.0590000000000001e+02   3.9934524536132798e+01
   1.0600000000000000e+02   1.2633135986328100e+03
   1.0690000000000001e+02   5.0595157623291001e+01
   1.0709999999999999e+02   7.1748435974121094e+01
   1.0790000000000001e+02   5.1183086395263700e+01
   1.0800000000000000e+02   3.0933227539062500e+01
   1.0809999999999999e+02   1.6920232772827099e+01
   1.0890000000000001e+02   3.6787233352661102e+00
   1.0909999999999999e+02   2.9723041534423800e+01
   1.0990000000000001e+02   5.9715156555175799e+00
   1.1000000000000000e+02   7.8985953330993697e+00
   1.1290000000000001e+02   6.4697260856628400e+00
   1.1490000000000001e+02   9.7142974853515597e+01
   1.1500000000000000e+02   2.4401286315918000e+02
   1.1509999999999999e+02   5.5807247161865199e+01
   1.1590000000000001e+02   3.2537849426269503e+01
   1.1600000000000000e+02   1.9837831115722699e+02
   1.1690000000000001e+02   2.4379508972168000e+02
   1.1709999999999999e+02   9.4189245605468795e+02
   1.1720000000000000e+02   1.3053875923156699e+01
   1.1790000000000001e+02   1.0192905426025401e+02
   1.1800000000000000e+02   1.9237663574218800e+03
   1.1809999999999999e+02   7.4484161376953097e+01
   1.1890000000000001e+02   2.3457254409790000e+01
   1.1900000000000000e+02   1.0480664062500000e+03
   1.1909999999999999e+02   6.0361240386962898e+01
   1.1990000000000001e+02   3.0674671173095700e+01
   1.2000000000000000e+02   3.9056930541992199e+02
   1.2020000000000000e+02   2.3465608596801800e+01
   1.2090000000000001e+02   7.3072900772094700e+00
   1.2100000000000000e+02   1.8582870483398398e+01
   1.2180000000000000e+02   6.3938741683959996e+00
   1.2200000000000000e+02   1.2893554687500000e+01
   1.2300000000000000e+02   7.9084959030151403e+00
   1.2690000000000001e+02   1.5332867622375501e+01
   1.2700000000000000e+02   6.5037789344787598e+00
   1.2790000000000001e+02   4.8931030273437500e+01
   1.2800000000000000e+02   1.2647472381591800e+01
   1.2809999999999999e+02   8.4194129943847699e+01
   1.2890000000000001e+02   2.4766370773315401e+01
   1.2900000000000000e+02   1.3134655761718801e+02
   1.2919999999999999e+02   2.4316129684448200e+01
   1.3000000000000000e+02   2.0030520629882801e+02
   1.3009999999999999e+02   2.6519660644531300e+03
   1.3090000000000001e+02   4.0176368713378899e+01
   1.3100000000000000e+02   1.5784776611328100e+03
   1.3109999999999999e+02   2.5511317443847699e+02
   1.3190000000000001e+02   5.7571071624755902e+01
   1.3209999999999999e+02   2.7775229492187500e+03
   1.3290000000000001e+02   1.7138206481933599e+02
   1.3309999999999999e+02   3.5807232666015602e+02
   1.3390000000000001e+02   7.1797986030578604e+00
   1.3400000000000000e+02   1.6028814697265599e+02
   1.3409999999999999e+02   1.4356340026855500e+02
   1.3419999999999999e+02   2.6034757614135700e+01
   1.3490000000000001e+02   8.6455593109130895e+00
   1.3500000000000000e+02   7.0945048332214400e+00
   1.3509999999999999e+02   3.5859626770019503e+01
   1.3690000000000001e+02   1.7100997924804699e+02
   1.3700000000000000e+02   1.2792778015136699e+01
   1.3809999999999999e+02   2.1475736618041999e+01
   1.3890000000000001e+02   6.9063690185546903e+01
   1.3900000000000000e+02   4.2438259887695301e+02
   1.3909999999999999e+02   1.3218397521972699e+02
   1.3990000000000001e+02   9.1401815414428693e+00
   1.4000000000000000e+02   1.3181480407714799e+01
   1.4090000000000001e+02   1.6996591567993200e+01
   1.4100000000000000e+02   2.0622749328613299e+01
   1.4190000000000001e+02   8.0773067474365199e+00
   1.4200000000000000e+02   2.5962175369262699e+01
   1.4290000000000001e+02   1.1086265563964800e+02
   1.4300000000000000e+02   3.0470314025878899e+01
   1.4319999999999999e+02   2.5270812988281300e+01
   1.4380000000000001e+02   8.4857406616210902e+00
   1.4390000000000001e+02   1.2114306640625000e+02
   1.4400000000000000e+02   4.2934973144531301e+02
   1.4409999999999999e+02   8.2572700500488295e+01
   1.4500000000000000e+02   2.1714498901367199e+02
   1.4519999999999999e+02   2.6672055053710898e+02
   1.4530000000000001e+02   1.1141741752624499e+01
   1.4609999999999999e+02   1.1037179687500000e+04
   1.4690000000000001e+02   1.0804053306579601e+01
   1.4709999999999999e+02   1.4019517822265600e+03
   1.4790000000000001e+02   4.1314731597900398e+01
   1.4800000000000000e+02   1.5838662719726599e+02
   1.4809999999999999e+02   7.1052520751953097e+01
   1.5390000000000001e+02   1.3808127403259300e+01
   1.5490000000000001e+02   1.9776435852050799e+01
   1.5509999999999999e+02   1.4806837081909199e+01
   1.5580000000000001e+02   1.6550905227661101e+01
   1.5590000000000001e+02   3.7535930633544901e+01
   1.5609999999999999e+02   1.1083751678466800e+02
   1.5619999999999999e+02   6.8794746398925799e+00
   1.5690000000000001e+02   4.3209194183349602e+01
   1.5709999999999999e+02   6.2054412841796903e+01
   1.5719999999999999e+02   5.8644995689392099e+00
   1.5800000000000000e+02   2.0492971420288100e+01
   1.5800000000000000e+02   6.0300030517578102e+02
   1.5819999999999999e+02   7.1883232116699205e+01
   1.5890000000000001e+02   1.0485858154296901e+02
   1.5900000000000000e+02   3.9794580078125000e+02
   1.5909999999999999e+02   7.3055313110351605e+01
   1.6000000000000000e+02   2.6240246582031301e+02
   1.6009999999999999e+02   6.1953479003906295e+02
   1.6090000000000001e+02   1.8649076461791999e+01
   1.6100000000000000e+02   7.3430374145507798e+01
   1.6109999999999999e+02   2.2027147293090799e+01
   1.6190000000000001e+02   6.2593297958373997e+00
   1.6290000000000001e+02   5.9204578399658203e+00
   1.6300000000000000e+02   1.3810769081115700e+01
   1.6319999999999999e+02   1.2219023704528800e+01
   1.6790000000000001e+02   1.3051250457763700e+01
   1.6980000000000001e+02   8.9491510391235405e+00
   1.7000000000000000e+02   5.7770357131957999e+00
   1.7009999999999999e+02   5.1174106597900398e+01
   1.7090000000000001e+02   2.2517236709594702e+01
   1.7190000000000001e+02   1.3562787055969199e+01
   1.7200000000000000e+02   7.0345832824707003e+01
   1.7219999999999999e+02   1.4041944503784199e+01
   1.7290000000000001e+02   3.7256404876708999e+01
   1.7300000000000000e+02   1.0373723602294901e+02
   1.7309999999999999e+02   6.9341217041015597e+01
   1.7390000000000001e+02   2.4094770431518601e+01
   1.7400000000000000e+02   2.1026983642578099e+02
   1.7419999999999999e+02   5.7954673767089799e+00
   1.7480000000000001e+02   7.3520731925964400e+00
   1.7490000000000001e+02   7.1126165390014604e+00
   1.7509999999999999e+02   4.7091869354247997e+01
   1.8080000000000001e+02   6.1698384284973100e+00
   1.8200000000000000e+02   3.5586284637451200e+01
   1.8219999999999999e+02   2.2024948120117202e+01
   1.8290000000000001e+02   1.0230365753173800e+01
   1.8309999999999999e+02   2.5809709548950199e+01
   1.8400000000000000e+02   4.0062557983398398e+02
   1.8409999999999999e+02   2.1010671997070301e+02
   1.8500000000000000e+02   2.7822177124023398e+02
   1.8509999999999999e+02   1.9430490112304699e+02
   1.8590000000000001e+02   1.5547179222106900e+01
   1.8609999999999999e+02   2.1125625610351599e+02
   1.8609999999999999e+02   1.1763643798828100e+03
   1.8680000000000001e+02   7.5975971221923801e+00
   1.8700000000000000e+02   7.7077301025390597e+01
   1.8709999999999999e+02   8.6446405029296898e+02
   1.8719999999999999e+02   1.5418630981445301e+02
   1.8790000000000001e+02   2.4409412384033200e+01
   1.8809999999999999e+02   3.3737001953125000e+03
   1.8909999999999999e+02   7.9504462890625000e+03
   1.8990000000000001e+02   1.0427695274353001e+01
   1.9000000000000000e+02   8.3541358947753906e+01
   1.9009999999999999e+02   9.3330230712890602e+02
   1.9090000000000001e+02   8.5982551574707003e+01
   1.9109999999999999e+02   2.1073770141601599e+02
   1.9200000000000000e+02   8.2780847549438494e+00
   1.9290000000000001e+02   7.8599638938903800e+00
   1.9500000000000000e+02   1.4783181190490700e+01
   1.9990000000000001e+02   1.8763540267944300e+01
   2.0009999999999999e+02   2.4802930831909201e+01
   2.0100000000000000e+02   1.0002270698547401e+01
   2.0200000000000000e+02   5.3194824218750000e+01
   2.0209999999999999e+02   3.5878250122070298e+01
   2.0300000000000000e+02   6.0680627822876003e+00
   2.0700000000000000e+02   2.1518882751464801e+01
   2.1069999999999999e+02   1.6867399215698200e+00
   2.1090000000000001e+02   4.0860557556152301e+01
   2.1190000000000001e+02   6.9246921539306596e+00
   2.1200000000000000e+02   7.3891320228576696e+00
   2.1290000000000001e+02   9.0126485824584996e+00
   2.1390000000000001e+02   1.5570446014404300e+01
   2.1409999999999999e+02   3.4442886352539098e+01
   2.1500000000000000e+02   1.2163558959960901e+02
   2.1509999999999999e+02   1.2497576904296901e+02
   2.1590000000000001e+02   9.9636020660400408e+00
   2.1600000000000000e+02   8.4513519287109403e+01
   2.1609999999999999e+02   4.2188228607177699e+01
   2.1630000000000001e+02   7.1266999244689897e+00
   2.1690000000000001e+02   3.4529502868652301e+01
   2.1880000000000001e+02   1.5736850738525400e+01
   2.1890000000000001e+02   1.6178741455078100e+01
   2.1900000000000000e+02   2.0338249206543001e+01
   2.2890000000000001e+02   4.0714656829833999e+01
   2.2919999999999999e+02   2.7608116149902301e+01
   2.3100000000000000e+02   1.1053333282470700e+02
   2.3119999999999999e+02   2.9005357742309599e+01
   2.3269999999999999e+02   1.2488514900207500e+01
   2.3290000000000001e+02   2.3335441589355501e+01
   2.3300000000000000e+02   5.4594902038574197e+01
   2.3680000000000001e+02   6.6883796691894503e+01
   2.3700000000000000e+02   7.7093009948730497e+01
   2.4119999999999999e+02   7.0791263580322301e+00
   2.4280000000000001e+02   7.0574269294738796e+00
   2.4319999999999999e+02   7.4955463409423801e+00
   2.4400000000000000e+02   1.4252740478515599e+02
   2.4409999999999999e+02   3.0813601684570301e+02
   2.4430000000000001e+02   5.6719613075256303e+00
   2.4509999999999999e+02   9.1065933227539105e+01
   2.4519999999999999e+02   4.1813308715820298e+01
   2.5710000000000002e+02   1.3778340339660600e+01
   2.5780000000000001e+02   6.4682488441467303e+00
   2.5810000000000002e+02   1.2116463661193800e+01
   2.5910000000000002e+02   4.1722110748291001e+01
   2.5919999999999999e+02   1.8962541580200199e+01
   2.6410000000000002e+02   7.9039301872253400e+00
   2.7910000000000002e+02   4.7979793548583999e+01
   2.7919999999999999e+02   3.9131195068359403e+01
   2.7930000000000001e+02   2.0369499206543001e+01
   2.8480000000000001e+02   8.0136270523071307e+00
   2.8500000000000000e+02   5.7944778442382798e+01
   2.8510000000000002e+02   4.3557636260986300e+01
   2.8519999999999999e+02   7.2397694587707502e+00
   2.8589999999999998e+02   1.4182651519775400e+01
   2.8610000000000002e+02   4.4356552124023402e+01
   2.8619999999999999e+02   5.7637905120849602e+01
   2.8719999999999999e+02   2.6985183593750000e+04
   2.8819999999999999e+02   5.2526914062500000e+03
   2.8900000000000000e+02   3.4667156219482401e+01
   2.8910000000000002e+02   4.4580065917968801e+02
   2.8919999999999999e+02   1.8509556579589801e+02
   2.9010000000000002e+02   6.8198633193969700e+00
   2.9269999999999999e+02   7.0834813117981001e+00
   3.0710000000000002e+02   1.8501756668090799e+01
   3.7619999999999999e+02   1.6302000045776399e+01
   3.7730000000000001e+02   7.8003568649292001e+00
