   4.0100000000000001e+01   4.5317424774169901e+01
   4.1100000000000001e+01   3.3305952148437500e+03
   4.2000000000000000e+01   1.8711311035156300e+03
   4.2899999999999999e+01   1.1944105529785200e+02
   4.3100000000000001e+01   2.5213610839843801e+02
   4.4000000000000000e+01   7.4767962646484398e+02
   4.9899999999999999e+01   5.9848854064941399e+01
   5.0000000000000000e+01   9.9398620605468807e+01
   5.0899999999999999e+01   2.7858303833007801e+02
   5.1000000000000000e+01   3.1902847290039102e+02
   5.1799999999999997e+01   9.7451801300048793e+00
   5.1899999999999999e+01   6.2124778747558601e+01
   5.2100000000000001e+01   6.7129600524902301e+01
   5.3000000000000000e+01   1.9452824401855500e+02
   5.3100000000000001e+01   1.4891560363769500e+02
   5.3899999999999999e+01   7.4260574340820298e+01
   5.4000000000000000e+01   1.3992536926269500e+02
   5.4899999999999999e+01   2.5727506637573200e+01
   5.5000000000000000e+01   9.0586645507812500e+02
   5.6000000000000000e+01   3.6917205810546898e+02
   5.6100000000000001e+01   7.7080558776855497e+01
   5.7000000000000000e+01   5.7646415710449197e+01
   5.7100000000000001e+01   2.5372058105468801e+02
   5.7799999999999997e+01   9.0013294219970703e+00
   5.8100000000000001e+01   2.0084348678588899e+01
   5.8799999999999997e+01   6.1226978302001998e+00
   5.8899999999999999e+01   5.6704956054687500e+01
   5.9100000000000001e+01   3.1399862289428700e+01
   5.9200000000000003e+01   1.6036491394043001e+01
   6.1799999999999997e+01   7.2195396423339799e+00
   6.1899999999999999e+01   1.9247692108154300e+01
   6.2100000000000001e+01   9.0760736465454102e+00
   6.2899999999999999e+01   2.4422164916992199e+02
   6.3100000000000001e+01   3.4096229553222699e+01
   6.3899999999999999e+01   2.8548856735229499e+01
   6.4000000000000000e+01   7.3200347900390597e+01
   6.4200000000000003e+01   7.8479351997375497e+00
   6.4900000000000006e+01   1.0988507843017599e+02
   6.5000000000000000e+01   9.8744427490234398e+02
   6.5099999999999994e+01   7.3461746215820298e+01
   6.5900000000000006e+01   5.3332630157470703e+01
   6.6000000000000000e+01   1.7844210815429699e+02
   6.6099999999999994e+01   2.5142978668212901e+01
   6.7000000000000000e+01   6.1006854248046898e+02
   6.7099999999999994e+01   5.5034912109375000e+02
   6.7900000000000006e+01   1.1911285400390600e+01
   6.8000000000000000e+01   6.8597583007812500e+02
   6.8099999999999994e+01   2.5393252563476599e+02
   6.8299999999999997e+01   3.4590549468994098e+01
   6.9099999999999994e+01   1.2355378906250000e+04
   6.9900000000000006e+01   4.8680793762207003e+01
   7.0099999999999994e+01   1.4999279785156300e+03
   7.0900000000000006e+01   9.2857236862182599e+00
   7.1000000000000000e+01   8.7277282714843807e+01
   7.1099999999999994e+01   2.6123989105224599e+01
   7.2900000000000006e+01   1.7255374908447301e+01
   7.3000000000000000e+01   2.5316343307495099e+01
   7.3900000000000006e+01   3.0116378784179702e+01
   7.4799999999999997e+01   3.6484748840332003e+01
   7.5000000000000000e+01   2.3003618240356399e+01
   7.5799999999999997e+01   2.1448024749755898e+01
   7.6000000000000000e+01   8.0703239440917997e+01
   7.6099999999999994e+01   6.6916748046875000e+01
   7.7000000000000000e+01   3.0662504882812500e+03
   7.7900000000000006e+01   3.4870819091796898e+02
   7.8000000000000000e+01   3.7336599731445301e+02
   7.8900000000000006e+01   1.0782830047607401e+02
   7.9000000000000000e+01   1.0969641113281300e+03
   7.9200000000000003e+01   7.3589797019958496e+00
   7.9900000000000006e+01   1.7754768371582000e+02
   8.0099999999999994e+01   1.3239337158203099e+02
   8.0900000000000006e+01   2.2868452072143599e+00
   8.1000000000000000e+01   1.2478025817871099e+02
   8.1099999999999994e+01   2.4241989135742202e+01
   8.2000000000000000e+01   2.9378179931640602e+02
   8.2000000000000000e+01   2.7811032104492199e+02
   8.2200000000000003e+01   7.5004935264587402e+00
   8.3000000000000000e+01   9.5779953002929702e+01
   8.3099999999999994e+01   6.8791213989257798e+01
   8.4000000000000000e+01   1.0057612609863300e+02
   8.4099999999999994e+01   1.9418540954589801e+02
   8.5000000000000000e+01   7.8160800933837900e+00
   8.8799999999999997e+01   9.3435182571411097e+00
   8.9000000000000000e+01   1.4234973144531301e+02
   8.9099999999999994e+01   5.8767601013183601e+01
   8.9900000000000006e+01   4.2776237487792997e+01
   9.0099999999999994e+01   8.2386978149414105e+01
   9.0200000000000003e+01   1.8379938125610401e+01
   9.1000000000000000e+01   3.2996108398437500e+03
   9.1900000000000006e+01   7.9180976867675795e+01
   9.2000000000000000e+01   5.5947894287109398e+02
   9.3000000000000000e+01   7.0084045410156295e+02
   9.3000000000000000e+01   9.5003692626953102e+02
   9.4000000000000000e+01   7.7552197265625000e+02
   9.4200000000000003e+01   2.7685235977172901e+01
   9.4700000000000003e+01   9.4330930709838903e+00
   9.4900000000000006e+01   1.5288340568542500e+01
   9.5000000000000000e+01   2.4491740417480500e+02
   9.5099999999999994e+01   1.9526783752441401e+02
   9.5200000000000003e+01   5.8493129730224602e+01
   9.6000000000000000e+01   6.3290899658203102e+02
   9.6099999999999994e+01   2.1534506835937500e+03
   9.6900000000000006e+01   1.4339027404785199e+02
   9.7099999999999994e+01   1.4358427734375000e+03
   9.8000000000000000e+01   8.2588485717773395e+01
   9.8099999999999994e+01   2.1692985534668000e+02
   1.0100000000000000e+02   1.4161581993103001e+01
   1.0159999999999999e+02   8.7762241363525408e+00
   1.0180000000000000e+02   1.6141714096069300e+01
   1.0190000000000001e+02   7.1730476379394503e+01
   1.0209999999999999e+02   3.1455373764038100e+01
   1.0220000000000000e+02   2.0630563735961900e+01
   1.0280000000000000e+02   1.0399677276611300e+01
   1.0290000000000001e+02   8.9744094848632798e+01
   1.0300000000000000e+02   1.0721627197265600e+03
   1.0309999999999999e+02   8.8863449096679705e+00
   1.0390000000000001e+02   1.8169172668457000e+02
   1.0400000000000000e+02   1.7296739501953100e+03
   1.0409999999999999e+02   2.7927301406860401e+01
   1.0490000000000001e+02   1.4717211914062500e+02
   1.0509999999999999e+02   4.5869306640625000e+03
   1.0600000000000000e+02   4.1913558959960898e+02
   1.0609999999999999e+02   3.1372805786132801e+02
   1.0690000000000001e+02   4.3736579895019503e+01
   1.0720000000000000e+02   1.5531904220581101e+01
   1.0890000000000001e+02   1.8480073928833001e+01
   1.0909999999999999e+02   8.7142419815063494e+00
   1.0990000000000001e+02   9.1787433624267596e+00
   1.1090000000000001e+02   8.0303258895874006e+00
   1.1109999999999999e+02   2.7457828521728501e+01
   1.1500000000000000e+02   2.2616526794433599e+02
   1.1509999999999999e+02   7.5499296188354501e+00
   1.1600000000000000e+02   8.3630958557128906e+01
   1.1609999999999999e+02   2.4832502365112301e+01
   1.1690000000000001e+02   2.1642799377441399e+01
   1.1700000000000000e+02   6.2474169921875000e+02
   1.1709999999999999e+02   2.1650984191894500e+02
   1.1790000000000001e+02   7.9149017333984402e+00
   1.1800000000000000e+02   2.4535549926757801e+02
   1.1800000000000000e+02   1.1470358886718800e+03
   1.1820000000000000e+02   1.4915225028991699e+01
   1.1890000000000001e+02   5.1193637847900398e+01
   1.1900000000000000e+02   5.8332690429687500e+02
   1.1909999999999999e+02   9.4044761657714808e+00
   1.1980000000000000e+02   9.9692058563232404e+00
   1.1990000000000001e+02   1.2361546325683599e+02
   1.2009999999999999e+02   1.4694915771484401e+02
   1.2209999999999999e+02   1.8643632888793899e+01
   1.2709999999999999e+02   7.9427752494812003e+00
   1.2770000000000000e+02   8.0671501159668004e+00
   1.2790000000000001e+02   4.1549060821533203e+01
   1.2800000000000000e+02   5.4101184844970703e+01
   1.2880000000000001e+02   7.6205205917358398e+00
   1.2900000000000000e+02   3.3474548339843800e+01
   1.2909999999999999e+02   7.9119293212890597e+01
   1.3000000000000000e+02   1.2062923583984400e+03
   1.3009999999999999e+02   7.3103601074218795e+02
   1.3100000000000000e+02   2.1474504089355500e+02
   1.3100000000000000e+02   1.2056717529296900e+03
   1.3200000000000000e+02   6.5368621826171898e+02
   1.3209999999999999e+02   1.5099603271484400e+03
   1.3290000000000001e+02   2.0364559173583999e+01
   1.3300000000000000e+02   2.4433219909668000e+02
   1.3309999999999999e+02   1.7627183532714801e+02
   1.3319999999999999e+02   1.5759696960449199e+01
   1.3390000000000001e+02   9.8358772277832003e+01
   1.3400000000000000e+02   8.1881797790527301e+01
   1.3409999999999999e+02   8.7572860717773395e+01
   1.3700000000000000e+02   2.2537205505371099e+02
   1.3890000000000001e+02   6.6005012512207003e+01
   1.3900000000000000e+02   2.7754732131958001e+01
   1.3909999999999999e+02   1.5846058654785199e+02
   1.3919999999999999e+02   2.6356056213378899e+01
   1.4109999999999999e+02   4.5823070526122997e+01
   1.4200000000000000e+02   1.2152324676513700e+01
   1.4290000000000001e+02   8.9810829162597699e+01
   1.4300000000000000e+02   8.0828155517578097e+01
   1.4309999999999999e+02   8.1329666137695298e+01
   1.4400000000000000e+02   2.1319792175293000e+02
   1.4409999999999999e+02   2.0551916503906301e+02
   1.4469999999999999e+02   1.6799737930297901e+01
   1.4490000000000001e+02   6.0227649688720703e+01
   1.4509999999999999e+02   2.0999249267578099e+02
   1.4519999999999999e+02   3.8287586212158203e+01
   1.4609999999999999e+02   6.6244506835937500e+03
   1.4690000000000001e+02   1.9526056289672901e+01
   1.4700000000000000e+02   7.7669793701171898e+02
   1.4719999999999999e+02   6.4804946899414105e+01
   1.4790000000000001e+02   4.5600551605224602e+01
   1.4800000000000000e+02   1.7607958984375000e+02
   1.4809999999999999e+02   7.7725578308105497e+01
   1.4909999999999999e+02   1.0924342155456500e+01
   1.5490000000000001e+02   4.6902015686035199e+01
   1.5580000000000001e+02   1.0783429145813001e+01
   1.5590000000000001e+02   4.0907829284667997e+01
   1.5609999999999999e+02   4.2846771240234403e+01
   1.5680000000000001e+02   1.0928400993347200e+01
   1.5690000000000001e+02   5.0269466400146499e+01
   1.5700000000000000e+02   1.0554398536682100e+01
   1.5800000000000000e+02   1.7730168151855500e+02
   1.5809999999999999e+02   1.8400895690918000e+02
   1.5869999999999999e+02   6.2703199386596697e+00
   1.5890000000000001e+02   3.1328105926513700e+01
   1.5900000000000000e+02   1.4026855468750000e+02
   1.5909999999999999e+02   1.9471173095703099e+02
   1.5980000000000001e+02   2.0052438735961900e+01
   1.6000000000000000e+02   5.4304986572265602e+02
   1.6009999999999999e+02   1.2269293212890599e+02
   1.6090000000000001e+02   1.9078954696655298e+01
   1.6109999999999999e+02   7.4275382995605497e+01
   1.6119999999999999e+02   1.2577542304992701e+01
   1.6409999999999999e+02   9.7553644180297905e+00
   1.6700000000000000e+02   6.6778421401977504e+00
   1.6990000000000001e+02   2.6702186584472699e+01
   1.7000000000000000e+02   9.9976119995117202e+01
   1.7019999999999999e+02   4.0312236785888700e+01
   1.7080000000000001e+02   1.2963880538940399e+01
   1.7100000000000000e+02   2.9281032562255898e+01
   1.7109999999999999e+02   2.3432168960571300e+01
   1.7190000000000001e+02   6.0567268371582003e+01
   1.7209999999999999e+02   8.4423477172851605e+01
   1.7280000000000001e+02   9.4417448043823207e+00
   1.7300000000000000e+02   6.3496723175048800e+01
   1.7309999999999999e+02   8.7084487915039105e+01
   1.8200000000000000e+02   8.6134004592895508e+00
   1.8400000000000000e+02   2.9583630371093801e+02
   1.8409999999999999e+02   1.0270545196533200e+02
   1.8480000000000001e+02   1.3935371398925801e+01
   1.8490000000000001e+02   3.5588855743408203e+01
   1.8509999999999999e+02   1.0741966247558599e+02
   1.8519999999999999e+02   4.5172584533691399e+01
   1.8609999999999999e+02   7.6313836669921898e+02
   1.8690000000000001e+02   3.9680839538574197e+01
   1.8700000000000000e+02   4.0192053222656301e+02
   1.8709999999999999e+02   3.2533920288085898e+02
   1.8730000000000001e+02   1.4744761466980000e+01
   1.8809999999999999e+02   5.1191531372070301e+02
   1.8809999999999999e+02   9.0806085205078102e+02
   1.8900000000000000e+02   2.1572994995117199e+02
   1.8909999999999999e+02   8.2348056640625000e+03
   1.9000000000000000e+02   2.1313246154785199e+02
   1.9009999999999999e+02   9.3614947509765602e+02
   1.9100000000000000e+02   1.9791582107543899e+01
   1.9119999999999999e+02   4.1566020965576200e+01
   1.9700000000000000e+02   9.1590127944946307e+00
   1.9990000000000001e+02   1.7700954437255898e+01
   2.0000000000000000e+02   1.9930686950683601e+01
   2.0109999999999999e+02   9.3358240127563494e+00
   2.0690000000000001e+02   6.3308830261230504e+00
   2.0709999999999999e+02   2.5040420532226602e+01
   2.1080000000000001e+02   1.6656486511230501e+01
   2.1109999999999999e+02   5.5693809509277301e+01
   2.1469999999999999e+02   2.6184303283691399e+01
   2.1490000000000001e+02   5.5875450134277301e+01
   2.1500000000000000e+02   1.0292594909668001e+01
   2.1590000000000001e+02   8.9380750656127894e+00
   2.1619999999999999e+02   7.4385428428649902e+00
   2.1700000000000000e+02   1.0701249122619600e+01
   2.1880000000000001e+02   1.9232044219970701e+00
   2.1890000000000001e+02   4.2749300003051802e+00
   2.1990000000000001e+02   1.1151473045349100e+01
   2.2890000000000001e+02   7.4416904449462900e+00
   2.3100000000000000e+02   2.6753046035766602e+01
   2.3290000000000001e+02   8.0846313476562500e+01
   2.3300000000000000e+02   1.7929903030395501e+01
   2.3319999999999999e+02   1.0819896697998001e+01
   2.3690000000000001e+02   9.4930084228515597e+01
   2.4190000000000001e+02   5.3325225830078097e+01
   2.4209999999999999e+02   1.9828552246093801e+02
   2.4230000000000001e+02   7.4210786819457999e+00
   2.4300000000000000e+02   7.6530871391296396e+00
   2.4309999999999999e+02   1.7097043991088899e+01
   2.4319999999999999e+02   2.0932275772094702e+01
   2.7700000000000000e+02   7.2207651138305700e+00
   2.7919999999999999e+02   1.6264749526977500e+01
   2.8300000000000000e+02   7.7404341697692898e+00
   2.8389999999999998e+02   9.7330493927002006e+00
   2.8419999999999999e+02   1.8040079116821300e+01
   2.8519999999999999e+02   1.5089398437500000e+04
   2.8619999999999999e+02   3.0999069824218800e+03
   2.8700000000000000e+02   6.0978218078613303e+01
   2.8710000000000002e+02   2.8331758499145501e+01
   2.8719999999999999e+02   2.3295149230957000e+02
   2.8730000000000001e+02   6.1678169250488303e+01
   2.9289999999999998e+02   4.2137556076049796e+00
   2.9300000000000000e+02   4.1619133949279803e+00
   3.0700000000000000e+02   8.2186203002929705e+00
   3.0710000000000002e+02   1.8956874847412099e+01
   3.3519999999999999e+02   9.3175086975097692e+00
   3.7410000000000002e+02   7.7823891639709499e+00
