   4.0000000000000000e+01   2.5046028137206999e+01
   4.0100000000000001e+01   3.6710079193115199e+01
   4.1000000000000000e+01   3.0257028808593800e+03
   4.2000000000000000e+01   8.7633066406250000e+03
   4.3000000000000000e+01   9.9639904785156295e+02
   4.3100000000000001e+01   1.4944151306152301e+02
   4.4000000000000000e+01   2.1107666015625000e+03
   4.9899999999999999e+01   1.7979159545898401e+02
   5.0100000000000001e+01   2.0517912292480500e+02
   5.0899999999999999e+01   5.0252502441406300e+01
   5.1000000000000000e+01   1.3194022216796900e+03
   5.2000000000000000e+01   2.3686654663085901e+02
   5.2100000000000001e+01   1.3108775329589801e+02
   5.2899999999999999e+01   3.3938836669921898e+02
   5.3000000000000000e+01   2.6644723510742199e+02
   5.3899999999999999e+01   1.5982102966308599e+02
   5.4000000000000000e+01   3.4374728393554699e+02
   5.4100000000000001e+01   1.7158042907714801e+01
   5.5000000000000000e+01   2.0779909667968800e+03
   5.6000000000000000e+01   1.4260264892578100e+03
   5.7000000000000000e+01   1.1315781250000000e+04
   5.8000000000000000e+01   4.7031222534179699e+02
   5.8000000000000000e+01   4.4915237426757801e+02
   5.9000000000000000e+01   1.9176818847656301e+02
   5.9100000000000001e+01   4.5547264099121101e+01
   6.1899999999999999e+01   5.8656284332275398e+01
   6.2000000000000000e+01   1.0989234161377000e+02
   6.2799999999999997e+01   2.2178735733032202e+01
   6.3000000000000000e+01   7.1908209228515602e+02
   6.3100000000000001e+01   4.5958320617675803e+01
   6.3899999999999999e+01   7.6753990173339801e+01
   6.4000000000000000e+01   3.2274200439453102e+02
   6.4099999999999994e+01   7.6901229858398395e+01
   6.5000000000000000e+01   3.0584326171875000e+03
   6.5900000000000006e+01   3.1987022399902301e+01
   6.6000000000000000e+01   4.1671221923828102e+02
   6.6099999999999994e+01   2.6106170654296898e+02
   6.7000000000000000e+01   4.2330007934570301e+02
   6.7099999999999994e+01   6.1965344238281295e+02
   6.7900000000000006e+01   1.6413175964355500e+02
   6.8000000000000000e+01   1.4815935058593800e+03
   6.9000000000000000e+01   1.4958590698242199e+02
   6.9099999999999994e+01   1.6055466308593800e+03
   6.9200000000000003e+01   2.9383644104003899e+01
   6.9900000000000006e+01   2.0347347259521499e+01
   7.0000000000000000e+01   1.3596524658203100e+03
   7.1000000000000000e+01   2.4566841125488301e+02
   7.1099999999999994e+01   1.2881953430175801e+02
   7.3000000000000000e+01   2.0400709152221701e+01
   7.3099999999999994e+01   2.1104253768920898e+01
   7.3900000000000006e+01   7.0224502563476605e+01
   7.4099999999999994e+01   6.0193889617919901e+01
   7.4700000000000003e+01   2.3908847808837901e+01
   7.4900000000000006e+01   1.0357543945312500e+02
   7.5099999999999994e+01   3.3930747985839801e+01
   7.5799999999999997e+01   7.1473922729492202e+01
   7.6000000000000000e+01   2.0596565246582000e+02
   7.6200000000000003e+01   2.8025387573242199e+02
   7.7000000000000000e+01   9.0780800781250000e+03
   7.8000000000000000e+01   1.9814194335937500e+03
   7.9000000000000000e+01   3.4936464843750000e+03
   7.9900000000000006e+01   4.4105327606201200e+01
   8.0000000000000000e+01   4.5051202392578102e+02
   8.0099999999999994e+01   2.0562663269043000e+02
   8.0900000000000006e+01   2.9546737670898398e+01
   8.1000000000000000e+01   1.5241867675781300e+03
   8.1900000000000006e+01   5.1564777374267599e+01
   8.2000000000000000e+01   1.3027636718750000e+03
   8.2900000000000006e+01   1.4087649536132801e+02
   8.3000000000000000e+01   1.0412831115722700e+02
   8.3099999999999994e+01   2.2809667968750000e+02
   8.4000000000000000e+01   1.2793164062500000e+03
   8.4099999999999994e+01   1.4354945373535199e+02
   8.4900000000000006e+01   3.3696647644042997e+01
   8.5099999999999994e+01   4.4435474395752003e+01
   8.6000000000000000e+01   5.9101684570312500e+01
   8.6099999999999994e+01   3.4745731353759801e+01
   8.6799999999999997e+01   1.2277536392211900e+01
   8.8799999999999997e+01   4.5837482452392599e+01
   8.9000000000000000e+01   1.2595299530029300e+02
   8.9099999999999994e+01   5.1906408691406295e+02
   8.9900000000000006e+01   6.6420555114746094e+01
   9.0000000000000000e+01   2.3345539855957000e+02
   9.0200000000000003e+01   2.3567788696289099e+02
   9.1000000000000000e+01   1.3225464843750000e+04
   9.2000000000000000e+01   1.7381260986328100e+03
   9.3000000000000000e+01   3.3964819335937500e+03
   9.4000000000000000e+01   1.9052413330078100e+03
   9.4900000000000006e+01   1.1017327117919901e+02
   9.5000000000000000e+01   2.5967776489257801e+02
   9.5799999999999997e+01   1.1338743209838899e+01
   9.5900000000000006e+01   1.3047592163085901e+02
   9.6099999999999994e+01   1.6155587158203100e+03
   9.7000000000000000e+01   1.3176084899902301e+02
   9.7099999999999994e+01   8.5475799560546903e+01
   9.7900000000000006e+01   6.5323478698730497e+01
   9.8000000000000000e+01   2.3036845397949199e+02
   9.8099999999999994e+01   3.0036972045898398e+02
   9.9099999999999994e+01   3.2715187072753899e+01
   1.0100000000000000e+02   4.3827171325683601e+01
   1.0120000000000000e+02   3.8609531402587898e+01
   1.0180000000000000e+02   4.6695178985595703e+01
   1.0200000000000000e+02   3.6402261352539102e+02
   1.0220000000000000e+02   3.4544086456298800e+01
   1.0280000000000000e+02   2.5283216476440401e+01
   1.0300000000000000e+02   3.0384548339843800e+03
   1.0400000000000000e+02   4.5641850585937500e+03
   1.0509999999999999e+02   1.0592418945312500e+04
   1.0600000000000000e+02   2.4748867187500000e+03
   1.0690000000000001e+02   1.8686994552612301e+01
   1.0700000000000000e+02   1.5104557800293000e+02
   1.0709999999999999e+02   1.1510807037353500e+02
   1.0790000000000001e+02   1.0284586334228500e+02
   1.0800000000000000e+02   4.5326403808593801e+02
   1.0809999999999999e+02   2.8821124267578102e+02
   1.0880000000000000e+02   1.0170195579528800e+01
   1.0890000000000001e+02   7.3139282226562500e+01
   1.0900000000000000e+02   5.3497277832031295e+02
   1.0920000000000000e+02   1.6378678894043000e+02
   1.1009999999999999e+02   6.5471040039062500e+03
   1.1100000000000000e+02   2.3649916076660199e+02
   1.1100000000000000e+02   3.8107546997070301e+02
   1.1120000000000000e+02   1.6314503479003901e+02
   1.1190000000000001e+02   8.9921798706054702e+01
   1.1200000000000000e+02   2.5502738952636699e+02
   1.1220000000000000e+02   2.3320039367675801e+02
   1.1280000000000000e+02   1.3541167259216300e+01
   1.1300000000000000e+02   1.3213361740112299e+01
   1.1420000000000000e+02   1.0894914627075201e+01
   1.1480000000000000e+02   3.0676013946533200e+01
   1.1500000000000000e+02   4.8754367065429699e+02
   1.1580000000000000e+02   2.4696683883666999e+01
   1.1600000000000000e+02   2.5990979003906301e+02
   1.1609999999999999e+02   1.8690441131591800e+01
   1.1700000000000000e+02   4.8859848022460898e+02
   1.1709999999999999e+02   1.4790725097656300e+03
   1.1800000000000000e+02   3.0500710449218800e+03
   1.1820000000000000e+02   4.4629123687744098e+01
   1.1900000000000000e+02   4.3359283447265602e+02
   1.1909999999999999e+02   8.6372277832031295e+02
   1.1980000000000000e+02   5.1909431457519503e+01
   1.1990000000000001e+02   2.1548544311523401e+02
   1.2000000000000000e+02   3.2908856201171898e+02
   1.2009999999999999e+02   1.3484792709350600e+01
   1.2090000000000001e+02   2.6058923721313501e+01
   1.2100000000000000e+02   9.6836647033691406e+01
   1.2200000000000000e+02   2.7171886444091800e+01
   1.2209999999999999e+02   1.1739911079406699e+01
   1.2309999999999999e+02   1.4213348388671900e+01
   1.2500000000000000e+02   1.3239121437072800e+01
   1.2600000000000000e+02   1.0542115211486800e+01
   1.2700000000000000e+02   1.0301917076110801e+01
   1.2720000000000000e+02   1.2592394828796399e+01
   1.2790000000000001e+02   4.6403816223144503e+01
   1.2800000000000000e+02   2.0686488342285199e+02
   1.2880000000000001e+02   1.2627366065979000e+01
   1.2900000000000000e+02   1.3740457153320301e+02
   1.2919999999999999e+02   9.1407035827636705e+01
   1.2990000000000001e+02   2.4257572937011699e+02
   1.3009999999999999e+02   3.5297429199218800e+03
   1.3090000000000001e+02   1.0439781188964800e+02
   1.3100000000000000e+02   2.2898212890625000e+03
   1.3209999999999999e+02   6.6441479492187500e+03
   1.3300000000000000e+02   4.8433224487304699e+02
   1.3309999999999999e+02   8.3552960205078102e+02
   1.3390000000000001e+02   2.0512781143188501e+01
   1.3400000000000000e+02   2.3224070739746099e+02
   1.3409999999999999e+02   3.8383218383789102e+02
   1.3490000000000001e+02   1.2960812568664601e+01
   1.3509999999999999e+02   1.0893136978149400e+01
   1.3680000000000001e+02   1.3697719573974600e+01
   1.3690000000000001e+02   1.5043820190429699e+02
   1.3709999999999999e+02   1.5222347259521500e+01
   1.4100000000000000e+02   2.1765913009643601e+01
   1.4300000000000000e+02   2.1444293212890599e+02
   1.4319999999999999e+02   2.4448337554931602e+01
   1.4400000000000000e+02   4.6870910644531300e+01
   1.4409999999999999e+02   1.6170930175781300e+03
   1.4490000000000001e+02   1.9082040786743200e+01
   1.4509999999999999e+02   1.0648909912109400e+03
   1.4600000000000000e+02   3.7485656738281300e+01
   1.4609999999999999e+02   1.9494399414062500e+03
   1.4709999999999999e+02   2.0795898437500000e+02
   1.4719999999999999e+02   2.3152162551879901e+01
   1.4800000000000000e+02   1.0942637634277300e+02
   1.4809999999999999e+02   2.2811256408691401e+02
   1.4819999999999999e+02   4.0141075134277301e+01
   1.4890000000000001e+02   2.7751638793945301e+02
   1.4909999999999999e+02   1.3674465942382801e+02
   1.4990000000000001e+02   2.9572347640991200e+01
   1.5000000000000000e+02   3.9833062744140602e+02
   1.5280000000000001e+02   1.1242676734924300e+01
   1.5300000000000000e+02   1.7562379455566401e+02
   1.5309999999999999e+02   8.1252830505371094e+01
   1.5400000000000000e+02   3.1044683456420898e+01
   1.5409999999999999e+02   3.9072570800781300e+01
   1.5490000000000001e+02   5.4654094696044901e+01
   1.5509999999999999e+02   1.2604925155639600e+01
   1.5530000000000001e+02   1.1049067497253400e+01
   1.5590000000000001e+02   1.0883658409118700e+01
   1.5600000000000000e+02   1.7755271911621099e+02
   1.5619999999999999e+02   3.7391761779785199e+01
   1.5690000000000001e+02   2.7242883682251001e+01
   1.5700000000000000e+02   1.0062680816650401e+02
   1.5719999999999999e+02   1.9033224105835000e+01
   1.5780000000000001e+02   1.6736263275146499e+01
   1.5790000000000001e+02   1.2494775390625000e+02
   1.5809999999999999e+02   4.8506994628906301e+02
   1.5819999999999999e+02   2.7196725845336900e+01
   1.5880000000000001e+02   1.1648998260498001e+01
   1.5900000000000000e+02   5.8526222229003899e+01
   1.5909999999999999e+02   1.1161386718750000e+03
   1.5930000000000001e+02   1.6335432052612301e+01
   1.6009999999999999e+02   1.1591650390625000e+04
   1.6090000000000001e+02   1.0402798652648899e+01
   1.6109999999999999e+02   1.4809157714843800e+03
   1.6180000000000001e+02   1.8111169815063501e+01
   1.6200000000000000e+02   4.1729362487792997e+01
   1.6200000000000000e+02   1.3234024047851599e+02
   1.6219999999999999e+02   5.7636486053466797e+01
   1.6700000000000000e+02   1.1599269866943400e+01
   1.6919999999999999e+02   1.1400072097778301e+01
   1.6969999999999999e+02   1.1709939002990700e+01
   1.6990000000000001e+02   2.8951801300048800e+01
   1.7009999999999999e+02   9.2587257385253906e+01
   1.7109999999999999e+02   8.3349250793457003e+01
   1.7200000000000000e+02   2.5816354370117199e+02
   1.7209999999999999e+02   6.1808551025390602e+02
   1.7300000000000000e+02   2.3224906921386699e+02
   1.7319999999999999e+02   3.1099836349487301e+01
   1.7400000000000000e+02   1.8656620025634801e+01
   1.7409999999999999e+02   1.0022730712890600e+03
   1.7430000000000001e+02   1.1713562011718800e+01
   1.7500000000000000e+02   9.7684295654296903e+01
   1.7519999999999999e+02   1.5667636871337900e+01
   1.8200000000000000e+02   1.8116905212402301e+01
   1.8300000000000000e+02   1.1797480583190900e+01
   1.8390000000000001e+02   5.3274177551269503e+01
   1.8409999999999999e+02   1.3655392456054699e+02
   1.8430000000000001e+02   1.9850471496581999e+01
   1.8500000000000000e+02   6.5593933105468807e+01
   1.8590000000000001e+02   3.2834472656250000e+01
   1.8600000000000000e+02   2.9416979980468801e+02
   1.8700000000000000e+02   1.3650932312011699e+02
   1.8709999999999999e+02   5.5828842163085902e+01
   1.8719999999999999e+02   2.2574419021606399e+01
   1.8790000000000001e+02   1.1485809326171900e+01
   1.8800000000000000e+02   3.8038242340087898e+01
   1.9590000000000001e+02   1.1159893989563001e+01
   1.9719999999999999e+02   1.0083505630493200e+01
   1.9800000000000000e+02   7.1700218200683594e+01
   1.9809999999999999e+02   6.2520477294921898e+02
   1.9880000000000001e+02   3.3960620880127003e+01
   1.9900000000000000e+02   1.2597018432617200e+02
   1.9909999999999999e+02   1.0652866363525401e+02
   1.9919999999999999e+02   1.2010746765136700e+02
   2.0009999999999999e+02   7.6587377929687500e+02
   2.0019999999999999e+02   4.4780294799804699e+02
   2.0100000000000000e+02   1.0279318237304700e+02
   2.0100000000000000e+02   5.5200073242187500e+02
   2.0109999999999999e+02   3.5152618408203102e+02
   2.0130000000000001e+02   1.4755386352539100e+01
   2.0190000000000001e+02   1.5890887260436999e+01
   2.0209999999999999e+02   1.7785616455078100e+03
   2.0309999999999999e+02   3.2487067871093800e+03
   2.0390000000000001e+02   2.5173069000244102e+01
   2.0409999999999999e+02   3.4576666259765602e+02
   2.0419999999999999e+02   1.3417469787597699e+02
   2.1090000000000001e+02   2.1825197219848601e+01
   2.1419999999999999e+02   1.2909825325012200e+01
   2.1490000000000001e+02   4.2835220336914098e+01
   2.1500000000000000e+02   1.3005024719238301e+02
   2.1509999999999999e+02   1.8687751770019499e+01
   2.1609999999999999e+02   4.1371445312500000e+03
   2.1690000000000001e+02   2.0436428070068398e+01
   2.1709999999999999e+02   7.7887274169921898e+02
   2.1800000000000000e+02   6.5105781555175795e+01
   2.1900000000000000e+02   1.1425911903381300e+01
   2.1909999999999999e+02   8.8721561431884801e+00
   2.2990000000000001e+02   6.1102745056152301e+01
   2.3000000000000000e+02   5.4513950347900398e+01
   2.3019999999999999e+02   5.9505908966064503e+01
   2.3109999999999999e+02   1.0983838081359901e+01
   2.3280000000000001e+02   2.6491321563720700e+01
   2.3690000000000001e+02   1.6884326934814500e-01
   2.3709999999999999e+02   2.3689737319946300e+01
   2.3900000000000000e+02   1.1131213188171399e+01
   2.4100000000000000e+02   1.3998659133911101e+01
   2.4319999999999999e+02   1.0596535682678200e+01
   2.4500000000000000e+02   2.2635398864746101e+01
   2.5619999999999999e+02   1.1087787628173800e+01
   2.5650000000000000e+02   1.9819822311401399e+01
   2.5689999999999998e+02   9.8553909301757798e+01
   2.5710000000000002e+02   5.6868206024169901e+01
   2.5730000000000001e+02   1.6691890716552699e+01
   2.5739999999999998e+02   9.4155723571777301e+01
   2.5760000000000002e+02   1.8386274337768601e+01
   2.5789999999999998e+02   6.2746078491210902e+01
   2.5800000000000000e+02   6.7108123779296903e+01
   2.5819999999999999e+02   2.5962481689453102e+02
   2.5919999999999999e+02   5.2204406250000000e+04
   2.6019999999999999e+02   9.6888886718750000e+03
   2.6089999999999998e+02   1.2209278106689499e+01
   2.6110000000000002e+02   4.7892031860351602e+02
   2.6119999999999999e+02   4.7400354003906301e+02
   2.6219999999999999e+02   3.8032905578613303e+01
   2.9300000000000000e+02   6.0396175384521499e+01
   2.9310000000000002e+02   5.0983684539794901e+01
   2.9319999999999999e+02   1.1998358726501500e+01
   3.4800000000000000e+02   6.6116325378417997e+01
   3.4819999999999999e+02   1.6240701675415000e+01
   3.4900000000000000e+02   1.2482642173767101e+01
