   4.0100000000000001e+01   4.4150405883789098e+01
   4.0799999999999997e+01   1.3080634117126500e+01
   4.0899999999999999e+01   2.6086889648437500e+02
   4.1100000000000001e+01   5.0136996459960898e+02
   4.2000000000000000e+01   4.6713730468750000e+03
   4.3000000000000000e+01   6.6997088623046898e+02
   4.4000000000000000e+01   3.2594006347656301e+02
   4.5000000000000000e+01   9.8674609375000000e+02
   4.5200000000000003e+01   1.3912375450134300e+01
   4.9899999999999999e+01   1.3172790527343801e+02
   5.0000000000000000e+01   7.0192192077636705e+01
   5.1000000000000000e+01   8.0750360107421898e+02
   5.1899999999999999e+01   8.9992958068847699e+01
   5.2000000000000000e+01   1.7796411132812500e+02
   5.3000000000000000e+01   1.0166221313476600e+03
   5.3899999999999999e+01   2.0194753646850600e+01
   5.4000000000000000e+01   4.6892221069335898e+02
   5.4100000000000001e+01   1.5309805297851599e+02
   5.5000000000000000e+01   1.8130296630859400e+03
   5.6000000000000000e+01   1.9263835449218800e+03
   5.6100000000000001e+01   2.7948922729492199e+02
   5.7000000000000000e+01   8.7341259765625000e+03
   5.8000000000000000e+01   2.0349327087402301e+02
   5.8100000000000001e+01   2.0120724487304699e+02
   5.8899999999999999e+01   3.5585083007812500e+01
   5.9000000000000000e+01   3.5351003417968800e+03
   5.9899999999999999e+01   3.2844669342041001e+01
   6.0000000000000000e+01   5.9297023773193402e+01
   6.0200000000000003e+01   2.2492874145507798e+01
   6.1000000000000000e+01   1.4782551765441900e+01
   6.2899999999999999e+01   4.5145927429199197e+01
   6.3000000000000000e+01   2.2263484191894500e+02
   6.3100000000000001e+01   1.2139200210571300e+01
   6.3899999999999999e+01   1.0810427093505901e+02
   6.4000000000000000e+01   2.0963401794433599e+02
   6.4200000000000003e+01   2.1727260589599599e+01
   6.4900000000000006e+01   2.2211511230468801e+02
   6.5000000000000000e+01   4.6425076293945301e+02
   6.5099999999999994e+01   1.1119156646728500e+02
   6.6000000000000000e+01   3.7209887695312500e+02
   6.6900000000000006e+01   2.0228189086914099e+02
   6.7000000000000000e+01   3.8614941406250000e+02
   6.7900000000000006e+01   7.5820053100585895e+01
   6.8000000000000000e+01   3.6095346069335898e+02
   6.8900000000000006e+01   1.2656561279296901e+02
   6.9000000000000000e+01   2.1165821838378901e+02
   6.9099999999999994e+01   2.1012651443481399e+01
   6.9900000000000006e+01   1.3105316162109400e+01
   7.0000000000000000e+01   7.0467102050781295e+02
   7.0099999999999994e+01   5.1974277496337898e+01
   7.0900000000000006e+01   9.6607810974121094e+01
   7.1000000000000000e+01   1.1126831054687500e+02
   7.1900000000000006e+01   2.1969836425781301e+02
   7.2099999999999994e+01   1.2378244781494099e+02
   7.2799999999999997e+01   1.8805374145507798e+01
   7.2900000000000006e+01   1.1586319923400900e+01
   7.3099999999999994e+01   1.7406578063964801e+01
   7.3799999999999997e+01   8.0036750793457003e+01
   7.4000000000000000e+01   8.0980712890625000e+01
   7.4200000000000003e+01   5.2954143524169901e+01
   7.4900000000000006e+01   6.9804496765136705e+01
   7.5099999999999994e+01   1.2910315513610801e+01
   7.5799999999999997e+01   6.2442295074462898e+01
   7.5900000000000006e+01   3.9445972442627003e+01
   7.6099999999999994e+01   1.8121427917480500e+02
   7.7000000000000000e+01   5.0873481445312500e+03
   7.7900000000000006e+01   1.1682920837402300e+02
   7.8000000000000000e+01   8.4292352294921898e+02
   7.9000000000000000e+01   1.8265261840820301e+02
   7.9099999999999994e+01   1.8862944030761699e+02
   8.0000000000000000e+01   1.1508393554687500e+03
   8.0099999999999994e+01   1.4844116210937500e+02
   8.1000000000000000e+01   1.4404422607421900e+03
   8.2000000000000000e+01   1.5750113525390600e+03
   8.2799999999999997e+01   1.6773532867431602e+01
   8.3000000000000000e+01   2.6247628784179699e+02
   8.3099999999999994e+01   5.7863140106201200e+01
   8.4000000000000000e+01   7.7149920654296898e+02
   8.4000000000000000e+01   4.2204617309570301e+02
   8.4099999999999994e+01   2.6776935577392599e+01
   8.4799999999999997e+01   2.2030281066894499e+01
   8.4900000000000006e+01   2.0080241394043000e+02
   8.5099999999999994e+01   1.0559625244140599e+02
   8.5900000000000006e+01   5.0579643249511697e+01
   8.6000000000000000e+01   4.0657833099365199e+01
   8.6900000000000006e+01   1.8570137023925801e+02
   8.7099999999999994e+01   8.2110754394531295e+02
   8.7799999999999997e+01   5.4297756195068402e+01
   8.8000000000000000e+01   7.1687477111816406e+01
   8.8099999999999994e+01   8.1776504516601605e+01
   8.8900000000000006e+01   1.3312925720214801e+02
   8.9900000000000006e+01   6.3132072448730497e+01
   9.0099999999999994e+01   1.0887797546386700e+02
   9.1000000000000000e+01   1.5411433105468800e+03
   9.1799999999999997e+01   1.3800916671752899e+01
   9.1900000000000006e+01   2.2538191223144500e+02
   9.2000000000000000e+01   3.9517007446289102e+02
   9.2900000000000006e+01   8.2408699035644503e+01
   9.3000000000000000e+01   2.8539372558593800e+03
   9.3900000000000006e+01   2.6335325241088899e+01
   9.4000000000000000e+01   2.1092912597656300e+03
   9.5000000000000000e+01   6.1649475097656295e+02
   9.5099999999999994e+01   5.3121818542480497e+01
   9.5900000000000006e+01   6.1013095855712898e+01
   9.6000000000000000e+01   2.5280756835937500e+03
   9.7000000000000000e+01   1.2399944305419901e+02
   9.7099999999999994e+01   2.3297306823730500e+02
   9.7799999999999997e+01   1.5899323463439901e+01
   9.7900000000000006e+01   3.7903865814208999e+01
   9.8099999999999994e+01   3.9292949676513700e+01
   9.9099999999999994e+01   4.5827556610107401e+01
   9.9799999999999997e+01   1.1056723594665501e+01
   1.0000000000000000e+02   7.4053961181640602e+02
   1.0080000000000000e+02   1.5018911361694300e+01
   1.0100000000000000e+02   2.6820867538452099e+01
   1.0200000000000000e+02   4.0117702484130902e+01
   1.0280000000000000e+02   9.0504249572753906e+01
   1.0300000000000000e+02   2.3587901306152301e+02
   1.0309999999999999e+02   1.3982064819335901e+02
   1.0380000000000000e+02   1.1940452575683601e+01
   1.0400000000000000e+02   4.0348724365234398e+02
   1.0400000000000000e+02   5.5290985107421898e+02
   1.0490000000000001e+02   2.5076255798339801e+02
   1.0500000000000000e+02   4.0838772583007801e+02
   1.0590000000000001e+02   2.3433680725097699e+02
   1.0609999999999999e+02   6.0106457519531295e+02
   1.0680000000000000e+02   5.9417881011962898e+01
   1.0709999999999999e+02   6.7154159545898395e+01
   1.0720000000000000e+02   3.5771068572997997e+01
   1.0800000000000000e+02   2.5211291503906301e+02
   1.0809999999999999e+02   7.3934906005859398e+02
   1.0900000000000000e+02   3.9483126831054699e+02
   1.0920000000000000e+02   1.1358800888061500e+01
   1.0990000000000001e+02   9.1376853942871094e+01
   1.1000000000000000e+02   2.4559739685058599e+02
   1.1009999999999999e+02   3.1291412353515602e+02
   1.1070000000000000e+02   1.1081361770629901e+01
   1.1090000000000001e+02   3.6631465911865199e+01
   1.1109999999999999e+02   9.0702064514160199e+01
   1.1190000000000001e+02   1.6482156753540000e+01
   1.1200000000000000e+02   1.1878115081787099e+02
   1.1209999999999999e+02   6.6293945312500000e+01
   1.1300000000000000e+02   1.9609376220703100e+03
   1.1309999999999999e+02   5.8899890136718795e+02
   1.1390000000000001e+02   4.1824447631835898e+02
   1.1409999999999999e+02   4.3413333129882801e+02
   1.1500000000000000e+02   2.5417581176757801e+02
   1.1509999999999999e+02   7.6224426269531307e+01
   1.1600000000000000e+02   2.0090206298828100e+03
   1.1630000000000000e+02   2.2762296676635700e+01
   1.1700000000000000e+02   1.9993691406250000e+03
   1.1800000000000000e+02   2.8834099121093800e+03
   1.1880000000000000e+02   1.4145187377929700e+01
   1.1890000000000001e+02   2.6651629638671898e+02
   1.1900000000000000e+02   5.4772448730468795e+02
   1.1990000000000001e+02   1.0390148925781300e+02
   1.2000000000000000e+02   2.8407891845703102e+02
   1.2080000000000000e+02   1.7678129196166999e+01
   1.2109999999999999e+02   2.7874954223632798e+01
   1.2190000000000001e+02   3.8631977081298800e+01
   1.2200000000000000e+02   2.0397520446777301e+02
   1.2300000000000000e+02   2.9852207183837901e+01
   1.2380000000000000e+02   3.2187618255615199e+01
   1.2400000000000000e+02   1.4972837829589801e+02
   1.2409999999999999e+02   3.7498180389404297e+01
   1.2490000000000001e+02   6.8503669738769503e+01
   1.2500000000000000e+02   6.8243354797363295e+01
   1.2600000000000000e+02   5.0100765991210898e+02
   1.2620000000000000e+02   8.1115760803222699e+01
   1.2690000000000001e+02   2.1484247207641602e+01
   1.2709999999999999e+02   9.8518104553222699e+01
   1.2800000000000000e+02   4.2750335693359398e+02
   1.2869999999999999e+02   1.3181807518005400e+01
   1.2880000000000001e+02   1.7778104782104499e+01
   1.2909999999999999e+02   1.3564805603027301e+02
   1.2919999999999999e+02   7.2471069335937500e+01
   1.3000000000000000e+02   3.5528645019531300e+03
   1.3080000000000001e+02   1.8372394561767599e+01
   1.3100000000000000e+02   7.2467974853515602e+02
   1.3109999999999999e+02   7.8125717163085895e+01
   1.3200000000000000e+02   1.2574964599609400e+03
   1.3219999999999999e+02   3.4710887908935497e+01
   1.3309999999999999e+02   1.8023957824707000e+02
   1.3380000000000001e+02   4.6813167572021499e+01
   1.3400000000000000e+02   4.3999870300292997e+01
   1.3500000000000000e+02   1.2734067916870099e+01
   1.3569999999999999e+02   2.4850345611572301e+01
   1.3590000000000001e+02   1.4794433593750000e+01
   1.3600000000000000e+02   2.3665649414062500e+02
   1.3680000000000001e+02   1.4232917785644499e+01
   1.3690000000000001e+02   3.1992248535156300e+01
   1.3700000000000000e+02   1.9966288757324199e+02
   1.3790000000000001e+02   4.3305084228515597e+01
   1.3800000000000000e+02   4.2751446533203102e+02
   1.3880000000000001e+02   4.1419040679931598e+01
   1.3900000000000000e+02   9.7551391601562500e+01
   1.3909999999999999e+02   5.7825099945068402e+01
   1.4000000000000000e+02   5.9709599609375000e+03
   1.4090000000000001e+02   1.9134777832031301e+02
   1.4109999999999999e+02   6.7147747802734398e+02
   1.4200000000000000e+02   8.7825378417968795e+02
   1.4209999999999999e+02   3.8463610839843800e+03
   1.4290000000000001e+02   1.5335665893554699e+02
   1.4309999999999999e+02   2.6514243164062500e+03
   1.4400000000000000e+02   1.7437966308593800e+03
   1.4500000000000000e+02   3.2899905395507801e+02
   1.4509999999999999e+02   1.5713929748535199e+02
   1.4590000000000001e+02   3.0755487442016602e+01
   1.4609999999999999e+02   2.0857023925781300e+03
   1.4690000000000001e+02   6.8245094299316406e+01
   1.4709999999999999e+02   1.7861352539062500e+02
   1.4780000000000001e+02   1.1876100540161101e+01
   1.4800000000000000e+02   1.1455216217041000e+02
   1.4890000000000001e+02   6.3410942077636697e+01
   1.4909999999999999e+02   3.6359561157226602e+02
   1.5000000000000000e+02   2.8123660278320301e+02
   1.5009999999999999e+02   3.2095336914062500e+02
   1.5080000000000001e+02   1.2823014259338400e+01
   1.5100000000000000e+02   3.6941047668457003e+01
   1.5119999999999999e+02   3.1381093978881800e+01
   1.5200000000000000e+02   4.7903097534179699e+02
   1.5209999999999999e+02   1.9961218261718801e+02
   1.5290000000000001e+02   3.4916729736328102e+02
   1.5309999999999999e+02   1.5108695983886699e+02
   1.5409999999999999e+02   3.2281774902343800e+03
   1.5490000000000001e+02   5.2604038238525398e+01
   1.5500000000000000e+02   6.2861785888671898e+02
   1.5519999999999999e+02   2.6955303192138700e+01
   1.5590000000000001e+02   1.5668547630310099e+01
   1.5600000000000000e+02   1.5082870483398401e+02
   1.5609999999999999e+02   5.0872979736328102e+02
   1.5700000000000000e+02   1.3832931518554699e+02
   1.5709999999999999e+02   1.3990879821777301e+02
   1.5809999999999999e+02   1.2971094970703100e+03
   1.5900000000000000e+02   2.2605288696289099e+02
   1.5909999999999999e+02   4.3556417846679699e+02
   1.5990000000000001e+02   5.5145786285400398e+01
   1.6009999999999999e+02   3.9426609039306598e+01
   1.6019999999999999e+02   2.3287509918212901e+01
   1.6190000000000001e+02   1.4914555549621600e+01
   1.6200000000000000e+02   6.1946346282958999e+01
   1.6400000000000000e+02   4.2061882019042997e+01
   1.6409999999999999e+02   1.5017273902893100e+01
   1.6469999999999999e+02   1.6427400588989300e+01
   1.6480000000000001e+02   1.2435371398925801e+01
   1.6509999999999999e+02   3.5698089599609403e+01
   1.6600000000000000e+02   4.3227465820312500e+02
   1.6609999999999999e+02   5.3200384521484398e+02
   1.6619999999999999e+02   7.2484390258789105e+01
   1.6669999999999999e+02   1.7001996994018601e+01
   1.6680000000000001e+02   1.9007534027099599e+01
   1.6700000000000000e+02   1.6482240295410199e+02
   1.6709999999999999e+02   1.9836116027832000e+02
   1.6719999999999999e+02   1.1222058105468800e+02
   1.6809999999999999e+02   2.6334822265625000e+04
   1.6909999999999999e+02   2.9584562988281300e+03
   1.7000000000000000e+02   1.5913388061523401e+02
   1.7009999999999999e+02   2.1341003417968801e+02
   1.7090000000000001e+02   4.3608562469482401e+01
   1.7100000000000000e+02   1.7717605590820301e+02
   1.7109999999999999e+02   3.0530757904052699e+01
   1.7209999999999999e+02   1.0272954559326200e+02
   1.7219999999999999e+02   5.0463764190673800e+01
   1.7290000000000001e+02   9.2679359436035199e+01
   1.7309999999999999e+02   2.5851763916015602e+02
   1.7390000000000001e+02   4.1907230377197301e+01
   1.7409999999999999e+02   8.4234001159667997e+01
   1.7480000000000001e+02   2.5015655517578100e+01
   1.7500000000000000e+02   1.4555251121521000e+01
   1.7600000000000000e+02   1.3707447814941401e+02
   1.7690000000000001e+02   2.9897909164428700e+01
   1.7700000000000000e+02   2.4324316406250000e+02
   1.7780000000000001e+02   3.4656063079833999e+01
   1.7790000000000001e+02   2.4857997131347699e+02
   1.7809999999999999e+02   3.7519320678710898e+02
   1.7819999999999999e+02   2.1173803329467798e+01
   1.7869999999999999e+02   1.4618657112121600e+01
   1.7890000000000001e+02   1.2146725654602101e+01
   1.7919999999999999e+02   2.8890289306640600e+01
   1.8000000000000000e+02   1.4890413284301800e+01
   1.8280000000000001e+02   1.2010365486145000e+01
   1.8300000000000000e+02   3.1940969467163100e+01
   1.8309999999999999e+02   5.5128635406494098e+01
   1.8390000000000001e+02   3.1610198974609400e+01
   1.8400000000000000e+02   3.0754564285278299e+01
   1.8480000000000001e+02   1.5898913383483899e+01
   1.8500000000000000e+02   5.5520397186279297e+01
   1.8509999999999999e+02   8.5825119018554702e+01
   1.8580000000000001e+02   2.9230331420898398e+01
   1.8600000000000000e+02   3.6146798706054699e+02
   1.8709999999999999e+02   2.7628256835937500e+03
   1.8780000000000001e+02   2.9994153976440401e+01
   1.8800000000000000e+02   2.9997222900390602e+02
   1.8809999999999999e+02   1.3703874206543000e+02
   1.8890000000000001e+02   1.8718154907226602e+01
   1.8900000000000000e+02   7.8263481140136705e+01
   1.8909999999999999e+02   1.1335020065307599e+01
   1.8990000000000001e+02   5.0724174499511697e+01
   1.9000000000000000e+02   3.1733303833007801e+02
   1.9019999999999999e+02   1.7926822662353501e+01
   1.9090000000000001e+02   2.9957860946655298e+01
   1.9109999999999999e+02   2.0356449127197301e+01
   1.9190000000000001e+02   1.2623999595642101e+01
   1.9209999999999999e+02   2.3639905929565401e+01
   1.9300000000000000e+02   2.8099046707153299e+01
   1.9390000000000001e+02   7.2593933105468807e+01
   1.9400000000000000e+02   6.3473499298095703e+01
   1.9490000000000001e+02   1.9380555725097699e+02
   1.9509999999999999e+02   1.1256447601318401e+02
   1.9580000000000001e+02   4.3484706878662102e+01
   1.9600000000000000e+02   4.3875144958496101e+01
   1.9609999999999999e+02   7.1653968811035199e+01
   1.9619999999999999e+02   1.8184167861938501e+01
   1.9709999999999999e+02   2.9101788330078102e+02
   1.9790000000000001e+02   2.5448686599731399e+01
   1.9809999999999999e+02   1.0734403228759800e+02
   1.9890000000000001e+02   1.3640393066406301e+02
   1.9909999999999999e+02   6.1963237762451200e+01
   1.9990000000000001e+02   3.7887580871582003e+01
   2.0000000000000000e+02   8.0099342346191406e+01
   2.0090000000000001e+02   9.4828254699707003e+01
   2.0109999999999999e+02   6.5646759033203097e+01
   2.0200000000000000e+02   4.7359561157226602e+02
   2.0209999999999999e+02   2.9340191650390602e+02
   2.0309999999999999e+02   4.0547100067138700e+01
   2.0330000000000001e+02   1.5376136779785201e+01
   2.0400000000000000e+02   1.9432901382446300e+01
   2.0709999999999999e+02   1.0578027725219700e+01
   2.0890000000000001e+02   2.0550802230835000e+01
   2.1000000000000000e+02   1.0671038055419901e+02
   2.1009999999999999e+02   1.1953250885009800e+02
   2.1090000000000001e+02   5.0055553436279297e+01
   2.1100000000000000e+02   7.8284484863281307e+01
   2.1109999999999999e+02   2.2721288681030298e+01
   2.1209999999999999e+02   1.2871773437500000e+04
   2.1300000000000000e+02   8.9672283935546898e+02
   2.1309999999999999e+02   6.4046771240234398e+02
   2.1400000000000000e+02   5.8575469970703097e+01
   2.1409999999999999e+02   1.2977256774902301e+02
   2.1490000000000001e+02   1.5884188842773401e+02
   2.1509999999999999e+02   9.2807411193847699e+01
   2.1590000000000001e+02   2.2792762756347699e+01
   2.1609999999999999e+02   4.9055767059326200e+01
   2.1619999999999999e+02   2.4712158203125000e+01
   2.1680000000000001e+02   1.0450781822204601e+01
   2.1700000000000000e+02   2.3070983886718800e+01
   2.1709999999999999e+02   2.4936483383178700e+01
   2.1880000000000001e+02   2.3761926651001001e+01
   2.1900000000000000e+02   5.3493389129638700e+01
   2.1909999999999999e+02   1.5261259078979499e+01
   2.2400000000000000e+02   5.9299339294433601e+01
   2.2490000000000001e+02   2.7929080963134801e+01
   2.2509999999999999e+02   7.4170127868652301e+01
   2.2600000000000000e+02   7.4706283569335895e+01
   2.2609999999999999e+02   3.1122905273437500e+03
   2.2709999999999999e+02   1.3544853515625000e+04
   2.2800000000000000e+02   4.9895175933837898e+01
   2.2809999999999999e+02   3.1037634277343800e+03
   2.2900000000000000e+02   7.0488380432128906e+01
   2.2909999999999999e+02   4.0006973266601602e+02
   2.3000000000000000e+02   4.1411960601806598e+01
   2.3100000000000000e+02   2.7169281005859400e+01
   2.3100000000000000e+02   1.1115874290466300e+01
   2.3290000000000001e+02   1.1765876770019499e+01
   2.3309999999999999e+02   5.3749149322509801e+01
   2.3390000000000001e+02   1.2720338821411101e+01
   2.3690000000000001e+02   6.1751117706298800e+01
   2.3900000000000000e+02   1.3146394729614300e+01
   2.3909999999999999e+02   1.8765298843383800e+01
   2.4309999999999999e+02   3.2864047241210898e+02
   2.4319999999999999e+02   3.7289550781250000e+02
   2.4400000000000000e+02   1.6123350524902301e+02
   2.4430000000000001e+02   1.9050741195678700e+01
   2.4490000000000001e+02   1.6516468048095700e+01
   2.4509999999999999e+02   3.0100881576538100e+01
   2.4600000000000000e+02   3.7671878814697301e+01
   2.4600000000000000e+02   4.8074180603027301e+01
   2.4709999999999999e+02   3.4493719482421898e+02
   2.4719999999999999e+02   9.8880844116210895e+01
   2.4800000000000000e+02   3.8204219818115199e+01
   2.4809999999999999e+02   8.2482749938964801e+01
   2.5910000000000002e+02   6.5412335205078102e+02
   2.5919999999999999e+02   2.5435006713867199e+02
   2.5989999999999998e+02   1.3904266357421900e+01
   2.6010000000000002e+02   1.0003186798095700e+02
   2.6019999999999999e+02   4.2600368499755902e+01
   2.6089999999999998e+02   1.5858265876770000e+01
   2.6100000000000000e+02   2.1153120040893601e+01
   2.6110000000000002e+02   6.3606292724609398e+02
   2.6200000000000000e+02   2.0885736465454102e+01
   2.6210000000000002e+02   4.6322612762451200e+01
   2.6910000000000002e+02   4.6199481964111300e+01
   2.7080000000000001e+02   1.2751457214355501e+01
   2.7110000000000002e+02   1.4389205932617200e+01
   2.7200000000000000e+02   1.4428036689758301e+01
   2.7210000000000002e+02   4.3051143646240199e+01
   2.7400000000000000e+02   8.0383422851562500e+01
   2.7419999999999999e+02   4.4102321624755902e+01
   2.7489999999999998e+02   1.7071899414062500e+01
   2.7510000000000002e+02   4.8924041748046898e+02
   2.7530000000000001e+02   2.7947296142578100e+01
   2.7600000000000000e+02   2.4046281814575199e+01
   2.7610000000000002e+02   6.1022899627685497e+01
   2.8489999999999998e+02   2.3320569992065401e+01
   2.8500000000000000e+02   4.3710781097412102e+01
   2.9110000000000002e+02   3.2169441223144503e+01
   2.9119999999999999e+02   2.9019702911376999e+01
   3.0319999999999999e+02   6.3454311523437500e+03
   3.0410000000000002e+02   1.1657785644531300e+03
   3.0419999999999999e+02   2.0609494018554699e+02
   3.0510000000000002e+02   1.4968881225585901e+02
   3.0530000000000001e+02   1.1218187332153301e+01
   3.1700000000000000e+02   3.6385047912597699e+01
   3.1710000000000002e+02   2.3247714233398401e+02
   3.1730000000000001e+02   1.4765637207031301e+02
   3.1810000000000002e+02   6.3919979095458999e+01
   3.1910000000000002e+02   1.2165430908203100e+03
   3.2010000000000002e+02   1.2733257293701200e+02
   3.2019999999999999e+02   1.2825546264648401e+02
   3.4519999999999999e+02   4.1440105438232401e+01
   3.4539999999999998e+02   1.3999650001525900e+01
   3.4730000000000001e+02   1.6064025878906300e+01
   3.7600000000000000e+02   1.4674970626831101e+01
   3.7630000000000001e+02   1.9255304336547901e+01
   3.7710000000000002e+02   1.2515205383300801e+01
   3.7739999999999998e+02   1.1210784912109400e+01
