   4.0100000000000001e+01   1.3639598846435501e+01
   4.0899999999999999e+01   3.6746532440185497e+01
   4.1100000000000001e+01   1.8914859771728501e+01
   4.1799999999999997e+01   3.5530767440795898e+00
   4.1899999999999999e+01   2.4608949661254901e+01
   4.2000000000000000e+01   2.4520099639892599e+01
   4.3899999999999999e+01   3.5644531250000000e-02
   4.4000000000000000e+01   8.2505409240722699e+01
   4.4899999999999999e+01   1.0142704010009799e+01
   4.5000000000000000e+01   1.3936768531799300e+01
   4.9799999999999997e+01   2.6451961994171098e+00
   4.9899999999999999e+01   2.8724813461303700e+01
   5.0100000000000001e+01   5.1658682823181197e+00
   5.0799999999999997e+01   1.0765272140502899e+01
   5.0899999999999999e+01   7.4959228515625000e+01
   5.1000000000000000e+01   6.5751548767089801e+01
   5.1899999999999999e+01   5.7078771591186497e+00
   5.2000000000000000e+01   2.4509263038635298e+00
   5.2100000000000001e+01   6.1869468688964799e+00
   5.2799999999999997e+01   5.4442992210388201e+00
   5.3000000000000000e+01   2.8291736602783200e+01
   5.3899999999999999e+01   1.8193498611450199e+01
   5.4100000000000001e+01   5.0546941757202104e+00
   5.4899999999999999e+01   4.5884704589843800e+01
   5.5000000000000000e+01   9.0173713684082003e+01
   5.5200000000000003e+01   3.0589569091796900e+01
   5.5899999999999999e+01   5.4404454231262198e+00
   5.6000000000000000e+01   1.8083745956420898e+01
   5.6200000000000003e+01   3.0195116996765101e+00
   5.6799999999999997e+01   1.0806584358215300e+01
   5.6899999999999999e+01   1.6330722045898401e+02
   5.7000000000000000e+01   2.9769692993164102e+02
   5.7100000000000001e+01   1.0424031829834000e+02
   5.7899999999999999e+01   7.4980945587158203e+00
   5.8100000000000001e+01   2.9499974250793501e+00
   5.8799999999999997e+01   4.6858657836914098e+01
   5.9100000000000001e+01   2.8983526229858398e+01
   6.1799999999999997e+01   2.4937517642974898e+00
   6.2799999999999997e+01   3.4389359951019300e+00
   6.2899999999999999e+01   1.9732973098754901e+01
   6.3100000000000001e+01   2.9256278991699201e+01
   6.3799999999999997e+01   2.6549341678619398e+00
   6.4000000000000000e+01   3.3363451957702601e+00
   6.4900000000000006e+01   9.4714706420898395e+01
   6.5000000000000000e+01   1.5961941528320301e+02
   6.5200000000000003e+01   3.2466397285461399e+00
   6.5799999999999997e+01   7.3020563125610396e+00
   6.6000000000000000e+01   2.2161764144897500e+01
   6.6000000000000000e+01   2.5446680068969702e+01
   6.6900000000000006e+01   1.5317765235900900e+01
   6.7099999999999994e+01   5.6646475791931197e+00
   6.7200000000000003e+01   3.0506961345672599e+00
   6.7900000000000006e+01   7.2229051589965803e+00
   6.8099999999999994e+01   1.1557996749877899e+01
   6.8799999999999997e+01   1.8655193328857401e+01
   6.9000000000000000e+01   2.9594764709472699e+01
   6.9900000000000006e+01   2.9570581912994398e+00
   7.0900000000000006e+01   1.9273948669433601e+01
   7.1000000000000000e+01   1.2189400672912599e+01
   7.2799999999999997e+01   1.1437124252319300e+01
   7.3000000000000000e+01   6.8895292282104501e+00
   7.3099999999999994e+01   8.7385778427124006e+00
   7.3900000000000006e+01   5.3178167343139604e+00
   7.4099999999999994e+01   7.2794666290283203e+00
   7.4799999999999997e+01   5.4384007453918501e+00
   7.6000000000000000e+01   5.9679870605468803e+00
   7.6900000000000006e+01   2.1699632263183599e+02
   7.7000000000000000e+01   3.8120983886718801e+02
   7.7900000000000006e+01   4.0338897705078097e+01
   7.8000000000000000e+01   1.0151519775390599e+02
   7.8099999999999994e+01   3.5477924346923800e+01
   7.8700000000000003e+01   2.6470851898193399e+00
   7.8900000000000006e+01   2.4772472381591800e+01
   7.9000000000000000e+01   4.8531154632568402e+01
   7.9900000000000006e+01   5.0435596466064503e+01
   8.0000000000000000e+01   4.0255115509033203e+01
   8.0099999999999994e+01   2.1925428390502901e+01
   8.0799999999999997e+01   2.2097000122070298e+01
   8.1000000000000000e+01   4.7081924438476598e+01
   8.1099999999999994e+01   1.7325124740600600e+01
   8.1799999999999997e+01   1.3474317550659199e+01
   8.1900000000000006e+01   5.7954914093017599e+01
   8.2000000000000000e+01   8.0998397827148395e+01
   8.2200000000000003e+01   8.1003751754760707e+00
   8.2900000000000006e+01   2.2807868957519499e+01
   8.3000000000000000e+01   2.0599731445312500e+01
   8.3900000000000006e+01   5.6611704826354998e+00
   8.4000000000000000e+01   1.5313288688659700e+01
   8.4200000000000003e+01   4.5997262001037598e+00
   8.4900000000000006e+01   4.1877708435058603e+00
   9.0799999999999997e+01   2.4203435897827099e+01
   9.1000000000000000e+01   1.1324240112304700e+02
   9.1099999999999994e+01   7.4912330627441406e+01
   9.1900000000000006e+01   2.8176170349121101e+01
   9.2000000000000000e+01   2.1677064895629901e+01
   9.2099999999999994e+01   2.6879503250122099e+01
   9.2900000000000006e+01   3.2212188720703097e+01
   9.2900000000000006e+01   2.1767611694335901e+02
   9.3000000000000000e+01   2.8242687988281301e+02
   9.3700000000000003e+01   4.3236031532287598e+00
   9.3799999999999997e+01   1.4352123260498001e+01
   9.4000000000000000e+01   5.6910648345947301e+01
   9.4099999999999994e+01   2.2722719192504901e+01
   9.5099999999999994e+01   3.4755587577819802e+00
   9.5799999999999997e+01   8.8778772354125994e+00
   9.6000000000000000e+01   1.6263147354126001e+01
   9.6099999999999994e+01   2.5740243911743200e+01
   9.6799999999999997e+01   1.0281991958618200e+01
   9.6900000000000006e+01   2.6122042846679699e+02
   9.7000000000000000e+01   1.3218205261230500e+02
   9.7200000000000003e+01   3.3139023780822798e+00
   9.8000000000000000e+01   9.1208496093750000e+00
   1.0190000000000001e+02   2.7693626880645801e+00
   1.0290000000000001e+02   3.4900764465332003e+01
   1.0300000000000000e+02   1.9931783676147500e+01
   1.0370000000000000e+02   6.1877346038818404e+00
   1.0390000000000001e+02   1.1825015258789099e+02
   1.0400000000000000e+02   1.5558560180664099e+02
   1.0409999999999999e+02   1.3601455688476600e+00
   1.0480000000000000e+02   2.5761985778808598e+00
   1.0490000000000001e+02   3.3376308441162102e+01
   1.0509999999999999e+02   2.5331701278686499e+01
   1.0580000000000000e+02   3.2721226215362500e+00
   1.0600000000000000e+02   2.6660114288330099e+01
   1.0609999999999999e+02   2.5080997467041001e+01
   1.0709999999999999e+02   2.4172160625457799e+00
   1.0790000000000001e+02   5.7216796875000000e+00
   1.0800000000000000e+02   3.8678642272949197e+01
   1.0870000000000000e+02   8.3931207656860405e+00
   1.0890000000000001e+02   1.7782949447631800e+01
   1.0900000000000000e+02   2.4551243591308599e+02
   1.0909999999999999e+02   4.7828258514404297e+01
   1.0990000000000001e+02   1.7336245727539099e+02
   1.1000000000000000e+02   4.2900421142578102e+02
   1.1009999999999999e+02   1.1530932426452599e+01
   1.1090000000000001e+02   5.8159172058105497e+01
   1.1100000000000000e+02   7.1268356323242202e+01
   1.1109999999999999e+02   1.1155622482299799e+01
   1.1190000000000001e+02   3.6832563877105700e+00
   1.1200000000000000e+02   4.9666104316711399e+00
   1.1500000000000000e+02   2.2209960937500000e+01
   1.1690000000000001e+02   6.1764221191406300e+01
   1.1700000000000000e+02   1.0615790557861300e+02
   1.1780000000000000e+02   1.4593297004699700e+01
   1.1790000000000001e+02   9.0797554016113295e+01
   1.1800000000000000e+02   1.1241526031494099e+02
   1.1809999999999999e+02   3.8028282165527301e+01
   1.1880000000000000e+02   5.3746905326843297e+00
   1.1890000000000001e+02   4.8921878814697301e+01
   1.1900000000000000e+02   8.0736793518066406e+01
   1.1909999999999999e+02   3.2610538482666001e+01
   1.1990000000000001e+02   1.6420515060424801e+01
   1.2000000000000000e+02   2.1192331314086900e+01
   1.2190000000000001e+02   2.8113555908203098e+00
   1.2209999999999999e+02   2.4700057506561302e+00
   1.2280000000000000e+02   3.9765441894531300e+01
   1.2300000000000000e+02   9.4000457763671903e+01
   1.2309999999999999e+02   1.0160584449768100e+01
   1.2470000000000000e+02   2.5536603927612300e+00
   1.2480000000000000e+02   2.4625542163848899e+00
   1.2500000000000000e+02   2.6402041912078902e+00
   1.2980000000000001e+02   9.8446674346923793e+00
   1.2990000000000001e+02   1.2678416442871099e+02
   1.3009999999999999e+02   1.4816206359863301e+02
   1.3080000000000001e+02   2.7817349433898899e+00
   1.3090000000000001e+02   2.7161775588989300e+01
   1.3100000000000000e+02   2.1571327209472699e+01
   1.3109999999999999e+02   2.4357583999633800e+01
   1.3180000000000001e+02   1.5125343322753899e+01
   1.3190000000000001e+02   7.1827224731445298e+01
   1.3200000000000000e+02   1.5952557373046901e+02
   1.3209999999999999e+02   4.6726615905761697e+01
   1.3300000000000000e+02   1.0995301246643100e+01
   1.3309999999999999e+02   8.6626129150390607e+00
   1.3380000000000001e+02   2.5203704833984402e+00
   1.3409999999999999e+02   2.4953281879425000e+00
   1.3469999999999999e+02   3.3939363956451398e+00
   1.3480000000000001e+02   1.0493670463561999e+01
   1.3490000000000001e+02   2.5137067794799801e+01
   1.3590000000000001e+02   1.2599375152587901e+02
   1.3600000000000000e+02   2.6879287719726602e+02
   1.3609999999999999e+02   7.5910552978515597e+01
   1.3650000000000000e+02   7.1625981330871600e+00
   1.3690000000000001e+02   3.8272018432617202e+01
   1.3700000000000000e+02   1.1448178100585901e+02
   1.3769999999999999e+02   2.9915721416473402e+00
   1.3790000000000001e+02   3.9065166473388700e+01
   1.3800000000000000e+02   4.0827362060546903e+01
   1.3809999999999999e+02   1.1132584571838400e+01
   1.3890000000000001e+02   2.6931471824646001e+00
   1.4090000000000001e+02   2.5755321979522701e+00
   1.4290000000000001e+02   2.9585859775543200e+00
   1.4390000000000001e+02   2.4958274364471400e+00
   1.4400000000000000e+02   6.2622380256652797e+00
   1.4419999999999999e+02   3.1969630718231201e+00
   1.4590000000000001e+02   5.1724567413330096e+00
   1.4609999999999999e+02   2.6961595535278299e+01
   1.4709999999999999e+02   8.4295406341552699e+00
   1.4800000000000000e+02   3.0263981819152801e+00
   1.4809999999999999e+02   2.7245700359344500e+00
   1.4890000000000001e+02   7.8288302421569798e+00
   1.4900000000000000e+02   3.5400165557861300e+01
   1.4909999999999999e+02   2.7597047805786101e+01
   1.4990000000000001e+02   1.3857944488525400e+01
   1.5000000000000000e+02   3.5883949279785199e+01
   1.5009999999999999e+02   9.7776870727539098e+00
   1.5100000000000000e+02   3.3887023925781299e+00
   1.5480000000000001e+02   1.9856837987899800e+00
   1.5490000000000001e+02   1.2364194869995099e+01
   1.5500000000000000e+02   7.3782753944396999e+00
   1.5600000000000000e+02   2.4699155807495099e+01
   1.5609999999999999e+02   3.0072546005249001e+00
   1.5690000000000001e+02   1.4522709846496600e+01
   1.5700000000000000e+02   1.9081743240356399e+01
   1.5719999999999999e+02   2.6011674404144300e+00
   1.5790000000000001e+02   2.7400848388671900e+01
   1.5800000000000000e+02   5.9269283294677699e+01
   1.5809999999999999e+02   6.0703784942627003e+01
   1.5819999999999999e+02   5.6805534362793004e+00
   1.5890000000000001e+02   6.2886856079101598e+01
   1.5900000000000000e+02   2.8949831008911101e+01
   1.5919999999999999e+02   2.2904312610626198e+00
   1.6000000000000000e+02   2.5707397460937500e+00
   1.6009999999999999e+02   6.5118107795715297e+00
   1.6090000000000001e+02   5.3330674171447798e+00
   1.6190000000000001e+02   1.7567193984985401e+01
   1.6200000000000000e+02   1.8625886917114300e+01
   1.6269999999999999e+02   2.9884474277496298e+00
   1.6290000000000001e+02   1.9639139175415000e+01
   1.6300000000000000e+02   1.8003993988037099e+01
   1.6309999999999999e+02   6.7123217582702601e+00
   1.6380000000000001e+02   5.8287763595581099e+00
   1.6390000000000001e+02   1.0853628540039099e+02
   1.6400000000000000e+02   1.0935912322998000e+02
   1.6419999999999999e+02   1.8465402603149400e+01
   1.6500000000000000e+02   1.3427051544189499e+01
   1.7300000000000000e+02   2.7410836219787602e+00
   1.7590000000000001e+02   2.6664910316467298e+00
   1.7609999999999999e+02   6.2356510162353498e+00
   1.8700000000000000e+02   2.6024708747863801e+00
   1.8790000000000001e+02   7.9369277954101598e+00
   1.8800000000000000e+02   2.1550863265991200e+01
   1.8809999999999999e+02   1.7094413757324201e+01
   1.8880000000000001e+02   3.6417636871337900e+00
   1.8909999999999999e+02   8.4371089935302699e+00
   1.8919999999999999e+02   3.1227297782897900e+00
   1.8969999999999999e+02   2.8181476593017600e+00
   1.8990000000000001e+02   6.4148918151855497e+01
   1.9000000000000000e+02   1.8095182800293000e+02
   1.9009999999999999e+02   2.1378930664062500e+02
   1.9019999999999999e+02   2.4781589508056602e+01
   1.9090000000000001e+02   4.8129360198974602e+01
   1.9090000000000001e+02   1.3483778381347699e+02
   1.9109999999999999e+02   1.8732551574707000e+02
   1.9109999999999999e+02   1.3853722572326699e+01
   1.9190000000000001e+02   1.9219394683837901e+01
   1.9200000000000000e+02   5.4053642272949197e+01
   1.9219999999999999e+02   5.0964469909668004e+00
   1.9280000000000001e+02   2.6590106487274201e+00
   1.9290000000000001e+02   8.9960260391235405e+00
   1.9309999999999999e+02   4.9376864433288601e+00
   2.0680000000000001e+02   1.2437489032745399e+00
   2.0690000000000001e+02   7.3024797439575195e-01
   2.1080000000000001e+02   1.8207974433898899e+00
   2.1090000000000001e+02   1.9339313507080099e+01
   2.1100000000000000e+02   1.1057657241821300e+01
   2.1200000000000000e+02   3.4867141246795699e+00
   2.1490000000000001e+02   3.0781845092773398e+01
   2.1500000000000000e+02   5.5497665405273402e+00
   2.1590000000000001e+02   8.2848510742187500e+00
   2.1600000000000000e+02   6.9245061874389604e+00
   2.1690000000000001e+02   5.8475050926208496e+00
   2.1880000000000001e+02   1.5278889656066900e+01
   2.1900000000000000e+02   8.6049051284790004e+00
   2.3280000000000001e+02   2.5923486709594702e+01
   2.3300000000000000e+02   5.1111621856689498e+00
   2.3380000000000001e+02   1.2331596612930300e+00
   2.3669999999999999e+02   1.9664676189422601e+00
   2.3690000000000001e+02   4.5435661315917997e+01
   2.3700000000000000e+02   1.7198434829711900e+01
   2.8310000000000002e+02   3.1711721420288099e+00
   2.9280000000000001e+02   3.3769297599792498e+00
   2.9289999999999998e+02   4.4053573608398402e+00
   2.9310000000000002e+02   2.5048663616180402e+00
   3.3980000000000001e+02   4.6430759429931596e+00
   3.4010000000000002e+02   1.1811735839843800e+03
   3.4019999999999999e+02   2.6944760131835898e+02
   3.4030000000000001e+02   5.3502736091613796e+00
   3.4089999999999998e+02   1.1033223152160600e+01
   3.4100000000000000e+02   1.0907978820800800e+02
   3.4110000000000002e+02   1.5190861511230500e+02
   3.4119999999999999e+02   8.3551849365234403e+01
   3.4210000000000002e+02   3.3364753723144503e+01
   3.4219999999999999e+02   2.7480463027954102e+01
   3.4230000000000001e+02   2.6686439514160201e+00
