   4.0000000000000000e+01   9.7990303039550795e+01
   4.1100000000000001e+01   2.6892531738281300e+03
   4.2100000000000001e+01   1.0089851562500000e+04
   4.3100000000000001e+01   1.2245689453125000e+04
   4.4000000000000000e+01   5.0977651367187500e+03
   4.4899999999999999e+01   1.2974684143066401e+02
   4.5100000000000001e+01   3.7851341247558601e+01
   5.0000000000000000e+01   2.9196237182617199e+02
   5.0100000000000001e+01   2.0154261779785199e+02
   5.1000000000000000e+01   1.5875166015625000e+03
   5.1899999999999999e+01   2.1007745361328099e+02
   5.2000000000000000e+01   3.0694232177734398e+02
   5.3000000000000000e+01   5.6189355468750000e+02
   5.3100000000000001e+01   2.8791036987304699e+02
   5.4000000000000000e+01   9.0982531738281295e+02
   5.4899999999999999e+01   2.4186456680297901e+01
   5.5000000000000000e+01   1.5256286621093800e+03
   5.6000000000000000e+01   1.4568496093750000e+03
   5.6899999999999999e+01   1.5827701568603500e+01
   5.7000000000000000e+01   9.1563336181640602e+02
   5.7799999999999997e+01   1.0855035781860400e+01
   5.8000000000000000e+01   3.5313179016113303e+01
   5.8100000000000001e+01   4.6076488494872997e+01
   5.8799999999999997e+01   2.0323478698730501e+01
   5.8899999999999999e+01   5.0643642425537102e+01
   5.9200000000000003e+01   2.4926620483398398e+01
   6.1000000000000000e+01   2.1240890502929702e+01
   6.1899999999999999e+01   7.5177604675292997e+01
   6.2000000000000000e+01   1.1001536560058599e+02
   6.2899999999999999e+01   2.7312023925781301e+02
   6.3000000000000000e+01   5.3099035644531295e+02
   6.3100000000000001e+01   6.0623275756835902e+01
   6.3899999999999999e+01   1.9688641357421901e+02
   6.4000000000000000e+01   3.1168264770507801e+02
   6.5000000000000000e+01   5.5590875244140602e+02
   6.5000000000000000e+01   2.2021052246093800e+03
   6.5799999999999997e+01   1.3812012672424300e+01
   6.6000000000000000e+01   6.8766894531250000e+02
   6.6099999999999994e+01   1.5977444458007801e+02
   6.6200000000000003e+01   1.2992270469665501e+01
   6.7000000000000000e+01   1.8081533203125000e+03
   6.7200000000000003e+01   9.4262329101562500e+01
   6.8000000000000000e+01   1.9912098388671900e+03
   6.9000000000000000e+01   8.5536474609375000e+02
   6.9099999999999994e+01   8.6183630371093795e+02
   7.0099999999999994e+01   2.4476354980468800e+03
   7.1000000000000000e+01   1.4679249572753901e+02
   7.1099999999999994e+01   6.6627868652343807e+01
   7.2000000000000000e+01   1.6950929641723601e+01
   7.2099999999999994e+01   2.5704223632812500e+01
   7.2799999999999997e+01   1.9373596191406300e+01
   7.3000000000000000e+01   3.0037088394165000e+01
   7.3099999999999994e+01   2.2871444702148398e+01
   7.3900000000000006e+01   1.0210875511169400e+01
   7.4000000000000000e+01   7.2000877380371094e+01
   7.4099999999999994e+01   7.5743911743164105e+01
   7.4900000000000006e+01   1.0216442108154300e+02
   7.5000000000000000e+01   1.2162670898437500e+02
   7.5099999999999994e+01   3.8414836883544901e+01
   7.6000000000000000e+01   2.7973410034179699e+02
   7.6099999999999994e+01   2.9245108032226602e+02
   7.6299999999999997e+01   1.9384147644043001e+01
   7.7000000000000000e+01   1.2647369140625000e+04
   7.8000000000000000e+01   3.0355756835937500e+03
   7.9000000000000000e+01   4.0498203125000000e+03
   8.0000000000000000e+01   4.6719927978515602e+02
   8.0099999999999994e+01   4.3641049194335898e+02
   8.0900000000000006e+01   1.1006444549560500e+02
   8.1000000000000000e+01   3.1950677490234398e+02
   8.1099999999999994e+01   1.4762213706970201e+01
   8.2000000000000000e+01   1.1104517822265600e+03
   8.2099999999999994e+01   7.1531402587890602e+02
   8.2900000000000006e+01   1.1173171234130901e+02
   8.3000000000000000e+01   2.7287167358398398e+02
   8.3200000000000003e+01   1.9766515731811499e+01
   8.3900000000000006e+01   4.0117816925048800e+01
   8.4000000000000000e+01   4.2844894409179699e+02
   8.4099999999999994e+01   5.1142150878906300e+01
   8.4900000000000006e+01   1.0436287879943800e+01
   8.5000000000000000e+01   1.1013535499572800e+01
   8.5200000000000003e+01   1.2873778343200700e+01
   8.5900000000000006e+01   2.5561483383178700e+01
   8.6099999999999994e+01   9.3167324066162092e+00
   8.7099999999999994e+01   1.7972251892089801e+01
   8.8900000000000006e+01   2.0344462585449199e+02
   8.9000000000000000e+01   5.5946405029296898e+02
   8.9799999999999997e+01   2.3572252273559599e+01
   9.0000000000000000e+01   2.6032849121093801e+02
   9.0099999999999994e+01   1.5560681152343801e+02
   9.0299999999999997e+01   1.8359951019287099e+01
   9.1000000000000000e+01   7.7463144531250000e+03
   9.1900000000000006e+01   1.2803002929687500e+02
   9.2000000000000000e+01   1.2374519042968800e+03
   9.3000000000000000e+01   4.3303090820312500e+03
   9.3900000000000006e+01   3.1360894775390602e+02
   9.4000000000000000e+01   2.2185322265625000e+03
   9.4900000000000006e+01   6.2052547454833999e+01
   9.5000000000000000e+01   1.4138973388671900e+03
   9.5299999999999997e+01   3.2339447021484403e+01
   9.6099999999999994e+01   7.2400371093750000e+03
   9.6799999999999997e+01   1.6941556930541999e+01
   9.7000000000000000e+01   1.0868100585937500e+03
   9.8099999999999994e+01   7.2033197021484398e+02
   9.9000000000000000e+01   3.3670936584472699e+01
   1.0080000000000000e+02   2.2982641220092798e+01
   1.0100000000000000e+02   3.2020530700683601e+01
   1.0109999999999999e+02   1.7128826141357401e+01
   1.0180000000000000e+02   4.5986518859863303e+01
   1.0200000000000000e+02   2.7825112915039102e+02
   1.0209999999999999e+02   3.4109594726562500e+02
   1.0300000000000000e+02   4.8008120117187500e+03
   1.0400000000000000e+02   6.3669423828125000e+03
   1.0509999999999999e+02   1.7626607421875000e+04
   1.0609999999999999e+02   3.5219536132812500e+03
   1.0700000000000000e+02   2.7242382812500000e+02
   1.0709999999999999e+02   1.5001614379882801e+02
   1.0790000000000001e+02   4.9172233581542997e+01
   1.0809999999999999e+02   8.5007095336914105e+01
   1.0820000000000000e+02   1.7051925659179702e+01
   1.0900000000000000e+02   5.7341243743896499e+01
   1.1000000000000000e+02   3.0073715209960898e+01
   1.1020000000000000e+02   1.4397209167480501e+01
   1.1200000000000000e+02   1.2157768249511699e+01
   1.1400000000000000e+02   1.1974740982055700e+01
   1.1409999999999999e+02   1.1033496856689499e+01
   1.1490000000000001e+02   2.8544488525390602e+02
   1.1500000000000000e+02   2.1743596191406300e+03
   1.1600000000000000e+02   4.7871719360351602e+02
   1.1609999999999999e+02   3.5058813476562500e+02
   1.1709999999999999e+02   6.3016972656250000e+03
   1.1800000000000000e+02   8.2947265625000000e+03
   1.1809999999999999e+02   4.8212701416015602e+02
   1.1900000000000000e+02   8.4695468750000000e+03
   1.1990000000000001e+02   7.6870445251464801e+01
   1.2000000000000000e+02   1.2098460693359400e+03
   1.2009999999999999e+02   2.7869573593139599e+01
   1.2090000000000001e+02   4.6074821472167997e+01
   1.2109999999999999e+02   1.4599653244018601e+01
   1.2690000000000001e+02   5.5397804260253899e+01
   1.2700000000000000e+02   2.6387895584106399e+01
   1.2790000000000001e+02   7.3404876708984403e+01
   1.2800000000000000e+02   2.6925094604492199e+02
   1.2890000000000001e+02   2.8361190795898398e+01
   1.2900000000000000e+02   1.2239003753662099e+02
   1.2909999999999999e+02   2.3069572448730500e+02
   1.3000000000000000e+02   5.0499667968750000e+03
   1.3100000000000000e+02   7.8019248962402301e+01
   1.3100000000000000e+02   2.9918400878906300e+03
   1.3209999999999999e+02   7.0280522460937500e+03
   1.3290000000000001e+02   5.8516521453857401e+01
   1.3300000000000000e+02   1.0933371582031300e+03
   1.3319999999999999e+02   1.1623315811157200e+01
   1.3390000000000001e+02   5.2713680267333999e+01
   1.3409999999999999e+02   6.5698463439941406e+01
   1.3419999999999999e+02   1.5438838958740201e+01
   1.3500000000000000e+02   3.5323687744140602e+02
   1.3509999999999999e+02   1.7045401000976599e+02
   1.3600000000000000e+02   3.4463351440429699e+02
   1.3609999999999999e+02   7.3796447753906307e+01
   1.3700000000000000e+02   3.8246868896484398e+02
   1.3780000000000001e+02   1.3970849990844700e+01
   1.3900000000000000e+02   2.3571220397949199e+02
   1.3909999999999999e+02   4.7974636077880902e+01
   1.4009999999999999e+02   9.0243415832519496e+00
   1.4090000000000001e+02   5.4801910400390597e+01
   1.4109999999999999e+02   1.1735570907592800e+01
   1.4180000000000001e+02   1.2754405975341800e+01
   1.4200000000000000e+02   7.4905776977539105e+01
   1.4280000000000001e+02   3.4984355926513700e+01
   1.4300000000000000e+02   2.9802029418945301e+02
   1.4309999999999999e+02   1.8229153442382801e+02
   1.4400000000000000e+02   1.2342968750000000e+02
   1.4409999999999999e+02   1.7699013671875000e+03
   1.4509999999999999e+02   3.1219284057617199e+02
   1.4509999999999999e+02   8.3660424804687500e+02
   1.4609999999999999e+02   2.9527689453125000e+04
   1.4700000000000000e+02   4.2544250488281300e+01
   1.4709999999999999e+02   3.4423610839843800e+03
   1.4800000000000000e+02   2.0918713378906301e+02
   1.4809999999999999e+02   3.8463497924804699e+02
   1.4819999999999999e+02   1.2369586944580099e+01
   1.5480000000000001e+02   3.5797279357910199e+01
   1.5500000000000000e+02   2.3391260147094702e+01
   1.5580000000000001e+02   1.7008724212646499e+01
   1.5590000000000001e+02   1.8464289855957000e+02
   1.5609999999999999e+02   9.3134880065917997e+01
   1.5690000000000001e+02   4.9566844940185497e+01
   1.5700000000000000e+02   1.6544558715820301e+02
   1.5709999999999999e+02   4.9314140319824197e+01
   1.5809999999999999e+02   4.0356140136718800e+03
   1.5819999999999999e+02   1.0925984191894500e+02
   1.5909999999999999e+02   1.2533170166015600e+03
   1.6000000000000000e+02   5.3524456787109398e+02
   1.6009999999999999e+02   1.0301110076904300e+02
   1.6090000000000001e+02   3.0075120925903299e+01
   1.6100000000000000e+02   6.1364795684814503e+01
   1.6190000000000001e+02   3.7177719116210902e+01
   1.6300000000000000e+02   1.0934446334838899e+01
   1.6490000000000001e+02   1.0873695373535201e+01
   1.6700000000000000e+02   2.7180820465087901e+01
   1.6900000000000000e+02   9.6318597793579102e+00
   1.6990000000000001e+02   8.4683792114257798e+01
   1.7009999999999999e+02   2.5089452743530298e+01
   1.7100000000000000e+02   6.2337913513183601e+01
   1.7109999999999999e+02   3.9256271362304702e+01
   1.7190000000000001e+02   1.2243792724609401e+02
   1.7209999999999999e+02   1.3061135864257801e+02
   1.7219999999999999e+02   6.9974380493164105e+01
   1.7290000000000001e+02   5.4646507263183601e+01
   1.7300000000000000e+02   1.8084942626953099e+02
   1.7319999999999999e+02   4.1824836730957003e+01
   1.7400000000000000e+02   1.3193721008300801e+02
   1.7409999999999999e+02   4.9915560913085898e+02
   1.7480000000000001e+02   1.1980285644531300e+01
   1.7500000000000000e+02   3.1642736434936499e+01
   1.7519999999999999e+02   1.4942815780639600e+01
   1.8290000000000001e+02   1.2851933479309100e+01
   1.8390000000000001e+02   1.7963062286376999e+01
   1.8409999999999999e+02   4.4153022766113303e+01
   1.8500000000000000e+02   1.8561176300048800e+01
   1.8519999999999999e+02   5.0254467010497997e+01
   1.8600000000000000e+02   1.2385844421386700e+02
   1.8680000000000001e+02   9.7984561920165998e+00
   1.8709999999999999e+02   9.9026043701171898e+02
   1.8809999999999999e+02   1.9895144531250000e+04
   1.8909999999999999e+02   9.5197480468750000e+03
   1.9000000000000000e+02   3.0937202453613299e+01
   1.9009999999999999e+02   1.0903542480468800e+03
   1.9100000000000000e+02   2.0597135543823200e+01
   1.9109999999999999e+02   4.4557014465332003e+01
   1.9590000000000001e+02   1.0056142807006800e+01
   1.9790000000000001e+02   1.0125714111328099e+02
   1.9809999999999999e+02   4.7851486206054699e+02
   1.9819999999999999e+02   3.1440698623657202e+01
   1.9840000000000001e+02   1.6095699310302699e+01
   1.9880000000000001e+02   1.1761922836303700e+01
   1.9900000000000000e+02   6.9391738891601605e+01
   1.9909999999999999e+02   1.9692326354980500e+02
   1.9919999999999999e+02   4.5142852783203097e+01
   2.0009999999999999e+02   1.0298369140625000e+03
   2.0100000000000000e+02   1.6711494445800801e+02
   2.0109999999999999e+02   3.3502575683593801e+02
   2.0209999999999999e+02   2.9711846923828102e+02
   2.0209999999999999e+02   4.1745172119140602e+02
   2.0230000000000001e+02   1.4768250465393100e+01
   2.0290000000000001e+02   3.0015487670898398e+01
   2.0300000000000000e+02   6.1949592590332003e+01
   2.0690000000000001e+02   9.7108278274536097e+00
   2.1090000000000001e+02   3.2533885955810497e+01
   2.1090000000000001e+02   4.9589874267578097e+01
   2.1300000000000000e+02   5.7594684600830099e+01
   2.1500000000000000e+02   2.4853659057617199e+02
   2.1869999999999999e+02   1.2842882156372101e+01
   2.1890000000000001e+02   3.5461944580078097e+01
   2.2840000000000001e+02   9.0781049728393608e+00
   2.2859999999999999e+02   1.1616553306579601e+01
   2.2890000000000001e+02   2.2508419036865199e+01
   2.2909999999999999e+02   8.2488601684570298e+01
   2.2919999999999999e+02   4.6500804901122997e+01
   2.2940000000000001e+02   1.3406942367553700e+01
   2.2969999999999999e+02   3.5471031188964801e+01
   2.2980000000000001e+02   1.3016801834106399e+01
   2.3000000000000000e+02   5.3184719085693402e+01
   2.3019999999999999e+02   3.2696514892578102e+02
   2.3109999999999999e+02   5.9619597656250000e+04
   2.3209999999999999e+02   9.3162070312500000e+03
   2.3300000000000000e+02   2.2391354370117199e+02
   2.3309999999999999e+02   8.5322052001953102e+02
   2.3390000000000001e+02   9.5775489807128906e+00
   2.3419999999999999e+02   4.3511829376220703e+01
   2.3680000000000001e+02   1.2141158103942900e+01
   2.3700000000000000e+02   5.4137115478515597e+01
   2.7110000000000002e+02   1.0768403625488300e+02
   2.9269999999999999e+02   9.1486635208129901e+00
   2.9319999999999999e+02   5.5704360961914098e+01
   2.9339999999999998e+02   1.2648844718933100e+01
   3.3400000000000000e+02   1.1853495597839400e+01
   3.3410000000000002e+02   2.6906997680664102e+01
   3.3430000000000001e+02   6.4243133544921903e+01
   3.3710000000000002e+02   1.1033483505249000e+01
