   4.0100000000000001e+01   3.2654196166992199e+02
   4.1100000000000001e+01   5.2034765625000000e+03
   4.2100000000000001e+01   2.5465033203125000e+04
   4.3100000000000001e+01   2.5819409179687500e+03
   4.4100000000000001e+01   2.6573146484375000e+04
   4.5000000000000000e+01   7.3014117431640602e+02
   5.0000000000000000e+01   1.1805140380859400e+03
   5.1000000000000000e+01   5.1834233398437500e+03
   5.2000000000000000e+01   1.5605751953125000e+03
   5.2899999999999999e+01   2.9840337753295898e+01
   5.3000000000000000e+01   1.4663999023437500e+03
   5.3100000000000001e+01   5.0878639221191399e+01
   5.3899999999999999e+01   5.9586292266845703e+01
   5.4000000000000000e+01   2.1057387695312500e+03
   5.5000000000000000e+01   2.8283908691406300e+03
   5.6000000000000000e+01   3.1478342285156300e+03
   5.6100000000000001e+01   4.3553198242187500e+02
   5.7000000000000000e+01   1.1940318603515600e+03
   5.7100000000000001e+01   1.4028226318359400e+03
   5.7899999999999999e+01   3.2088291168212898e+01
   5.8000000000000000e+01   3.0079666137695301e+02
   5.8100000000000001e+01   2.1095997619628901e+02
   5.8899999999999999e+01   7.8325279235839801e+01
   5.9100000000000001e+01   3.7322658538818402e+01
   6.1000000000000000e+01   7.3260887145996094e+01
   6.1799999999999997e+01   1.7341735839843800e+01
   6.1899999999999999e+01   1.1611524200439500e+02
   6.2000000000000000e+01   4.0096472167968801e+02
   6.3000000000000000e+01   2.7353945312500000e+03
   6.3899999999999999e+01   4.4959247589111300e+01
   6.4000000000000000e+01   1.2525698242187500e+03
   6.4099999999999994e+01   2.3266462707519500e+02
   6.5000000000000000e+01   1.5506369140625000e+04
   6.5900000000000006e+01   5.4709213256835902e+01
   6.6000000000000000e+01   2.9055158691406300e+03
   6.7000000000000000e+01   1.7145770263671900e+03
   6.8000000000000000e+01   3.4726159667968800e+03
   6.8200000000000003e+01   1.4011997985839801e+02
   6.9000000000000000e+01   1.7489088134765600e+03
   7.0099999999999994e+01   8.7599189453125000e+03
   7.1000000000000000e+01   6.1961773681640602e+02
   7.2000000000000000e+01   6.2973552703857401e+01
   7.2099999999999994e+01   7.4596778869628906e+01
   7.2900000000000006e+01   8.3446838378906307e+01
   7.3900000000000006e+01   1.9126324462890599e+02
   7.4000000000000000e+01   2.6783169555664102e+02
   7.4900000000000006e+01   2.0237028503418000e+02
   7.5000000000000000e+01   4.6523989868164102e+02
   7.5200000000000003e+01   1.9114740371704102e+01
   7.5900000000000006e+01   2.3719798278808599e+02
   7.6099999999999994e+01   1.1162395019531300e+03
   7.7000000000000000e+01   2.6805292968750000e+04
   7.7900000000000006e+01   2.7431285858154300e+01
   7.8000000000000000e+01   6.6429301757812500e+03
   7.9000000000000000e+01   8.8621103515625000e+03
   8.0000000000000000e+01   1.6779798583984400e+03
   8.0099999999999994e+01   1.2493061065673800e+02
   8.0799999999999997e+01   1.8283078002929699e+02
   8.1000000000000000e+01   5.0210208129882801e+02
   8.2000000000000000e+01   2.2198991699218800e+03
   8.2900000000000006e+01   4.5522380828857401e+01
   8.3099999999999994e+01   5.4354180908203102e+02
   8.4000000000000000e+01   8.1845361328125000e+02
   8.4900000000000006e+01   7.1536201477050795e+01
   8.5200000000000003e+01   2.6890108108520501e+01
   8.6000000000000000e+01   1.3863923072814901e+01
   8.6799999999999997e+01   4.8595996856689503e+01
   8.6900000000000006e+01   5.0666473388671903e+01
   8.7900000000000006e+01   1.8115167617797901e+01
   8.8000000000000000e+01   2.9442085266113299e+01
   8.8299999999999997e+01   2.9981424331665000e+01
   8.9000000000000000e+01   3.0373515625000000e+03
   8.9799999999999997e+01   5.0799663543701200e+01
   9.0000000000000000e+01   9.4442565917968807e+01
   9.0099999999999994e+01   2.1932714843750000e+03
   9.1000000000000000e+01   4.6907082031250000e+04
   9.2000000000000000e+01   7.1513647460937500e+03
   9.3000000000000000e+01   4.1193203125000000e+03
   9.4200000000000003e+01   5.8563430786132798e+01
   9.4400000000000006e+01   2.6342071533203102e+02
   9.4500000000000000e+01   4.8885170898437500e+03
   9.4700000000000003e+01   6.8720222473144503e+01
   9.6099999999999994e+01   1.8684880859375000e+04
   9.7099999999999994e+01   2.5655957031250000e+03
   9.7799999999999997e+01   2.2078763961791999e+01
   9.8000000000000000e+01   3.7812716674804699e+02
   9.8099999999999994e+01   1.9079195022583001e+01
   1.0090000000000001e+02   1.0871630096435500e+02
   1.0100000000000000e+02   2.2743774414062500e+01
   1.0120000000000000e+02   1.9396657943725600e+01
   1.0130000000000000e+02   1.4986743927001999e+01
   1.0200000000000000e+02   5.4396118164062500e+02
   1.0209999999999999e+02   6.6067950439453102e+02
   1.0300000000000000e+02   8.4818183593750000e+03
   1.0400000000000000e+02   1.1231143554687500e+04
   1.0509999999999999e+02   2.2386937500000000e+04
   1.0609999999999999e+02   7.9147441406250000e+03
   1.0700000000000000e+02   4.5732766723632801e+02
   1.0700000000000000e+02   2.0771794128418000e+02
   1.0790000000000001e+02   1.8831819534301800e+01
   1.0809999999999999e+02   1.2604772949218800e+02
   1.0900000000000000e+02   7.1484535217285199e+01
   1.1090000000000001e+02   1.3096797943115201e+01
   1.1109999999999999e+02   7.2530014038085895e+01
   1.1500000000000000e+02   1.7537623291015600e+03
   1.1580000000000000e+02   2.2255002975463899e+01
   1.1590000000000001e+02   3.5311836242675803e+01
   1.1600000000000000e+02   9.7966632080078102e+02
   1.1700000000000000e+02   8.5641230468750000e+03
   1.1800000000000000e+02   3.2099898437500000e+04
   1.1909999999999999e+02   8.2769326171875000e+03
   1.2000000000000000e+02   2.1099699707031300e+03
   1.2090000000000001e+02   7.4089195251464801e+01
   1.2100000000000000e+02   1.4520506286621099e+02
   1.2700000000000000e+02   9.6215270996093807e+01
   1.2709999999999999e+02   6.4308143615722699e+01
   1.2800000000000000e+02   6.8346435546875000e+02
   1.2880000000000001e+02   6.7057106018066406e+01
   1.2900000000000000e+02   8.7447875976562500e+01
   1.2900000000000000e+02   4.5370413208007801e+02
   1.2919999999999999e+02   4.2843387603759801e+01
   1.3000000000000000e+02   9.5860107421875000e+03
   1.3109999999999999e+02   5.4838940429687500e+03
   1.3209999999999999e+02   2.4726837890625000e+04
   1.3290000000000001e+02   1.2627597045898401e+02
   1.3309999999999999e+02   2.9962424316406300e+03
   1.3400000000000000e+02   4.9611630249023398e+02
   1.3409999999999999e+02   7.7031890869140602e+02
   1.3500000000000000e+02   7.8162086486816406e+01
   1.3700000000000000e+02   1.7055644226074199e+02
   1.3709999999999999e+02   2.4974771499633800e+01
   1.4080000000000001e+02   1.7944507598876999e+01
   1.4100000000000000e+02   4.7642139434814503e+01
   1.4190000000000001e+02   8.9419471740722699e+01
   1.4209999999999999e+02   6.8682144165039105e+01
   1.4269999999999999e+02   5.0638622283935497e+01
   1.4300000000000000e+02   3.8380606079101602e+02
   1.4309999999999999e+02   2.2942329406738301e+02
   1.4400000000000000e+02   5.1487603759765602e+02
   1.4409999999999999e+02   2.5451342773437500e+03
   1.4509999999999999e+02   2.3715393066406300e+03
   1.4609999999999999e+02   1.1438026562500000e+05
   1.4709999999999999e+02   1.3408312500000000e+04
   1.4800000000000000e+02   1.6447581481933599e+02
   1.4809999999999999e+02   1.9626274414062500e+03
   1.4900000000000000e+02   1.1153289031982401e+02
   1.4909999999999999e+02   1.0202400970459000e+02
   1.5000000000000000e+02   1.8426393508911101e+01
   1.5180000000000001e+02   1.9774515151977500e+01
   1.5419999999999999e+02   2.0154409408569300e+01
   1.5490000000000001e+02   2.0494739532470700e+01
   1.5500000000000000e+02   3.8657474517822301e+01
   1.5580000000000001e+02   3.3166282653808601e+01
   1.5600000000000000e+02   1.4916453552246099e+02
   1.5609999999999999e+02   1.2356433105468800e+02
   1.5700000000000000e+02   8.9906654357910199e+01
   1.5709999999999999e+02   1.3536112976074199e+02
   1.5800000000000000e+02   8.2680902099609398e+02
   1.5909999999999999e+02   1.0395683593750000e+03
   1.6000000000000000e+02   8.0486900329589801e+01
   1.6009999999999999e+02   3.4148244628906300e+03
   1.6009999999999999e+02   1.0300601806640600e+03
   1.6090000000000001e+02   1.8476562500000000e+01
   1.6100000000000000e+02   2.2159049987793000e+02
   1.6109999999999999e+02   4.9504122924804699e+02
   1.6200000000000000e+02   2.8875310897827099e+01
   1.6290000000000001e+02   1.6228895187377901e+01
   1.6500000000000000e+02   1.4601498603820801e+01
   1.6709999999999999e+02   2.8248687744140600e+01
   1.6790000000000001e+02   1.6567760467529300e+01
   1.6900000000000000e+02   1.3355772972106900e+01
   1.6990000000000001e+02   2.2532270431518601e+01
   1.7019999999999999e+02   1.3459866523742701e+01
   1.7090000000000001e+02   1.7130783081054702e+01
   1.7100000000000000e+02   4.4396636962890597e+01
   1.7190000000000001e+02   6.7882591247558594e+01
   1.7209999999999999e+02   3.8341442108154297e+01
   1.7300000000000000e+02   2.1330366516113301e+02
   1.7319999999999999e+02   8.0108238220214801e+01
   1.7409999999999999e+02   8.2500366210937500e+01
   1.7990000000000001e+02   2.8076742172241200e+01
   1.8019999999999999e+02   1.6458791732788100e+01
   1.8090000000000001e+02   1.3238006591796900e+01
   1.8209999999999999e+02   3.0014554977416999e+01
   1.8400000000000000e+02   2.2315576171875000e+02
   1.8409999999999999e+02   3.1139724731445301e+02
   1.8430000000000001e+02   1.5239672660827599e+01
   1.8490000000000001e+02   3.8234569549560497e+01
   1.8509999999999999e+02   3.9306826782226602e+02
   1.8519999999999999e+02   1.4145405578613301e+02
   1.8580000000000001e+02   1.7236967086791999e+01
   1.8590000000000001e+02   2.2043371200561499e+01
   1.8609999999999999e+02   9.3909564208984398e+02
   1.8619999999999999e+02   2.6350396728515602e+02
   1.8709999999999999e+02   1.4495736083984400e+03
   1.8719999999999999e+02   1.4663156127929699e+02
   1.8800000000000000e+02   9.5281890869140597e+01
   1.8809999999999999e+02   1.8513453369140600e+03
   1.8830000000000001e+02   6.9336425781250000e+01
   1.8909999999999999e+02   9.8667156250000000e+04
   1.9009999999999999e+02   1.3795747070312500e+04
   1.9109999999999999e+02   7.8455908203125000e+02
   1.9119999999999999e+02   1.6839402770996099e+02
   1.9609999999999999e+02   2.3617944717407202e+01
   1.9890000000000001e+02   3.6944400787353501e+01
   2.0290000000000001e+02   1.3704342842102101e+01
   2.0690000000000001e+02   1.0327822685241699e+01
   2.0709999999999999e+02   1.2059350967407200e+01
   2.1100000000000000e+02   4.2968696594238303e+01
   2.1480000000000001e+02   4.8283893585205099e+01
   2.1490000000000001e+02   8.0121002197265597e+01
   2.1580000000000001e+02   1.3254937171936000e+01
   2.1890000000000001e+02   2.1299533843994102e+01
   2.1900000000000000e+02   2.8566621780395501e+01
   2.3280000000000001e+02   1.8250331878662100e+00
   2.3300000000000000e+02   7.0741195678710895e+01
   2.3600000000000000e+02   1.6419757843017599e+01
   2.3680000000000001e+02   1.2140298843383800e+01
   2.3690000000000001e+02   8.1633743286132798e+01
   2.5109999999999999e+02   1.0712429809570300e+02
   2.7789999999999998e+02   2.9498382568359400e+01
   2.7800000000000000e+02   2.3207429885864300e+01
   2.7810000000000002e+02   1.4979408264160201e+01
   2.7830000000000001e+02   6.9002258300781307e+01
   2.7900000000000000e+02   1.5291254997253400e+01
   2.7919999999999999e+02   5.3506790161132798e+01
   2.8000000000000000e+02   1.7075860595703099e+02
   2.8019999999999999e+02   3.2027453613281300e+03
   2.8110000000000002e+02   7.3422680664062500e+02
   2.8210000000000002e+02   2.0056474685668899e+01
   2.8219999999999999e+02   5.2898235321044901e+01
   2.9280000000000001e+02   2.0441257476806602e+01
   2.9300000000000000e+02   1.4026218414306600e+01
