   4.0100000000000001e+01   1.6275559997558599e+02
   4.0899999999999999e+01   6.5267700195312500e+01
   4.1000000000000000e+01   2.9734055175781300e+03
   4.2000000000000000e+01   8.1740644531250000e+03
   4.3000000000000000e+01   8.7387683105468795e+02
   4.3100000000000001e+01   2.6840625000000000e+02
   4.4000000000000000e+01   1.7801098632812500e+03
   4.5000000000000000e+01   3.6895530700683601e+01
   4.9799999999999997e+01   1.6395956039428700e+01
   5.0000000000000000e+01   3.1053042602539102e+02
   5.0100000000000001e+01   6.5529747009277301e+01
   5.1000000000000000e+01   1.3567476806640600e+03
   5.1899999999999999e+01   3.9361682891845703e+01
   5.2000000000000000e+01   2.8101419067382801e+02
   5.3000000000000000e+01   5.6842791748046898e+02
   5.3799999999999997e+01   1.3309231758117701e+01
   5.4000000000000000e+01   1.9987959289550801e+02
   5.4000000000000000e+01   2.3478817749023401e+02
   5.4200000000000003e+01   6.2455135345458999e+01
   5.4899999999999999e+01   2.6117250442504901e+01
   5.5000000000000000e+01   1.8187241210937500e+03
   5.6000000000000000e+01   1.2676590576171900e+03
   5.6200000000000003e+01   8.2022567749023395e+01
   5.7000000000000000e+01   1.1011328125000000e+04
   5.7899999999999999e+01   2.5237222671508800e+01
   5.8000000000000000e+01   8.8701867675781295e+02
   5.8200000000000003e+01   5.0061271667480497e+01
   5.8799999999999997e+01   2.8755800247192401e+01
   5.8899999999999999e+01   1.3493398666381800e+01
   5.9100000000000001e+01   7.1354125976562500e+01
   6.1000000000000000e+01   1.3135987281799300e+01
   6.2000000000000000e+01   1.7756175231933599e+02
   6.2200000000000003e+01   2.2846364974975600e+01
   6.2899999999999999e+01   6.3569633483886697e+01
   6.3000000000000000e+01   5.6832336425781295e+02
   6.3100000000000001e+01   1.0232530975341800e+02
   6.3799999999999997e+01   3.2516189575195298e+01
   6.3899999999999999e+01   2.8034381103515602e+02
   6.4000000000000000e+01   8.2949996948242202e+01
   6.5000000000000000e+01   2.9498972167968800e+03
   6.5900000000000006e+01   9.1341888427734403e+01
   6.6000000000000000e+01   4.1813781738281301e+02
   6.6099999999999994e+01   4.3238761901855497e+01
   6.6900000000000006e+01   2.3582705688476599e+02
   6.7000000000000000e+01   7.8337438964843795e+02
   6.7900000000000006e+01   9.3732330322265597e+01
   6.8000000000000000e+01   1.5898800048828100e+03
   6.9099999999999994e+01   1.7699595947265600e+03
   6.9900000000000006e+01   4.3565929412841797e+01
   7.0000000000000000e+01   2.3179536437988301e+02
   7.0099999999999994e+01   9.5026116943359398e+02
   7.0900000000000006e+01   1.1068186950683599e+02
   7.1000000000000000e+01   2.4776454162597699e+02
   7.2000000000000000e+01   4.9583118438720703e+01
   7.3099999999999994e+01   1.0428436279296900e+01
   7.3200000000000003e+01   2.2712396621704102e+01
   7.3799999999999997e+01   1.8342735290527301e+01
   7.4000000000000000e+01   1.5787762451171901e+02
   7.4099999999999994e+01   1.4500965118408200e+01
   7.4900000000000006e+01   9.5536590576171903e+01
   7.5000000000000000e+01   4.9867214202880902e+01
   7.5200000000000003e+01   1.1437957763671900e+01
   7.5900000000000006e+01   8.0671035766601605e+01
   7.6000000000000000e+01   1.9738824462890599e+02
   7.6200000000000003e+01   1.8688845825195301e+02
   7.7000000000000000e+01   9.4136777343750000e+03
   7.7900000000000006e+01   1.3659962463378901e+02
   7.8000000000000000e+01   1.7663668212890600e+03
   7.9000000000000000e+01   3.1701140136718800e+03
   7.9099999999999994e+01   5.4682758331298800e+01
   7.9900000000000006e+01   7.3045448303222699e+01
   8.0000000000000000e+01   5.4672344970703102e+02
   8.0200000000000003e+01   2.5946531295776399e+01
   8.1000000000000000e+01   3.5492324829101602e+02
   8.1099999999999994e+01   1.1205527343750000e+03
   8.1900000000000006e+01   1.7130413055419901e+01
   8.2000000000000000e+01   5.4052130126953102e+02
   8.2099999999999994e+01   7.1142443847656295e+02
   8.2900000000000006e+01   9.1372344970703097e+01
   8.3099999999999994e+01   4.6819494628906301e+02
   8.4000000000000000e+01   4.8974694824218801e+02
   8.4099999999999994e+01   8.1811877441406295e+02
   8.4900000000000006e+01   2.7361764907836900e+01
   8.5099999999999994e+01   4.3278053283691399e+01
   8.5900000000000006e+01   3.5806568145752003e+01
   8.6099999999999994e+01   3.3239582061767599e+01
   8.6099999999999994e+01   2.3606557846069300e+01
   8.8099999999999994e+01   1.5313241958618200e+01
   8.8900000000000006e+01   3.3639849853515602e+02
   8.9099999999999994e+01   3.2879382324218801e+02
   8.9799999999999997e+01   4.8568523406982401e+01
   8.9900000000000006e+01   6.3888156890869098e+01
   9.0000000000000000e+01   1.3209996032714801e+02
   9.0099999999999994e+01   2.8094345092773398e+02
   9.0299999999999997e+01   3.8755237579345703e+01
   9.1000000000000000e+01   1.2386404296875000e+04
   9.2000000000000000e+01   5.2094116210937500e+02
   9.2000000000000000e+01   1.2663874511718800e+03
   9.3000000000000000e+01   5.2796978759765602e+02
   9.3099999999999994e+01   2.7756342773437500e+03
   9.4000000000000000e+01   9.0703509521484398e+02
   9.4099999999999994e+01   8.8824951171875000e+02
   9.4799999999999997e+01   4.6288673400878899e+01
   9.5000000000000000e+01   3.2508432006835898e+02
   9.5200000000000003e+01   5.1606769561767599e+01
   9.5900000000000006e+01   1.3606704711914100e+01
   9.6000000000000000e+01   1.7624992675781300e+03
   9.6900000000000006e+01   9.4842842102050795e+01
   9.7200000000000003e+01   1.1597994232177700e+02
   9.7799999999999997e+01   1.8787761688232401e+01
   9.8000000000000000e+01   2.3431904602050801e+02
   9.8099999999999994e+01   2.7382873535156301e+02
   9.9000000000000000e+01   3.2438491821289098e+01
   1.0090000000000001e+02   1.0962868690490700e+01
   1.0109999999999999e+02   1.2145854949951200e+01
   1.0120000000000000e+02   1.2351290702819799e+01
   1.0180000000000000e+02   5.3967704772949197e+01
   1.0190000000000001e+02   1.4786048889160199e+02
   1.0209999999999999e+02   2.2668353271484401e+02
   1.0300000000000000e+02   3.0177717285156300e+03
   1.0400000000000000e+02   4.6552631835937500e+03
   1.0500000000000000e+02   1.0191583007812500e+04
   1.0600000000000000e+02   2.3510993652343800e+03
   1.0690000000000001e+02   1.9013189697265599e+02
   1.0709999999999999e+02   1.5276509094238301e+02
   1.0720000000000000e+02   2.5161352157592798e+01
   1.0790000000000001e+02   8.7991500854492202e+01
   1.0800000000000000e+02   7.1432592773437500e+02
   1.0890000000000001e+02   2.6119442749023398e+02
   1.0909999999999999e+02   5.0157568359375000e+02
   1.1009999999999999e+02   6.3466254882812500e+03
   1.1080000000000000e+02   2.6841236114501999e+01
   1.1109999999999999e+02   6.7666510009765602e+02
   1.1170000000000000e+02   1.3847094535827599e+01
   1.1200000000000000e+02   2.2163638305664099e+02
   1.1209999999999999e+02   3.1353933715820301e+02
   1.1500000000000000e+02   4.0552774047851602e+02
   1.1509999999999999e+02   1.9439233398437500e+02
   1.1580000000000000e+02   2.9802131652831999e+01
   1.1590000000000001e+02   1.3636659622192401e+01
   1.1600000000000000e+02   2.3232656860351599e+02
   1.1609999999999999e+02   5.6319469451904297e+01
   1.1680000000000000e+02   2.8719303131103501e+01
   1.1690000000000001e+02   4.8472213745117202e+01
   1.1700000000000000e+02   1.7191859130859400e+03
   1.1800000000000000e+02   3.0298969726562500e+03
   1.1890000000000001e+02   5.7791568756103501e+01
   1.1900000000000000e+02   1.2399997558593800e+03
   1.1990000000000001e+02   6.3015365600585902e+01
   1.2009999999999999e+02   6.3816992187500000e+02
   1.2080000000000000e+02   2.6004615783691399e+01
   1.2109999999999999e+02   1.9747556686401399e+01
   1.2200000000000000e+02   1.3254471778869600e+01
   1.2209999999999999e+02   1.1815154075622599e+01
   1.2680000000000000e+02   2.6518749237060501e+01
   1.2690000000000001e+02   5.2070697784423800e+01
   1.2770000000000000e+02   1.4024932861328100e+01
   1.2790000000000001e+02   1.0460652160644500e+02
   1.2800000000000000e+02   1.1518286895752000e+02
   1.2890000000000001e+02   5.0667438507080099e+01
   1.2900000000000000e+02   1.0599153900146500e+02
   1.2919999999999999e+02   4.9803482055664098e+01
   1.2990000000000001e+02   1.3398106384277301e+02
   1.3000000000000000e+02   3.1961623535156300e+03
   1.3009999999999999e+02   2.7501422119140602e+02
   1.3090000000000001e+02   2.0656175613403299e+01
   1.3100000000000000e+02   2.4957404785156300e+03
   1.3209999999999999e+02   6.5984521484375000e+03
   1.3300000000000000e+02   1.3498656005859400e+03
   1.3319999999999999e+02   4.2203811645507798e+01
   1.3400000000000000e+02   1.6451231384277301e+02
   1.3409999999999999e+02   5.0489163208007801e+02
   1.3509999999999999e+02   2.1390409469604499e+01
   1.3690000000000001e+02   1.9224468994140599e+02
   1.3700000000000000e+02   5.2877761840820298e+01
   1.3900000000000000e+02   1.2472953796386699e+01
   1.4109999999999999e+02   1.8577939987182599e+01
   1.4209999999999999e+02   3.7730724334716797e+01
   1.4290000000000001e+02   1.1916244506835901e+02
   1.4309999999999999e+02   1.3965228271484401e+02
   1.4400000000000000e+02   7.7096112060546898e+02
   1.4409999999999999e+02   8.4844812011718795e+02
   1.4480000000000001e+02   4.5839225769042997e+01
   1.4509999999999999e+02   9.7750268554687500e+02
   1.4609999999999999e+02   1.9846169433593800e+03
   1.4700000000000000e+02   1.8710455322265599e+02
   1.4709999999999999e+02   8.8047607421875000e+01
   1.4780000000000001e+02   1.1157612800598100e+01
   1.4790000000000001e+02   1.4479551696777301e+02
   1.4809999999999999e+02   1.8743147277832000e+02
   1.4819999999999999e+02   3.9101894378662102e+01
   1.4890000000000001e+02   3.4933328247070301e+02
   1.4909999999999999e+02   1.2131956481933599e+02
   1.5000000000000000e+02   1.9452589416503901e+02
   1.5009999999999999e+02   1.4745166015625000e+02
   1.5019999999999999e+02   7.3193870544433594e+01
   1.5100000000000000e+02   4.9696010589599602e+01
   1.5200000000000000e+02   2.0442390441894499e+01
   1.5290000000000001e+02   1.1731574249267599e+02
   1.5309999999999999e+02   1.7384970092773401e+02
   1.5409999999999999e+02   4.5406543731689503e+01
   1.5419999999999999e+02   1.3801790237426800e+01
   1.5480000000000001e+02   1.0785161972045900e+01
   1.5500000000000000e+02   2.4274806976318398e+01
   1.5590000000000001e+02   6.0264522552490199e+01
   1.5609999999999999e+02   2.8652009963989300e+01
   1.5609999999999999e+02   4.5750812530517599e+01
   1.5700000000000000e+02   1.3395155334472699e+02
   1.5709999999999999e+02   1.9053173065185501e+01
   1.5800000000000000e+02   1.7447630310058599e+02
   1.5809999999999999e+02   3.7913204956054699e+02
   1.5900000000000000e+02   2.6523327636718801e+02
   1.5909999999999999e+02   7.8511633300781295e+02
   1.5930000000000001e+02   2.0890483856201200e+01
   1.6009999999999999e+02   1.0878021484375000e+04
   1.6090000000000001e+02   1.3892313957214400e+01
   1.6100000000000000e+02   4.4349542236328102e+02
   1.6109999999999999e+02   1.0162463989257800e+03
   1.6200000000000000e+02   5.5635246276855497e+01
   1.6209999999999999e+02   1.4254063415527301e+02
   1.6290000000000001e+02   1.1633815765380900e+01
   1.6509999999999999e+02   1.0522309303283700e+01
   1.6690000000000001e+02   1.0400162696838400e+01
   1.6700000000000000e+02   1.5453130722045900e+01
   1.6809999999999999e+02   1.0119457244873001e+01
   1.6900000000000000e+02   2.2144889831543001e+01
   1.6980000000000001e+02   3.0249752044677699e+01
   1.7000000000000000e+02   2.1980678558349599e+01
   1.7009999999999999e+02   7.5470787048339801e+01
   1.7090000000000001e+02   2.0036403656005898e+01
   1.7109999999999999e+02   2.7277923583984400e+01
   1.7119999999999999e+02   2.1122497558593800e+01
   1.7200000000000000e+02   1.0253719329834000e+02
   1.7209999999999999e+02   7.9574114990234398e+02
   1.7290000000000001e+02   6.8080268859863295e+01
   1.7309999999999999e+02   1.8281913757324199e+02
   1.7409999999999999e+02   9.6399835205078102e+02
   1.7419999999999999e+02   5.2854553222656300e+01
   1.7490000000000001e+02   3.2619464874267599e+01
   1.7500000000000000e+02   5.3215152740478501e+01
   1.7509999999999999e+02   4.8651805877685497e+01
   1.8209999999999999e+02   2.2678199768066399e+01
   1.8309999999999999e+02   1.0352335929870600e+01
   1.8390000000000001e+02   1.8021502685546901e+02
   1.8409999999999999e+02   7.3909721374511705e+01
   1.8500000000000000e+02   3.7839118957519503e+01
   1.8590000000000001e+02   1.0128085136413601e+01
   1.8600000000000000e+02   7.3609642028808594e+01
   1.8609999999999999e+02   1.3773695373535199e+02
   1.8700000000000000e+02   1.7513912963867199e+02
   1.8709999999999999e+02   4.8785224914550803e+01
   1.8809999999999999e+02   2.4613422393798800e+01
   1.8890000000000001e+02   2.4951728820800799e+01
   1.9009999999999999e+02   1.6279169082641602e+01
   1.9590000000000001e+02   1.2527155876159700e+01
   1.9600000000000000e+02   2.9455526351928700e+01
   1.9800000000000000e+02   2.1384245300293000e+02
   1.9819999999999999e+02   4.3831698608398398e+02
   1.9900000000000000e+02   1.3576766967773401e+02
   1.9909999999999999e+02   2.5092070007324199e+02
   2.0009999999999999e+02   7.9370465087890602e+02
   2.0019999999999999e+02   4.1167413330078102e+02
   2.0100000000000000e+02   2.3435459899902301e+02
   2.0109999999999999e+02   7.0845367431640602e+02
   2.0209999999999999e+02   2.0066876220703100e+03
   2.0290000000000001e+02   1.1889133453369100e+01
   2.0309999999999999e+02   3.0406381835937500e+03
   2.0400000000000000e+02   1.3055760192871099e+02
   2.0419999999999999e+02   4.1608428955078102e+02
   2.0490000000000001e+02   2.8616495132446300e+01
   2.1080000000000001e+02   3.9311347961425803e+01
   2.1180000000000001e+02   1.1190417289733899e+01
   2.1200000000000000e+02   1.1407200813293500e+01
   2.1490000000000001e+02   2.9923835754394499e+01
   2.1509999999999999e+02   2.9442258834838899e+01
   2.1509999999999999e+02   6.2569515228271499e+01
   2.1600000000000000e+02   2.6675788879394499e+01
   2.1609999999999999e+02   4.1209086914062500e+03
   2.1700000000000000e+02   6.4858709716796898e+02
   2.3000000000000000e+02   6.8040962219238295e+01
   2.3009999999999999e+02   1.1709878540039099e+02
   2.3030000000000001e+02   3.1238288879394499e+01
   2.3290000000000001e+02   4.2558582305908203e+01
   2.3300000000000000e+02   1.4215377807617200e+01
   2.3680000000000001e+02   2.1381034851074201e+01
   2.3690000000000001e+02   7.3293380737304696e+00
   2.3709999999999999e+02   1.1359192848205600e+01
   2.4100000000000000e+02   2.4901130676269499e+01
   2.4300000000000000e+02   1.5010011672973601e+01
   2.4319999999999999e+02   1.0870258331298800e+01
   2.5689999999999998e+02   3.2908939361572301e+01
   2.5700000000000000e+02   1.1911122894287099e+02
   2.5719999999999999e+02   3.8044395446777301e+01
   2.5730000000000001e+02   2.3135705947876001e+01
   2.5750000000000000e+02   2.7934349060058601e+01
   2.5810000000000002e+02   1.8523219299316401e+02
   2.5819999999999999e+02   1.3493606567382801e+02
   2.5830000000000001e+02   4.9587818145752003e+01
   2.5919999999999999e+02   5.0851433593750000e+04
   2.6019999999999999e+02   9.8097402343750000e+03
   2.6100000000000000e+02   8.0068855285644503e+01
   2.6110000000000002e+02   7.8567950439453102e+02
   2.6210000000000002e+02   4.1184391021728501e+01
   2.9300000000000000e+02   4.4345279693603501e+01
   3.4810000000000002e+02   1.4145950317382800e+01
   3.4819999999999999e+02   1.0626648712158200e+02
   3.4930000000000001e+02   2.7505899429321300e+01
