   4.0100000000000001e+01   4.9710754394531301e+02
   4.1100000000000001e+01   1.1167953125000000e+04
   4.1899999999999999e+01   1.3321464538574199e+02
   4.2100000000000001e+01   1.2804624023437500e+04
   4.2899999999999999e+01   6.7134056091308594e+01
   4.3100000000000001e+01   2.5706042480468800e+03
   4.4100000000000001e+01   6.3415502929687500e+03
   4.5000000000000000e+01   1.3526452636718801e+02
   4.5200000000000003e+01   2.3830560684204102e+01
   4.9899999999999999e+01   2.8942504882812500e+02
   5.0000000000000000e+01   2.5584719848632801e+02
   5.1000000000000000e+01   1.9622366943359400e+03
   5.1899999999999999e+01   4.0897668457031301e+02
   5.2000000000000000e+01   2.6887997436523398e+02
   5.3000000000000000e+01   4.9261254882812500e+02
   5.3000000000000000e+01   5.7676507568359398e+02
   5.4000000000000000e+01   1.2416071777343800e+03
   5.5000000000000000e+01   4.9294736328125000e+03
   5.6000000000000000e+01   2.5997751464843800e+03
   5.7100000000000001e+01   2.0140900390625000e+04
   5.8000000000000000e+01   4.7569631958007801e+02
   5.8100000000000001e+01   6.9696594238281295e+02
   5.8799999999999997e+01   1.4516303062439000e+01
   5.9000000000000000e+01   9.2029922485351605e+01
   5.9100000000000001e+01   5.8111698150634801e+01
   6.0799999999999997e+01   1.2200241088867200e+01
   6.1100000000000001e+01   3.2941169738769503e+01
   6.1899999999999999e+01   2.2548774719238301e+02
   6.2899999999999999e+01   3.0303014755248999e+01
   6.3000000000000000e+01   1.0466381835937500e+03
   6.3899999999999999e+01   1.2428614807128901e+02
   6.4000000000000000e+01   4.7875939941406301e+02
   6.4099999999999994e+01   1.0208768844604499e+01
   6.5000000000000000e+01   4.7556679687500000e+03
   6.5900000000000006e+01   3.7240356445312500e+02
   6.6000000000000000e+01   6.0534692382812500e+02
   6.6099999999999994e+01   3.8682971954345703e+01
   6.7000000000000000e+01   1.9698603515625000e+03
   6.8000000000000000e+01   8.7957720947265602e+02
   6.8099999999999994e+01   2.0361849365234400e+03
   6.8900000000000006e+01   3.8088264465332003e+01
   6.9000000000000000e+01   2.7359277343750000e+03
   7.0099999999999994e+01   5.0076513671875000e+03
   7.0900000000000006e+01   4.7760162353515597e+01
   7.1000000000000000e+01   3.9596389770507801e+02
   7.1099999999999994e+01   9.3122245788574205e+01
   7.1900000000000006e+01   2.2943603515625000e+01
   7.2099999999999994e+01   1.7656881332397500e+01
   7.2799999999999997e+01   9.4824647903442401e+00
   7.3000000000000000e+01   3.7707740783691399e+01
   7.3200000000000003e+01   1.3932472229003899e+01
   7.3799999999999997e+01   3.0674301147460898e+01
   7.4000000000000000e+01   1.9573303222656301e+02
   7.4099999999999994e+01   2.9290298461914102e+01
   7.4900000000000006e+01   8.0179748535156307e+01
   7.5000000000000000e+01   5.1774639129638700e+01
   7.5099999999999994e+01   1.1475164794921901e+02
   7.5299999999999997e+01   1.8816385269165000e+01
   7.5900000000000006e+01   1.7063197326660199e+02
   7.6099999999999994e+01   5.3081317138671898e+02
   7.6200000000000003e+01   7.2570945739746094e+01
   7.7000000000000000e+01   1.4920428710937500e+04
   7.7900000000000006e+01   1.3932395935058599e+02
   7.8000000000000000e+01   3.1941489257812500e+03
   7.9000000000000000e+01   5.0078671875000000e+03
   8.0000000000000000e+01   1.2400223388671900e+03
   8.0900000000000006e+01   1.1217951202392599e+02
   8.1000000000000000e+01   3.3199957275390602e+02
   8.1099999999999994e+01   1.8193188476562500e+02
   8.1900000000000006e+01   5.4931427001953097e+01
   8.2099999999999994e+01   2.7520187988281300e+03
   8.2799999999999997e+01   3.8068023681640597e+01
   8.3000000000000000e+01   2.2022996520996099e+02
   8.3099999999999994e+01   6.3614630126953102e+02
   8.3099999999999994e+01   9.0934692382812500e+01
   8.4000000000000000e+01   2.6050906372070301e+02
   8.4099999999999994e+01   1.0990986328125000e+03
   8.5099999999999994e+01   8.2729853515625000e+03
   8.6000000000000000e+01   1.8662875366210901e+02
   8.6099999999999994e+01   3.3082205200195301e+02
   8.6900000000000006e+01   1.1183948516845700e+01
   8.8099999999999994e+01   1.0313953399658200e+01
   8.8900000000000006e+01   3.5868807983398398e+02
   8.9000000000000000e+01   6.1374493408203102e+02
   8.9099999999999994e+01   9.7238334655761705e+01
   9.0000000000000000e+01   7.1081280517578102e+02
   9.0099999999999994e+01   2.6525537109375000e+02
   9.1000000000000000e+01   2.1998525390625000e+04
   9.2000000000000000e+01   2.8380773925781300e+03
   9.2099999999999994e+01   3.0021655273437500e+02
   9.3000000000000000e+01   6.2504726562500000e+03
   9.4000000000000000e+01   3.5487109375000000e+03
   9.4799999999999997e+01   2.9867305755615199e+01
   9.5000000000000000e+01   7.2068579101562500e+02
   9.5099999999999994e+01   1.4698830566406300e+03
   9.6099999999999994e+01   1.2959365234375000e+04
   9.6900000000000006e+01   5.5408065795898402e+01
   9.7099999999999994e+01   1.9480556640625000e+03
   9.7099999999999994e+01   2.4253323364257801e+02
   9.7900000000000006e+01   2.3809776306152301e+01
   9.8000000000000000e+01   1.5817883300781301e+02
   9.8099999999999994e+01   5.3295703125000000e+02
   9.8900000000000006e+01   1.0152492523193400e+01
   1.0090000000000001e+02   6.4875373840332003e+01
   1.0100000000000000e+02   9.3792015075683594e+01
   1.0120000000000000e+02   2.8522258758544901e+01
   1.0180000000000000e+02   5.7942871093750000e+01
   1.0190000000000001e+02   3.3343395996093801e+02
   1.0209999999999999e+02   1.8539181518554699e+02
   1.0220000000000000e+02   5.1308246612548800e+01
   1.0300000000000000e+02   4.8344428710937500e+03
   1.0400000000000000e+02   7.9061875000000000e+03
   1.0509999999999999e+02   2.0347787109375000e+04
   1.0600000000000000e+02   3.6439091796875000e+03
   1.0690000000000001e+02   5.9863914489746101e+01
   1.0700000000000000e+02   1.1813742065429700e+02
   1.0700000000000000e+02   1.3405317687988301e+02
   1.0709999999999999e+02   1.2910485839843801e+02
   1.0800000000000000e+02   1.5493986511230500e+02
   1.0809999999999999e+02   7.8140472412109403e+01
   1.0870000000000000e+02   2.5874799728393601e+01
   1.0890000000000001e+02   3.2160789489746101e+01
   1.0900000000000000e+02   2.2002960205078100e+01
   1.0909999999999999e+02   4.4013423919677699e+01
   1.0990000000000001e+02   1.5281325340271000e+01
   1.1000000000000000e+02   1.2735026359558100e+01
   1.1009999999999999e+02   3.7505565643310497e+01
   1.1070000000000000e+02   2.5743190765380898e+01
   1.1090000000000001e+02   4.3621280670166001e+01
   1.1100000000000000e+02   1.3872132873535199e+02
   1.1109999999999999e+02   1.8413946151733398e+01
   1.1190000000000001e+02   4.5326759338378899e+01
   1.1209999999999999e+02   2.2233421325683601e+01
   1.1280000000000000e+02   1.6424160003662099e+01
   1.1309999999999999e+02   4.7896965026855497e+01
   1.1320000000000000e+02   1.2863947868347200e+01
   1.1380000000000000e+02   9.8671236038208008e+00
   1.1390000000000001e+02   4.7934589385986300e+01
   1.1420000000000000e+02   2.5766515731811499e+01
   1.1480000000000000e+02   5.3427608489990199e+01
   1.1500000000000000e+02   9.0625061035156295e+02
   1.1580000000000000e+02   7.0047760009765597e+01
   1.1600000000000000e+02   4.7249160766601602e+02
   1.1620000000000000e+02   8.1537696838378906e+01
   1.1680000000000000e+02   3.7048564910888700e+01
   1.1700000000000000e+02   3.2536398925781300e+03
   1.1809999999999999e+02   7.3112929687500000e+03
   1.1900000000000000e+02   3.1242224121093800e+03
   1.1990000000000001e+02   1.4881510925293000e+02
   1.2000000000000000e+02   1.4061446533203100e+03
   1.2020000000000000e+02   1.9121269226074201e+01
   1.2090000000000001e+02   1.0807670593261699e+01
   1.2100000000000000e+02   8.7165695190429702e+01
   1.2190000000000001e+02   9.5490579605102504e+00
   1.2200000000000000e+02   4.3175193786621101e+01
   1.2209999999999999e+02   1.2546833992004400e+01
   1.2290000000000001e+02   9.4789266586303693e+00
   1.2680000000000000e+02   3.0628967285156300e+01
   1.2700000000000000e+02   2.9865661621093800e+01
   1.2800000000000000e+02   3.0312976074218801e+02
   1.2809999999999999e+02   8.4100776672363295e+01
   1.2890000000000001e+02   1.1701281738281300e+02
   1.2909999999999999e+02   2.8338436889648398e+02
   1.2930000000000001e+02   2.2861328125000000e+01
   1.3009999999999999e+02   9.3380244140625000e+03
   1.3090000000000001e+02   8.4534309387207003e+01
   1.3109999999999999e+02   5.4467294921875000e+03
   1.3209999999999999e+02   1.0494355468750000e+04
   1.3290000000000001e+02   2.8089839935302699e+01
   1.3300000000000000e+02   1.7381789550781300e+03
   1.3390000000000001e+02   2.9734720230102500e+01
   1.3400000000000000e+02   3.5955404663085898e+02
   1.3409999999999999e+02   8.8804022216796898e+02
   1.3490000000000001e+02   1.1312662506103500e+02
   1.3500000000000000e+02   3.7789785766601602e+02
   1.3509999999999999e+02   3.2307094573974602e+01
   1.3590000000000001e+02   1.8672094345092798e+01
   1.3600000000000000e+02   6.2044490814208999e+01
   1.3609999999999999e+02   2.5477453231811499e+01
   1.3680000000000001e+02   6.9804222106933594e+01
   1.3709999999999999e+02   1.4030010986328099e+02
   1.3800000000000000e+02   1.9824527740478501e+01
   1.3830000000000001e+02   1.2380207061767599e+01
   1.3909999999999999e+02   1.6125351562500000e+03
   1.3919999999999999e+02   2.3063421249389599e+01
   1.4000000000000000e+02   1.2757234954834000e+02
   1.4009999999999999e+02   6.6502708435058594e+01
   1.4090000000000001e+02   5.3663825988769503e+01
   1.4109999999999999e+02   7.1490089416503906e+01
   1.4119999999999999e+02   2.9667387008666999e+01
   1.4200000000000000e+02   7.4046447753906307e+01
   1.4209999999999999e+02   4.7147891998291001e+01
   1.4280000000000001e+02   1.7669927597045898e+01
   1.4300000000000000e+02   3.9441439819335898e+02
   1.4319999999999999e+02   2.8988901138305700e+01
   1.4400000000000000e+02   8.6557714843750000e+02
   1.4409999999999999e+02   8.2173950195312500e+02
   1.4419999999999999e+02   4.4067001342773402e+01
   1.4500000000000000e+02   6.8179626464843807e+01
   1.4509999999999999e+02   1.5825606689453100e+03
   1.4609999999999999e+02   3.9939191406250000e+04
   1.4690000000000001e+02   1.1130038452148401e+02
   1.4709999999999999e+02   4.6640405273437500e+03
   1.4790000000000001e+02   1.5561897277831999e+01
   1.4800000000000000e+02   4.0622991943359398e+02
   1.4809999999999999e+02   4.4486462402343801e+02
   1.4900000000000000e+02   2.7527124404907202e+01
   1.4909999999999999e+02   3.6593254089355497e+01
   1.5300000000000000e+02   9.0808172225952095e+00
   1.5400000000000000e+02   4.9439006805419901e+01
   1.5409999999999999e+02   1.1059690475463899e+01
   1.5509999999999999e+02   1.1095503997802700e+02
   1.5600000000000000e+02   3.3280459594726602e+02
   1.5619999999999999e+02   7.8328514099121094e+01
   1.5630000000000001e+02   1.3067273139953601e+01
   1.5669999999999999e+02   1.1988716125488301e+01
   1.5700000000000000e+02   1.9554168701171901e+02
   1.5709999999999999e+02   1.2373655700683599e+02
   1.5719999999999999e+02   1.1233885765075700e+01
   1.5780000000000001e+02   1.2021847724914601e+01
   1.5790000000000001e+02   4.8703529357910199e+01
   1.5809999999999999e+02   1.8444884033203100e+03
   1.5819999999999999e+02   1.8433666229248001e+01
   1.5900000000000000e+02   7.7971234130859398e+02
   1.5909999999999999e+02   8.2198291015625000e+02
   1.6009999999999999e+02   2.0963149414062500e+03
   1.6009999999999999e+02   8.4031170654296898e+02
   1.6100000000000000e+02   1.7045492553710901e+02
   1.6109999999999999e+02   3.2850830078125000e+02
   1.6180000000000001e+02   9.1446800231933594e+00
   1.6200000000000000e+02   9.5689201354980504e+00
   1.6680000000000001e+02   9.1223831176757795e+00
   1.6690000000000001e+02   3.0507593154907202e+01
   1.6790000000000001e+02   2.5659425735473601e+01
   1.6809999999999999e+02   2.5286128997802699e+01
   1.6909999999999999e+02   1.2382337570190399e+01
   1.6990000000000001e+02   4.1439746856689503e+01
   1.7009999999999999e+02   1.1930173492431599e+02
   1.7100000000000000e+02   7.6398834228515597e+01
   1.7190000000000001e+02   1.0661625671386700e+02
   1.7200000000000000e+02   2.4717388916015599e+02
   1.7219999999999999e+02   1.0776354217529300e+02
   1.7230000000000001e+02   2.6072925567626999e+01
   1.7300000000000000e+02   3.6057086181640602e+02
   1.7309999999999999e+02   2.0426763916015599e+02
   1.7380000000000001e+02   3.0927665710449201e+01
   1.7390000000000001e+02   5.7604961395263700e+01
   1.7409999999999999e+02   7.4250770568847699e+01
   1.7500000000000000e+02   5.9795932769775398e+01
   1.7509999999999999e+02   1.2865793228149400e+01
   1.7690000000000001e+02   5.6150112152099602e+01
   1.7700000000000000e+02   1.8975926208496099e+02
   1.7719999999999999e+02   9.8495292663574205e+01
   1.7790000000000001e+02   3.6168167114257798e+01
   1.7809999999999999e+02   2.5875939941406301e+02
   1.7819999999999999e+02   3.5219627380371101e+01
   1.7890000000000001e+02   1.4695551872253400e+01
   1.8000000000000000e+02   1.1405565261840801e+01
   1.8200000000000000e+02   6.5122383117675795e+01
   1.8209999999999999e+02   4.9908145904541001e+01
   1.8300000000000000e+02   2.2913637161254901e+01
   1.8409999999999999e+02   1.1988227539062500e+03
   1.8500000000000000e+02   1.8652014160156301e+02
   1.8509999999999999e+02   5.5894226074218795e+02
   1.8609999999999999e+02   2.5854504394531300e+03
   1.8619999999999999e+02   4.7426727294921903e+01
   1.8700000000000000e+02   5.0488305664062500e+02
   1.8709999999999999e+02   2.0099062500000000e+03
   1.8800000000000000e+02   9.1843078613281307e+01
   1.8809999999999999e+02   5.2890424804687500e+03
   1.8909999999999999e+02   2.5344845703125000e+04
   1.8990000000000001e+02   3.2508686065673800e+01
   1.9009999999999999e+02   6.8235443115234398e+02
   1.9009999999999999e+02   2.6356347656250000e+03
   1.9080000000000001e+02   1.0246357917785600e+01
   1.9100000000000000e+02   1.4302748107910199e+02
   1.9109999999999999e+02   1.2184416961669901e+02
   1.9469999999999999e+02   9.8605880737304705e+00
   1.9809999999999999e+02   2.3885408401489300e+01
   2.0000000000000000e+02   1.3835926055908200e+01
   2.0019999999999999e+02   5.5181705474853501e+01
   2.0080000000000001e+02   2.3630874633789102e+01
   2.0100000000000000e+02   1.0123429298400900e+01
   2.0600000000000000e+02   1.0161725044250501e+01
   2.0809999999999999e+02   2.0531961441040000e+01
   2.1090000000000001e+02   3.1090377807617202e+01
   2.1100000000000000e+02   1.9969112396240199e+01
   2.1200000000000000e+02   1.0514149665832500e+01
   2.1209999999999999e+02   1.1903629302978500e+01
   2.1290000000000001e+02   1.3577937126159700e+01
   2.1480000000000001e+02   4.7143226623535199e+01
   2.1500000000000000e+02   2.8069692993164102e+02
   2.1580000000000001e+02   1.0986904144287100e+01
   2.1690000000000001e+02   1.9385379791259801e+01
   2.1709999999999999e+02   2.1956392288208001e+01
   2.1880000000000001e+02   1.2020483016967800e+01
   2.1900000000000000e+02   2.6098066329956101e+01
   2.2090000000000001e+02   9.0517997741699201e+00
   2.2880000000000001e+02   1.5860231399536101e+01
   2.2900000000000000e+02   5.0671268463134801e+01
   2.2909999999999999e+02   9.2237831115722699e+01
   2.3009999999999999e+02   1.3087745361328100e+03
   2.3019999999999999e+02   1.6149512939453100e+03
   2.3100000000000000e+02   9.1989898681640597e+01
   2.3109999999999999e+02   6.2722088623046898e+02
   2.3200000000000000e+02   4.9114578247070298e+01
   2.3290000000000001e+02   5.3250465393066399e+01
   2.3300000000000000e+02   5.4753215789794901e+01
   2.3309999999999999e+02   9.3029336929321307e+00
   2.3680000000000001e+02   3.4990734100341797e+01
   2.3690000000000001e+02   7.4977111816406307e+01
   2.4309999999999999e+02   2.0961730957031300e+01
   2.4400000000000000e+02   2.9373336791992199e+02
   2.4409999999999999e+02   5.4749893188476598e+01
   2.4500000000000000e+02   2.5929737091064499e+01
   2.4509999999999999e+02   1.9259883880615199e+01
   2.5090000000000001e+02   9.7178306579589808e+00
   2.5509999999999999e+02   1.0246614456176800e+01
   2.5519999999999999e+02   9.1568393707275408e+00
   2.5710000000000002e+02   1.3442950248718301e+01
   2.6739999999999998e+02   9.7164859771728498e+00
   2.7069999999999999e+02   1.2773106575012200e+01
   2.7080000000000001e+02   1.4171082496643100e+01
   2.7089999999999998e+02   4.2339313507080099e+01
   2.7110000000000002e+02   7.2948226928710895e+01
   2.7119999999999999e+02   1.5411512756347699e+02
   2.7139999999999998e+02   2.1741340637206999e+01
   2.7169999999999999e+02   1.2452490806579601e+01
   2.7180000000000001e+02   5.3069160461425803e+01
   2.7210000000000002e+02   1.1308816909790000e+01
   2.7219999999999999e+02   3.8076892089843801e+02
   2.7319999999999999e+02   6.6218781250000000e+04
   2.7419999999999999e+02   6.9791201171875000e+03
   2.7419999999999999e+02   5.9952055664062500e+03
   2.7510000000000002e+02   1.4917642211914099e+02
   2.7519999999999999e+02   1.2501689453125000e+03
   2.7610000000000002e+02   2.4214893341064499e+01
   2.7619999999999999e+02   2.2308710098266602e+01
   2.7630000000000001e+02   1.3486645698547401e+01
   2.7710000000000002e+02   1.0156121253967299e+01
   2.7889999999999998e+02   2.6765792846679702e+01
   2.7910000000000002e+02   8.3818504333496094e+01
   2.7919999999999999e+02   9.0124069213867202e+01
   2.8010000000000002e+02   9.9796085357665998e+00
   2.9280000000000001e+02   1.7863723754882798e+01
   3.0719999999999999e+02   2.1854503631591800e+01
   3.2119999999999999e+02   2.1278223037719702e+01
   3.3519999999999999e+02   1.9888113021850600e+01
   3.3530000000000001e+02   1.0057453155517599e+01
   3.4900000000000000e+02   9.6545324325561506e+00
   3.6200000000000000e+02   3.4926937103271499e+01
   3.6219999999999999e+02   1.6223631286621099e+02
   3.6239999999999998e+02   1.5151220321655300e+01
   3.6310000000000002e+02   9.0176105499267596e+00
   3.6319999999999999e+02   4.5206409454345703e+01
   3.6339999999999998e+02   2.0875904083251999e+01
   3.6519999999999999e+02   1.0810988426208500e+01
