   4.0100000000000001e+01   2.1099621582031301e+02
   4.0200000000000003e+01   3.8004787445068402e+01
   4.1100000000000001e+01   1.0217935546875000e+04
   4.2100000000000001e+01   1.2335547851562500e+04
   4.3100000000000001e+01   2.5642116699218800e+03
   4.4000000000000000e+01   5.9476206054687500e+03
   4.5000000000000000e+01   7.9945976257324205e+01
   4.5100000000000001e+01   8.4479850769042997e+01
   4.9100000000000001e+01   1.2325324058532701e+01
   5.0000000000000000e+01   2.0818399047851599e+02
   5.0100000000000001e+01   3.7760400390625000e+02
   5.0899999999999999e+01   2.4300853729248001e+01
   5.1000000000000000e+01   1.9366926269531300e+03
   5.2000000000000000e+01   5.5511499023437500e+02
   5.2100000000000001e+01   8.6904556274414105e+01
   5.3000000000000000e+01   1.1352954101562500e+03
   5.4000000000000000e+01   1.0650090332031300e+03
   5.4100000000000001e+01   6.5489532470703097e+01
   5.5000000000000000e+01   4.7259047851562500e+03
   5.6100000000000001e+01   2.6073532714843800e+03
   5.7100000000000001e+01   1.9299332031250000e+04
   5.8000000000000000e+01   6.0227928161621101e+01
   5.8000000000000000e+01   1.0334787597656300e+03
   5.8799999999999997e+01   2.7869522094726602e+01
   5.8899999999999999e+01   5.6881744384765597e+01
   5.9100000000000001e+01   6.8267150878906307e+01
   5.9799999999999997e+01   1.0815898895263700e+01
   6.0799999999999997e+01   1.5014676094055201e+01
   6.0899999999999999e+01   2.0570396423339801e+01
   6.1899999999999999e+01   3.4641651153564503e+01
   6.2000000000000000e+01   1.8991627502441401e+02
   6.2899999999999999e+01   3.6147556304931598e+01
   6.3000000000000000e+01   9.0308050537109398e+02
   6.3899999999999999e+01   1.5075057983398401e+02
   6.4000000000000000e+01   3.3700122070312500e+02
   6.4099999999999994e+01   1.0599172210693401e+02
   6.4200000000000003e+01   4.2111835479736300e+01
   6.5000000000000000e+01   4.6682065429687500e+03
   6.6000000000000000e+01   9.8133868408203102e+02
   6.7000000000000000e+01   1.9932338867187500e+03
   6.7799999999999997e+01   2.9163610458373999e+01
   6.8000000000000000e+01   2.8296335449218800e+03
   6.8200000000000003e+01   5.2578922271728501e+01
   6.9000000000000000e+01   2.6791484375000000e+03
   7.0099999999999994e+01   4.7568867187500000e+03
   7.1000000000000000e+01   1.4231481933593801e+02
   7.1099999999999994e+01   4.2138940429687500e+02
   7.2000000000000000e+01   3.1585054397583001e+01
   7.2200000000000003e+01   1.0069216728210399e+01
   7.2900000000000006e+01   9.9425373077392596e+00
   7.3000000000000000e+01   3.0279087066650401e+01
   7.3900000000000006e+01   8.4453468322753906e+01
   7.4000000000000000e+01   1.2904315185546901e+02
   7.4099999999999994e+01   2.4120340347290000e+01
   7.4799999999999997e+01   2.4263170242309599e+01
   7.5000000000000000e+01   2.4680651855468801e+02
   7.5200000000000003e+01   4.6910663604736300e+01
   7.5799999999999997e+01   1.9335367202758800e+01
   7.5900000000000006e+01   5.8207733154296903e+01
   7.6000000000000000e+01   4.9017700195312500e+02
   7.6099999999999994e+01   1.8212852478027301e+02
   7.6299999999999997e+01   1.8195774078369102e+01
   7.7000000000000000e+01   1.4364746093750000e+04
   7.8000000000000000e+01   3.1670756835937500e+03
   7.9000000000000000e+01   4.7973388671875000e+03
   7.9900000000000006e+01   1.2258265495300300e+01
   8.0000000000000000e+01   7.4535827636718795e+02
   8.0099999999999994e+01   4.9641900634765602e+02
   8.1000000000000000e+01   5.5780090332031295e+02
   8.1099999999999994e+01   4.2589939117431598e+01
   8.2099999999999994e+01   2.7396718750000000e+03
   8.2900000000000006e+01   9.8829584121704102e+00
   8.3000000000000000e+01   4.3358767700195301e+02
   8.3099999999999994e+01   5.2661743164062500e+02
   8.3900000000000006e+01   6.0403598785400398e+01
   8.4099999999999994e+01   1.2005341796875000e+03
   8.5099999999999994e+01   7.7060112304687500e+03
   8.5900000000000006e+01   1.0831598663330099e+02
   8.6000000000000000e+01   3.5696829223632801e+02
   8.6200000000000003e+01   1.3471371650695801e+01
   8.7799999999999997e+01   9.0807676315307599e+00
   8.9000000000000000e+01   4.1049093627929699e+02
   8.9000000000000000e+01   6.1022247314453102e+02
   9.0000000000000000e+01   1.7720327758789099e+02
   9.0099999999999994e+01   6.8407318115234398e+02
   9.0299999999999997e+01   6.0613983154296903e+01
   9.1000000000000000e+01   2.1224521484375000e+04
   9.2000000000000000e+01   3.2466250000000000e+03
   9.3000000000000000e+01   6.0788398437500000e+03
   9.4000000000000000e+01   3.4107480468750000e+03
   9.5000000000000000e+01   1.2050895996093800e+03
   9.5099999999999994e+01   9.2057073974609398e+02
   9.6099999999999994e+01   1.2317879882812500e+04
   9.6799999999999997e+01   2.3786382675170898e+01
   9.7099999999999994e+01   2.0277513427734400e+03
   9.8000000000000000e+01   2.1400892639160199e+02
   9.8099999999999994e+01   4.0151968383789102e+02
   9.8200000000000003e+01   9.1095476150512695e+00
   9.8799999999999997e+01   9.0304269790649396e+00
   1.0080000000000000e+02   5.7794822692871101e+01
   1.0100000000000000e+02   1.5704183959960901e+02
   1.0109999999999999e+02   4.7172088623046903e+01
   1.0190000000000001e+02   6.9255928039550795e+01
   1.0200000000000000e+02   4.1994989013671898e+02
   1.0209999999999999e+02   7.7753227233886705e+01
   1.0300000000000000e+02   4.7129350585937500e+03
   1.0400000000000000e+02   7.6066162109375000e+03
   1.0509999999999999e+02   1.9848349609375000e+04
   1.0600000000000000e+02   3.5342714843750000e+03
   1.0680000000000000e+02   1.3920398712158200e+01
   1.0700000000000000e+02   1.8876376342773401e+02
   1.0709999999999999e+02   1.5672639465332000e+02
   1.0780000000000000e+02   2.6206867218017599e+01
   1.0800000000000000e+02   9.6396980285644503e+01
   1.0800000000000000e+02   1.4905999755859401e+02
   1.0820000000000000e+02   3.2672370910644503e+01
   1.0880000000000000e+02   6.4304881095886204e+00
   1.0900000000000000e+02   6.2125278472900398e+01
   1.0909999999999999e+02   2.2714351654052699e+01
   1.1000000000000000e+02   5.4079326629638700e+01
   1.1090000000000001e+02   1.1376788330078099e+02
   1.1109999999999999e+02   1.2189588165283200e+02
   1.1190000000000001e+02   2.0885082244873001e+01
   1.1209999999999999e+02   2.3572893142700199e+01
   1.1270000000000000e+02   2.4265102386474599e+01
   1.1290000000000001e+02   2.2487472534179702e+01
   1.1309999999999999e+02   3.4347934722900398e+01
   1.1390000000000001e+02   2.4758193969726602e+01
   1.1400000000000000e+02   4.1676197052002003e+01
   1.1430000000000000e+02   1.4691736221313500e+01
   1.1500000000000000e+02   4.0617614746093801e+02
   1.1509999999999999e+02   4.8722875976562500e+02
   1.1590000000000001e+02   2.7683357238769499e+01
   1.1600000000000000e+02   4.2530551147460898e+02
   1.1609999999999999e+02   9.4864486694335895e+01
   1.1700000000000000e+02   8.1255541992187500e+02
   1.1700000000000000e+02   2.1834169921875000e+03
   1.1809999999999999e+02   7.0818085937500000e+03
   1.1900000000000000e+02   2.9538967285156300e+03
   1.1990000000000001e+02   6.7473297119140597e+01
   1.2000000000000000e+02   6.6344049072265602e+02
   1.2009999999999999e+02   7.9897100830078102e+02
   1.2070000000000000e+02   1.3301103591918899e+01
   1.2090000000000001e+02   3.4027114868164098e+01
   1.2109999999999999e+02   8.1167892456054702e+01
   1.2200000000000000e+02   5.1063575744628899e+01
   1.2209999999999999e+02   1.0961176872253400e+01
   1.2230000000000000e+02   1.6230375289916999e+01
   1.2290000000000001e+02   1.6761814117431602e+01
   1.2300000000000000e+02   1.5856431007385300e+01
   1.2600000000000000e+02   1.0207252502441399e+01
   1.2690000000000001e+02   5.9011543273925803e+01
   1.2700000000000000e+02   3.0833976745605501e+01
   1.2790000000000001e+02   1.8505278015136699e+02
   1.2809999999999999e+02   1.7016464233398401e+02
   1.2819999999999999e+02   5.8354400634765597e+01
   1.2880000000000001e+02   1.3545276641845700e+01
   1.2890000000000001e+02   1.1509657287597700e+02
   1.2909999999999999e+02   4.2694619750976602e+02
   1.2919999999999999e+02   1.6465774536132798e+01
   1.3000000000000000e+02   9.0129082031250000e+03
   1.3100000000000000e+02   5.4699716796875000e+03
   1.3209999999999999e+02   9.9881796875000000e+03
   1.3280000000000001e+02   1.6464422225952099e+01
   1.3309999999999999e+02   1.6812071533203100e+03
   1.3319999999999999e+02   3.4065788269042997e+01
   1.3400000000000000e+02   1.1992585449218800e+03
   1.3500000000000000e+02   2.8160830688476602e+02
   1.3509999999999999e+02   2.7748364257812500e+02
   1.3580000000000001e+02   1.0219652175903301e+01
   1.3600000000000000e+02   1.0983115196228001e+01
   1.3609999999999999e+02   3.4649253845214801e+01
   1.3630000000000001e+02   2.3282020568847699e+01
   1.3690000000000001e+02   9.1574668884277301e+01
   1.3700000000000000e+02   1.0082889556884800e+02
   1.3809999999999999e+02   1.0675046920776399e+01
   1.3900000000000000e+02   1.4852399902343800e+03
   1.3919999999999999e+02   5.5790767669677699e+01
   1.4000000000000000e+02   1.3776924133300801e+02
   1.4009999999999999e+02   1.6480646133422901e+01
   1.4100000000000000e+02   5.5540485382080099e+01
   1.4109999999999999e+02   8.9508323669433594e+01
   1.4180000000000001e+02   7.3238273620605497e+01
   1.4200000000000000e+02   4.2106292724609403e+01
   1.4219999999999999e+02   2.5155233383178700e+01
   1.4290000000000001e+02   6.1356395721435497e+01
   1.4300000000000000e+02   2.6926742553710898e+02
   1.4309999999999999e+02   1.5015444946289099e+02
   1.4409999999999999e+02   1.6347958984375000e+03
   1.4500000000000000e+02   2.3186976623535199e+02
   1.4509999999999999e+02   1.4675191650390600e+03
   1.4609999999999999e+02   3.7222480468750000e+04
   1.4709999999999999e+02   4.1547177734375000e+03
   1.4719999999999999e+02   1.4500402832031301e+02
   1.4800000000000000e+02   5.6124639892578102e+02
   1.4809999999999999e+02   2.4104583740234401e+02
   1.4890000000000001e+02   2.2753349304199201e+01
   1.4919999999999999e+02   5.7005241394042997e+01
   1.5100000000000000e+02   1.0269677162170399e+01
   1.5390000000000001e+02   3.8796211242675803e+01
   1.5419999999999999e+02   2.2213790893554702e+01
   1.5490000000000001e+02   1.0147197723388700e+02
   1.5500000000000000e+02   6.4199737548828097e+01
   1.5569999999999999e+02   2.1667589187622099e+01
   1.5600000000000000e+02   1.7250477600097699e+02
   1.5609999999999999e+02   1.7667057800293000e+02
   1.5690000000000001e+02   6.9953285217285199e+01
   1.5700000000000000e+02   1.4535530090332000e+02
   1.5709999999999999e+02   4.1772109985351598e+01
   1.5800000000000000e+02   5.3674029541015602e+02
   1.5809999999999999e+02   1.3575579833984400e+03
   1.5890000000000001e+02   3.7748920440673800e+01
   1.5909999999999999e+02   1.5377940673828100e+03
   1.6009999999999999e+02   2.8459182128906300e+03
   1.6080000000000001e+02   9.2155904769897496e+00
   1.6100000000000000e+02   1.5804020690918000e+02
   1.6109999999999999e+02   2.7933630371093801e+02
   1.6209999999999999e+02   3.7415306091308601e+01
   1.6690000000000001e+02   1.0966260910034199e+01
   1.6700000000000000e+02   2.9542354583740199e+01
   1.6780000000000001e+02   1.7528011322021499e+01
   1.6819999999999999e+02   3.1877250671386701e+01
   1.6909999999999999e+02   8.9741439819335902e+00
   1.7009999999999999e+02   9.2252639770507798e+01
   1.7100000000000000e+02   3.8317268371582003e+01
   1.7180000000000001e+02   6.2493621826171903e+01
   1.7200000000000000e+02   1.2119271087646500e+02
   1.7209999999999999e+02   2.3939906311035199e+02
   1.7230000000000001e+02   1.6773818969726602e+01
   1.7290000000000001e+02   2.8760787963867202e+01
   1.7309999999999999e+02   5.2479760742187500e+02
   1.7319999999999999e+02   1.7312576293945298e+01
   1.7380000000000001e+02   2.2334146499633800e+01
   1.7400000000000000e+02   7.9075958251953097e+01
   1.7409999999999999e+02   1.3647489547729499e+01
   1.7500000000000000e+02   1.9704786300659201e+01
   1.7609999999999999e+02   1.0321883201599100e+01
   1.7690000000000001e+02   5.4166687011718800e+01
   1.7700000000000000e+02   1.7127597045898401e+02
   1.7709999999999999e+02   1.6166699218750000e+02
   1.7730000000000001e+02   1.2662395477294901e+01
   1.7790000000000001e+02   7.8441581726074205e+01
   1.7800000000000000e+02   3.3511913299560497e+01
   1.7809999999999999e+02   1.5649969482421901e+02
   1.7900000000000000e+02   4.0094379425048800e+01
   1.8200000000000000e+02   8.1100173950195298e+01
   1.8209999999999999e+02   1.3958279609680201e+01
   1.8280000000000001e+02   8.9797382354736293e+00
   1.8309999999999999e+02   3.1431241989135700e+01
   1.8400000000000000e+02   1.1527465820312500e+03
   1.8480000000000001e+02   2.2779666900634801e+01
   1.8500000000000000e+02   2.9544674682617199e+02
   1.8509999999999999e+02   5.0197219848632801e+02
   1.8609999999999999e+02   2.5324018554687500e+03
   1.8709999999999999e+02   2.2945795898437500e+03
   1.8719999999999999e+02   4.7606754302978501e+01
   1.8809999999999999e+02   5.2729418945312500e+03
   1.8909999999999999e+02   2.4028634765625000e+04
   1.9009999999999999e+02   3.2333415527343800e+03
   1.9090000000000001e+02   3.3730922698974602e+01
   1.9100000000000000e+02   8.5840286254882798e+01
   1.9109999999999999e+02   1.3199719238281301e+02
   1.9409999999999999e+02   1.1201999664306600e+01
   1.9980000000000001e+02   9.6593952178955096e+00
   2.0009999999999999e+02   7.1023742675781307e+01
   2.0090000000000001e+02   1.3248157501220700e+01
   2.0109999999999999e+02   1.0643196105956999e+01
   2.1100000000000000e+02   4.9466583251953097e+01
   2.1319999999999999e+02   2.1705469131469702e+01
   2.1480000000000001e+02   1.6690292358398400e+00
   2.1490000000000001e+02   2.3402212524414099e+02
   2.1880000000000001e+02   2.2049423217773398e+01
   2.1890000000000001e+02   2.5561137199401900e+00
   2.2809999999999999e+02   1.0195302009582500e+01
   2.2900000000000000e+02   3.0401327133178700e+01
   2.2909999999999999e+02   5.3480922698974602e+01
   2.2919999999999999e+02   3.7040306091308601e+01
   2.3000000000000000e+02   3.3069221496582003e+01
   2.3009999999999999e+02   1.7004108886718800e+03
   2.3019999999999999e+02   1.0412481689453100e+03
   2.3100000000000000e+02   2.0643470764160199e+01
   2.3109999999999999e+02   4.4694583129882801e+02
   2.3119999999999999e+02   2.5452401733398401e+02
   2.3200000000000000e+02   3.3702236175537102e+01
   2.3290000000000001e+02   6.1829238891601598e+01
   2.3309999999999999e+02   4.7791080474853501e+01
   2.3690000000000001e+02   4.5272197723388700e+01
   2.4400000000000000e+02   6.6963157653808594e+01
   2.4409999999999999e+02   1.4598020935058599e+02
   2.5080000000000001e+02   9.3191537857055700e+00
   2.5509999999999999e+02   2.5195287704467798e+01
   2.5710000000000002e+02   1.0033768653869600e+01
   2.6410000000000002e+02   9.2609367370605504e+00
   2.7010000000000002e+02   1.0029647827148400e+01
   2.7060000000000002e+02   1.5548122406005900e+01
   2.7080000000000001e+02   1.2221591949462900e+01
   2.7089999999999998e+02   2.7977325439453100e+01
   2.7100000000000000e+02   1.0559765625000000e+02
   2.7119999999999999e+02   5.6258094787597699e+01
   2.7130000000000001e+02   2.5402738571166999e+01
   2.7139999999999998e+02   2.1714996337890600e+01
   2.7169999999999999e+02   9.2920064926147496e+00
   2.7180000000000001e+02   1.9692312240600600e+01
   2.7210000000000002e+02   1.9977630615234401e+02
   2.7219999999999999e+02   2.1619111633300801e+02
   2.7319999999999999e+02   6.3720023437500000e+04
   2.7419999999999999e+02   1.2111902343750000e+04
   2.7510000000000002e+02   3.2181088256835898e+02
   2.7519999999999999e+02   9.0973388671875000e+02
   2.7530000000000001e+02   1.2856529235839799e+01
   2.7600000000000000e+02   2.3068273544311499e+01
   2.7619999999999999e+02   1.3544223785400400e+01
   2.7880000000000001e+02   1.2721553802490201e+01
   2.7900000000000000e+02   9.3946403503417997e+01
   2.7919999999999999e+02   1.1510191345214800e+02
   2.8010000000000002e+02   2.9855476379394499e+01
   3.0700000000000000e+02   3.6115734100341797e+01
   3.0710000000000002e+02   1.2739096641540501e+01
   3.2130000000000001e+02   1.1925687789916999e+01
   3.3510000000000002e+02   1.1113534927368200e+01
   3.6210000000000002e+02   7.4258049011230497e+01
   3.6230000000000001e+02   7.5574958801269503e+01
   3.6239999999999998e+02   2.2317998886108398e+01
   3.6300000000000000e+02   1.3424802780151399e+01
   3.6310000000000002e+02   4.4713729858398402e+01
   3.6319999999999999e+02   1.0361619949340801e+01
   3.6419999999999999e+02   1.1539566993713400e+01
