   4.0000000000000000e+01   1.0105887413024901e+01
   4.1000000000000000e+01   1.4932917785644500e+02
   4.1100000000000001e+01   2.8984646606445301e+02
   4.2000000000000000e+01   1.5488461914062500e+03
   4.2899999999999999e+01   1.7841173171997099e+01
   4.3000000000000000e+01   1.3795455932617199e+02
   4.3200000000000003e+01   2.3370559692382798e+01
   4.4000000000000000e+01   5.5198083496093795e+02
   4.9899999999999999e+01   4.1453567504882798e+01
   5.0000000000000000e+01   7.6785041809082003e+01
   5.0899999999999999e+01   1.4630055236816401e+02
   5.1000000000000000e+01   1.9859179687500000e+02
   5.1899999999999999e+01   5.4808506011962898e+01
   5.2000000000000000e+01   1.7537516784668000e+02
   5.3000000000000000e+01   2.0864978027343801e+02
   5.3100000000000001e+01   5.1757591247558601e+01
   5.3899999999999999e+01   1.5000860214233400e+01
   5.4000000000000000e+01   1.3785877990722699e+02
   5.4200000000000003e+01   1.3715814590454100e+01
   5.4899999999999999e+01   2.2330032348632801e+02
   5.5100000000000001e+01   2.2991668701171901e+02
   5.5799999999999997e+01   1.7227283477783200e+01
   5.6000000000000000e+01   1.4860475158691401e+02
   5.6100000000000001e+01   1.5941043090820301e+02
   5.7000000000000000e+01   2.0667985839843800e+03
   5.7899999999999999e+01   1.5689872741699199e+01
   5.8000000000000000e+01   9.4275062561035199e+01
   5.8799999999999997e+01   2.7581727981567401e+01
   5.8899999999999999e+01   9.8545074462890607e+00
   5.9100000000000001e+01   5.2142490386962898e+01
   6.2000000000000000e+01   3.2661876678466797e+01
   6.2899999999999999e+01   2.8244174194335898e+02
   6.3100000000000001e+01   3.0901227951049801e+01
   6.3799999999999997e+01   8.4563217163085902e+00
   6.3899999999999999e+01   2.3290238952636699e+02
   6.4099999999999994e+01   6.9679435729980497e+01
   6.4799999999999997e+01   5.7664871215820298e+01
   6.5000000000000000e+01   5.9264245605468795e+02
   6.5099999999999994e+01   6.3872558593750000e+01
   6.6000000000000000e+01   6.5504776000976605e+01
   6.6099999999999994e+01   1.7202222824096701e+01
   6.6799999999999997e+01   4.4279315948486300e+01
   6.6900000000000006e+01   1.1675208282470700e+02
   6.7099999999999994e+01   8.8761024475097699e+01
   6.7900000000000006e+01   5.9338153839111300e+01
   6.8000000000000000e+01   3.3115039062500000e+02
   6.9000000000000000e+01   3.1792938232421898e+02
   6.9099999999999994e+01   2.8408203125000000e+01
   6.9900000000000006e+01   4.9717308044433601e+01
   7.0000000000000000e+01   7.9564312744140602e+02
   7.0900000000000006e+01   2.0038558959960898e+01
   7.1099999999999994e+01   3.0896844863891602e+01
   7.2900000000000006e+01   2.4995732307434100e+00
   7.3099999999999994e+01   1.7306129455566399e+01
   7.3900000000000006e+01   8.4325971603393608e+00
   7.4200000000000003e+01   7.8944940567016602e+00
   7.4799999999999997e+01   7.2870416641235396e+00
   7.5000000000000000e+01   1.2188108444213899e+01
   7.5200000000000003e+01   1.6488250732421900e+01
   7.5900000000000006e+01   8.6530555725097699e+01
   7.6000000000000000e+01   3.0410898208618200e+01
   7.6299999999999997e+01   9.0183210372924805e+00
   7.6900000000000006e+01   1.8473039245605500e+02
   7.7000000000000000e+01   1.1908380126953100e+03
   7.8000000000000000e+01   3.4047131347656301e+02
   7.8099999999999994e+01   2.6433721923828102e+02
   7.9000000000000000e+01   5.8450006103515602e+02
   7.9099999999999994e+01   2.5068667602539099e+02
   7.9799999999999997e+01   5.1180252075195298e+01
   8.0000000000000000e+01   1.8403665161132801e+02
   8.0099999999999994e+01   1.1342114257812500e+02
   8.0200000000000003e+01   3.0106887817382798e+01
   8.0799999999999997e+01   3.6205112457275398e+01
   8.0900000000000006e+01   1.3378744506835901e+02
   8.1099999999999994e+01   2.6390087127685501e+01
   8.1200000000000003e+01   1.0650272369384799e+01
   8.2000000000000000e+01   3.5469564819335898e+02
   8.2900000000000006e+01   2.6586158752441399e+01
   8.3000000000000000e+01   3.2529903411865199e+01
   8.3200000000000003e+01   2.0574254989623999e+01
   8.4000000000000000e+01   6.3035930633544901e+01
   8.4099999999999994e+01   8.1700191497802699e+00
   8.8799999999999997e+01   2.4898992538452099e+01
   8.8900000000000006e+01   6.4578201293945298e+01
   8.9000000000000000e+01   6.9028968811035199e+01
   8.9099999999999994e+01   3.0059635162353501e+01
   9.0000000000000000e+01   8.3135810852050795e+01
   9.0099999999999994e+01   1.0826881408691401e+02
   9.0200000000000003e+01   9.1669864654540998e+00
   9.0900000000000006e+01   1.0122787475585901e+02
   9.1000000000000000e+01   2.6305637207031300e+03
   9.1799999999999997e+01   2.2105289459228501e+01
   9.2000000000000000e+01   6.1071618652343795e+02
   9.2099999999999994e+01   3.9053642272949197e+01
   9.2799999999999997e+01   8.4292049407959002e+00
   9.3000000000000000e+01   1.4865412902832000e+02
   9.3099999999999994e+01   7.0421211242675795e+01
   9.3900000000000006e+01   4.1035324096679702e+01
   9.4000000000000000e+01   1.5293226623535199e+02
   9.4099999999999994e+01   1.2733420562744099e+02
   9.4200000000000003e+01   2.6289817810058601e+01
   9.4900000000000006e+01   6.4197708129882798e+01
   9.5000000000000000e+01   1.0352127838134800e+02
   9.5099999999999994e+01   1.3778897094726599e+02
   9.6099999999999994e+01   1.8070515136718800e+03
   9.6900000000000006e+01   1.1019178771972700e+02
   9.7099999999999994e+01   2.2072061157226599e+02
   9.7900000000000006e+01   1.0171949768066401e+02
   9.8099999999999994e+01   1.0182466888427700e+02
   1.0070000000000000e+02   7.7667031288146999e+00
   1.0190000000000001e+02   7.6425865173339801e+01
   1.0200000000000000e+02   9.8974847793579102e+00
   1.0220000000000000e+02   1.3137214660644499e+01
   1.0280000000000000e+02   3.3956451416015597e+01
   1.0300000000000000e+02   7.6415374755859398e+02
   1.0380000000000000e+02   1.7864229202270501e+01
   1.0400000000000000e+02   5.5832720947265602e+02
   1.0409999999999999e+02   3.5824550628662102e+01
   1.0490000000000001e+02   3.4573356628417997e+01
   1.0500000000000000e+02   2.0175177001953100e+03
   1.0509999999999999e+02   3.5644119262695301e+02
   1.0590000000000001e+02   9.7262901306152301e+01
   1.0600000000000000e+02   2.5852047729492199e+02
   1.0620000000000000e+02   8.5875988006591797e+00
   1.0680000000000000e+02   1.0039715576171901e+02
   1.0700000000000000e+02   1.6992160034179699e+02
   1.0709999999999999e+02   2.1233327865600600e+01
   1.0720000000000000e+02   4.0148593902587898e+01
   1.0780000000000000e+02   1.5688204765319799e+01
   1.0800000000000000e+02   8.1452001953125000e+02
   1.0809999999999999e+02   2.2725673675537099e+01
   1.0890000000000001e+02   4.2809970855712898e+01
   1.0909999999999999e+02   3.5697540283203097e+01
   1.0920000000000000e+02   2.4378860473632798e+01
   1.1500000000000000e+02   5.8697387695312500e+01
   1.1509999999999999e+02   1.2071736335754400e+01
   1.1580000000000000e+02   1.5927696228027299e+01
   1.1590000000000001e+02   2.9319669723510700e+01
   1.1690000000000001e+02   1.1441894531250000e+02
   1.1700000000000000e+02   2.1860992431640599e+02
   1.1720000000000000e+02   2.4353666305541999e+01
   1.1800000000000000e+02   1.2668932342529300e+02
   1.1809999999999999e+02   5.4281860351562500e+01
   1.1890000000000001e+02   4.3723609924316399e+01
   1.1900000000000000e+02   9.4875736236572301e+00
   1.1920000000000000e+02   1.9262351989746101e+01
   1.2000000000000000e+02   8.0322494506835895e+01
   1.2020000000000000e+02   2.4304344177246101e+01
   1.2070000000000000e+02   1.3799324989318800e+01
   1.2090000000000001e+02   7.5455261230468807e+01
   1.2100000000000000e+02   8.6700416564941406e+01
   1.2109999999999999e+02   1.6632464599609401e+02
   1.2190000000000001e+02   8.6445373535156307e+01
   1.2209999999999999e+02   1.7246614074707000e+02
   1.2220000000000000e+02   3.2333290100097699e+01
   1.2290000000000001e+02   3.6396728515625000e+01
   1.2300000000000000e+02   6.3247778320312500e+02
   1.2380000000000000e+02   2.2894491195678700e+01
   1.2400000000000000e+02   7.2943191528320298e+01
   1.2409999999999999e+02   2.3660129547119102e+01
   1.2700000000000000e+02   7.2831487655639604e+00
   1.2800000000000000e+02   1.5909476280212401e+01
   1.2909999999999999e+02   1.0227397918701200e+01
   1.2969999999999999e+02   8.2744712829589808e+00
   1.2990000000000001e+02   1.3368687438964801e+02
   1.3000000000000000e+02   1.9733935546875000e+02
   1.3019999999999999e+02   3.3445369720458999e+01
   1.3100000000000000e+02   1.0487575531005901e+02
   1.3109999999999999e+02   5.4715366363525398e+01
   1.3119999999999999e+02   2.9506164550781300e+01
   1.3180000000000001e+02   2.4365535736083999e+01
   1.3200000000000000e+02   1.8247477722168000e+02
   1.3209999999999999e+02   1.8102874755859401e+02
   1.3290000000000001e+02   9.5640800476074205e+01
   1.3309999999999999e+02   1.3266821289062500e+02
   1.3330000000000001e+02   8.0682048797607404e+00
   1.3400000000000000e+02   9.7267645263671898e+02
   1.3409999999999999e+02   7.4129081726074205e+01
   1.3480000000000001e+02   2.2734674453735401e+01
   1.3500000000000000e+02   1.9365171813964801e+02
   1.3509999999999999e+02   4.0845058441162102e+01
   1.3580000000000001e+02   1.9784215927123999e+01
   1.3600000000000000e+02   1.5656303405761699e+02
   1.3669999999999999e+02   8.3045625686645508e+00
   1.3690000000000001e+02   1.0729710388183599e+02
   1.3700000000000000e+02   6.9039001464843803e+00
   1.3719999999999999e+02   1.1990424156189000e+01
   1.3880000000000001e+02   8.8421554565429705e+00
   1.3890000000000001e+02   9.9181861877441406e+00
   1.3900000000000000e+02   6.2211704254150398e+01
   1.3930000000000001e+02   9.3907451629638707e+00
   1.4090000000000001e+02   1.5176769256591800e+01
   1.4109999999999999e+02   7.5527830123901403e+00
   1.4380000000000001e+02   8.5040330886840803e+00
   1.4390000000000001e+02   3.1041873931884801e+01
   1.4400000000000000e+02   1.1424094390869099e+02
   1.4419999999999999e+02   2.5808523178100600e+01
   1.4490000000000001e+02   8.1637901306152301e+01
   1.4509999999999999e+02   8.2097961425781307e+01
   1.4519999999999999e+02   6.0269073486328097e+01
   1.4580000000000001e+02   2.7104263305664102e+01
   1.4600000000000000e+02   3.6421597290039102e+02
   1.4609999999999999e+02   2.3234352111816399e+01
   1.4680000000000001e+02   1.4311680793762200e+01
   1.4690000000000001e+02   7.7493103027343807e+01
   1.4709999999999999e+02   2.3395553588867202e+01
   1.4719999999999999e+02   1.5843642234802200e+01
   1.4790000000000001e+02   9.6622333526611293e+00
   1.4800000000000000e+02   5.1405487060546898e+02
   1.4809999999999999e+02   8.7362449645996094e+01
   1.4890000000000001e+02   1.4947615051269500e+02
   1.4909999999999999e+02   2.4419065856933599e+02
   1.4980000000000001e+02   3.3297920227050803e+01
   1.5000000000000000e+02   2.1366546630859400e+01
   1.5019999999999999e+02   3.1525918960571300e+01
   1.5019999999999999e+02   1.9250822067260700e+01
   1.5490000000000001e+02   8.0675354003906303e+00
   1.5500000000000000e+02   7.2878389358520499e+00
   1.5690000000000001e+02   7.4572825431823704e+00
   1.5800000000000000e+02   1.7582443237304702e+01
   1.5800000000000000e+02   4.2349967956542997e+01
   1.5880000000000001e+02   4.5065704345703097e+01
   1.5890000000000001e+02   3.7527801513671903e+01
   1.5900000000000000e+02   2.0689109802246101e+01
   1.5990000000000001e+02   7.2170082092285199e+01
   1.6009999999999999e+02   6.2165631103515602e+02
   1.6019999999999999e+02   2.4480268478393601e+01
   1.6090000000000001e+02   1.1076531982421901e+02
   1.6100000000000000e+02   4.2844653320312500e+02
   1.6109999999999999e+02   6.4467269897460895e+01
   1.6190000000000001e+02   1.5297705078125000e+02
   1.6209999999999999e+02   7.0604309082031295e+02
   1.6219999999999999e+02   2.2389797210693398e+01
   1.6300000000000000e+02   6.5643363952636705e+01
   1.6309999999999999e+02   4.1608478546142599e+01
   1.6400000000000000e+02   1.0114580154418899e+01
   1.7400000000000000e+02   6.2356330871582003e+01
   1.7409999999999999e+02   7.9359016418457003e+01
   1.7490000000000001e+02   3.2803447723388700e+01
   1.7500000000000000e+02   9.4721015930175795e+01
   1.7519999999999999e+02   1.2342918395996101e+01
   1.7609999999999999e+02   5.9398725585937500e+03
   1.7690000000000001e+02   9.9523811340332003e+01
   1.7700000000000000e+02   6.5698986816406295e+02
   1.7719999999999999e+02   1.0478199768066401e+02
   1.7800000000000000e+02   1.9780918121337901e+01
   1.7809999999999999e+02   6.8819229125976605e+01
   1.7900000000000000e+02   1.1488243865966800e+02
   1.7909999999999999e+02   1.5438334655761699e+02
   1.7919999999999999e+02   2.2444356918335000e+01
   1.7990000000000001e+02   1.6284017562866200e+01
   1.8009999999999999e+02   5.8441604614257798e+01
   1.8400000000000000e+02   9.9324722290039105e+01
   1.8409999999999999e+02   1.8929978942871099e+02
   1.8480000000000001e+02   1.0660408973693800e+01
   1.8490000000000001e+02   6.5267982482910199e+01
   1.8509999999999999e+02   7.3502952575683594e+01
   1.8590000000000001e+02   2.1299627304077099e+01
   1.8600000000000000e+02   2.1499765014648401e+02
   1.8619999999999999e+02   1.6412779235839801e+02
   1.8680000000000001e+02   7.6269783973693803e+00
   1.8700000000000000e+02   1.3287686347961399e+01
   1.8709999999999999e+02   1.1809284210205099e+02
   1.8800000000000000e+02   5.5949066162109398e+02
   1.8809999999999999e+02   3.4115802001953102e+02
   1.8890000000000001e+02   3.4431030273437500e+01
   1.8909999999999999e+02   1.1791456604003901e+02
   1.8919999999999999e+02   4.4278453826904297e+01
   1.8980000000000001e+02   1.0698986053466800e+01
   1.9000000000000000e+02   2.0935104370117202e+01
   2.0019999999999999e+02   1.0535809516906699e+01
   2.0190000000000001e+02   3.0740657806396499e+01
   2.0300000000000000e+02   6.0412830352783203e+01
   2.0690000000000001e+02   9.2145833969116193e+00
   2.1080000000000001e+02   1.3669195175170900e+01
   2.1090000000000001e+02   1.4347913742065399e+01
   2.1100000000000000e+02   1.4832382202148400e+01
   2.1309999999999999e+02   7.8385109901428196e+00
   2.1500000000000000e+02   8.8449249267578097e+01
   2.1509999999999999e+02   5.3780107498168901e+00
   2.1590000000000001e+02   2.5948661804199201e+01
   2.1700000000000000e+02   4.3929679870605497e+01
   2.1709999999999999e+02   1.2987245178222699e+02
   2.1719999999999999e+02   1.1718259811401399e+01
   2.1790000000000001e+02   8.5656295776367202e+01
   2.1800000000000000e+02   9.6516113281250000e+01
   2.1819999999999999e+02   2.0729499816894500e+02
   2.1900000000000000e+02   4.3327674865722699e+01
   2.1909999999999999e+02   2.3275532226562500e+03
   2.1990000000000001e+02   1.8941282272338899e+01
   2.2000000000000000e+02   2.1976699829101599e+02
   2.2019999999999999e+02   1.4232873535156301e+02
   2.3200000000000000e+02   1.3750629425048800e+01
   2.3209999999999999e+02   1.4740303955078100e+03
   2.3290000000000001e+02   8.8684982299804702e+01
   2.3300000000000000e+02   1.6617062377929699e+02
   2.3319999999999999e+02   7.9024063110351605e+01
   2.3409999999999999e+02   7.0398335456848100e+00
   2.3700000000000000e+02   5.7858448028564503e+01
   2.3759999999999999e+02   7.9958691596984899e+00
   2.4609999999999999e+02   2.3131391525268601e+01
   2.4619999999999999e+02   8.1824111938476598e+00
   2.7310000000000002e+02   1.6071712493896499e+01
   2.7330000000000001e+02   7.7397713661193803e+00
   2.7519999999999999e+02   8.1601562500000000e+03
   2.7600000000000000e+02   8.7155448913574205e+01
   2.7610000000000002e+02   5.2259143066406295e+02
   2.7619999999999999e+02   9.8069659423828102e+02
   2.7700000000000000e+02   3.6709442138671903e+01
   2.7719999999999999e+02   8.9504714965820298e+01
   3.6410000000000002e+02   1.3771897315979000e+01
   3.6430000000000001e+02   7.8965826034545898e+00
