   4.0000000000000000e+01   5.5488025665283203e+01
   4.0100000000000001e+01   1.3434112548828099e+02
   4.1100000000000001e+01   3.1570415039062500e+03
   4.2100000000000001e+01   1.1714004882812500e+04
   4.3000000000000000e+01   1.3965935546875000e+04
   4.4000000000000000e+01   5.6190004882812500e+03
   4.4899999999999999e+01   5.6851371765136697e+01
   4.5100000000000001e+01   9.2568161010742202e+01
   4.9799999999999997e+01   1.3292587280273400e+01
   4.9899999999999999e+01   2.5682492065429699e+02
   5.0000000000000000e+01   2.7693139648437500e+02
   5.1000000000000000e+01   1.8682375488281300e+03
   5.2000000000000000e+01   3.6208319091796898e+02
   5.2100000000000001e+01   1.9496441650390599e+02
   5.2799999999999997e+01   1.0463973999023400e+01
   5.3000000000000000e+01   8.7641857910156295e+02
   5.3100000000000001e+01   1.3728002929687500e+02
   5.4000000000000000e+01   4.3024291992187500e+02
   5.4100000000000001e+01   6.3678649902343795e+02
   5.4899999999999999e+01   6.6116943359375000e+01
   5.5000000000000000e+01   6.1927258300781295e+02
   5.5100000000000001e+01   9.8670886230468795e+02
   5.6000000000000000e+01   1.5516765136718800e+03
   5.6100000000000001e+01   1.8435136795043899e+01
   5.7000000000000000e+01   5.6104394531250000e+02
   5.7100000000000001e+01   4.8124096679687500e+02
   5.7899999999999999e+01   7.4890647888183594e+01
   5.8100000000000001e+01   7.0839828491210895e+01
   5.8200000000000003e+01   6.0240104675292997e+01
   5.8799999999999997e+01   6.8806289672851605e+01
   5.9000000000000000e+01   7.6911300659179702e+01
   5.9100000000000001e+01   2.2661251068115199e+01
   6.0899999999999999e+01   9.1502819061279297e+00
   6.1899999999999999e+01   5.0031120300292997e+01
   6.2000000000000000e+01   1.6556330871582000e+02
   6.2899999999999999e+01   4.7835975646972699e+01
   6.3000000000000000e+01   8.7373779296875000e+02
   6.3700000000000003e+01   9.7356452941894496e+00
   6.3899999999999999e+01   1.8190287780761699e+02
   6.4000000000000000e+01   2.9052960205078102e+02
   6.4900000000000006e+01   7.7999206542968807e+01
   6.5000000000000000e+01   2.8335571289062500e+03
   6.5900000000000006e+01   8.0387817382812500e+01
   6.6000000000000000e+01   8.0937127685546898e+02
   6.6099999999999994e+01   2.6054233551025401e+01
   6.7000000000000000e+01   2.0844245605468800e+03
   6.7900000000000006e+01   6.0625488281250000e+01
   6.8000000000000000e+01   2.3151479492187500e+03
   6.9000000000000000e+01   1.3470349121093801e+02
   6.9000000000000000e+01   1.8098859863281300e+03
   7.0099999999999994e+01   2.8101289062500000e+03
   7.0900000000000006e+01   5.2297039031982401e+01
   7.1000000000000000e+01   7.7694190979003906e+01
   7.1099999999999994e+01   1.3093545532226599e+02
   7.1200000000000003e+01   2.7775680541992202e+01
   7.1799999999999997e+01   2.6789113998413100e+01
   7.2000000000000000e+01   6.6594566345214801e+01
   7.2200000000000003e+01   2.0531627655029300e+01
   7.2900000000000006e+01   4.8613487243652301e+01
   7.3000000000000000e+01   2.1058292388916001e+01
   7.3099999999999994e+01   2.8433116912841800e+01
   7.3900000000000006e+01   8.8405677795410199e+01
   7.4000000000000000e+01   1.6428730773925801e+02
   7.4200000000000003e+01   1.5953599929809601e+01
   7.5000000000000000e+01   1.5896856689453099e+02
   7.5099999999999994e+01   1.0725527191162099e+02
   7.5900000000000006e+01   9.0626785278320298e+01
   7.6099999999999994e+01   3.9377947998046898e+02
   7.6200000000000003e+01   1.2419486999511700e+02
   7.7000000000000000e+01   1.3992799804687500e+04
   7.8000000000000000e+01   4.2517907714843801e+02
   7.8000000000000000e+01   2.9524960937500000e+03
   7.9000000000000000e+01   4.5798798828125000e+03
   7.9900000000000006e+01   7.0599990844726605e+01
   8.0000000000000000e+01   2.9000433349609398e+02
   8.0099999999999994e+01   7.1043975830078102e+02
   8.0799999999999997e+01   1.2818743705749499e+01
   8.0900000000000006e+01   2.2134994506835901e+02
   8.1000000000000000e+01   3.0959191894531301e+02
   8.1200000000000003e+01   1.0087293624877899e+01
   8.2000000000000000e+01   1.9773447265625000e+03
   8.3000000000000000e+01   3.7405801391601602e+02
   8.3200000000000003e+01   5.6939990997314503e+01
   8.4000000000000000e+01   5.3948822021484398e+02
   8.5099999999999994e+01   2.0995708465576200e+01
   8.5799999999999997e+01   2.3020862579345700e+01
   8.5900000000000006e+01   5.8630931854247997e+01
   8.6799999999999997e+01   1.7103876113891602e+01
   8.6900000000000006e+01   1.3231854438781699e+01
   8.7000000000000000e+01   7.8526153564453098e+00
   8.7900000000000006e+01   1.0213572502136200e+01
   8.8900000000000006e+01   1.3121568298339801e+02
   8.9000000000000000e+01   5.0556341552734398e+02
   8.9099999999999994e+01   1.7608267211914099e+02
   8.9700000000000003e+01   2.2016408920288100e+01
   8.9900000000000006e+01   8.2460372924804702e+01
   9.0000000000000000e+01   2.4032357788085901e+02
   9.0200000000000003e+01   1.6451751708984401e+02
   9.1000000000000000e+01   8.5263544921875000e+03
   9.2000000000000000e+01   9.3002441406250000e+02
   9.2000000000000000e+01   5.5226062011718795e+02
   9.2099999999999994e+01   1.9348793029785199e+01
   9.3000000000000000e+01   4.6628955078125000e+03
   9.4000000000000000e+01   2.7008359375000000e+03
   9.4799999999999997e+01   3.1563394546508800e+01
   9.5000000000000000e+01   9.7166589355468795e+02
   9.5099999999999994e+01   7.5338049316406295e+02
   9.6099999999999994e+01   7.9045507812500000e+03
   9.7000000000000000e+01   1.0763496093750000e+03
   9.7099999999999994e+01   1.7642077636718801e+02
   9.7799999999999997e+01   1.8951625823974599e+01
   9.8000000000000000e+01   5.8877423095703102e+02
   9.8099999999999994e+01   1.6034152221679699e+02
   9.8799999999999997e+01   1.8019847869873001e+01
   9.9099999999999994e+01   7.7692351341247603e+00
   1.0070000000000000e+02   1.4007914543151900e+01
   1.0080000000000000e+02   2.7780584335327099e+01
   1.0090000000000001e+02   4.3675331115722699e+01
   1.0109999999999999e+02   7.2199501037597699e+01
   1.0180000000000000e+02   7.1094802856445298e+01
   1.0200000000000000e+02   5.9367810058593795e+02
   1.0209999999999999e+02   1.1761721038818401e+02
   1.0290000000000001e+02   5.9586811065673800e+01
   1.0300000000000000e+02   5.2300927734375000e+03
   1.0400000000000000e+02   6.9176435546875000e+03
   1.0509999999999999e+02   1.9560091796875000e+04
   1.0600000000000000e+02   3.9582702636718800e+03
   1.0700000000000000e+02   2.5864172363281301e+02
   1.0709999999999999e+02   1.1592012023925800e+02
   1.0790000000000001e+02   8.3689441680908203e+00
   1.0800000000000000e+02   4.7328403472900398e+01
   1.0809999999999999e+02   4.5551513671875000e+01
   1.0880000000000000e+02   2.9725219726562500e+01
   1.0900000000000000e+02   9.1485969543457003e+01
   1.0920000000000000e+02   1.0304052352905300e+01
   1.0990000000000001e+02   9.0939846038818395e+00
   1.1000000000000000e+02   7.7178940773010298e+00
   1.1100000000000000e+02   2.0668828964233398e+01
   1.1109999999999999e+02   8.8712787628173793e+00
   1.1409999999999999e+02   2.7152908325195298e+01
   1.1500000000000000e+02   2.7190112304687500e+03
   1.1590000000000001e+02   5.5643424987792997e+01
   1.1609999999999999e+02   8.6267645263671898e+02
   1.1700000000000000e+02   6.6836147460937500e+03
   1.1809999999999999e+02   9.6549902343750000e+03
   1.1909999999999999e+02   8.8429501953125000e+03
   1.1990000000000001e+02   3.7237983703613303e+01
   1.2000000000000000e+02   4.7991455078125000e+02
   1.2009999999999999e+02   8.4932141113281295e+02
   1.2090000000000001e+02   2.1501672744751001e+01
   1.2590000000000001e+02   2.2051208496093800e+01
   1.2609999999999999e+02   1.7154029846191399e+01
   1.2680000000000000e+02   5.7613677978515597e+01
   1.2700000000000000e+02   2.3721160888671900e+01
   1.2800000000000000e+02   2.0229273986816401e+02
   1.2809999999999999e+02   1.5398957824707000e+02
   1.2880000000000001e+02   2.0765491485595700e+01
   1.2890000000000001e+02   2.2156305313110401e+01
   1.2900000000000000e+02   3.2626373291015602e+02
   1.2919999999999999e+02   4.1453651428222699e+01
   1.2990000000000001e+02   6.0074451446533203e+01
   1.3000000000000000e+02   5.3379682617187500e+03
   1.3090000000000001e+02   2.1916055679321300e+01
   1.3109999999999999e+02   3.2487465820312500e+03
   1.3209999999999999e+02   8.1288310546875000e+03
   1.3300000000000000e+02   5.9829663085937500e+02
   1.3309999999999999e+02   6.2412030029296898e+02
   1.3390000000000001e+02   8.9386528015136705e+01
   1.3409999999999999e+02   4.6879676818847699e+01
   1.3419999999999999e+02   1.4005493164062500e+01
   1.3500000000000000e+02   4.3163989257812500e+02
   1.3509999999999999e+02   1.1927445983886700e+02
   1.3600000000000000e+02   2.9805166625976602e+02
   1.3609999999999999e+02   1.8708984375000000e+02
   1.3690000000000001e+02   3.3022377014160199e+01
   1.3700000000000000e+02   1.0189002990722700e+02
   1.3790000000000001e+02   7.6908426284790004e+00
   1.3890000000000001e+02   4.4009239196777301e+01
   1.3900000000000000e+02   2.4623327636718801e+02
   1.4000000000000000e+02   2.0571090698242202e+01
   1.4090000000000001e+02   8.3243656158447301e+00
   1.4109999999999999e+02   5.3250873565673800e+01
   1.4190000000000001e+02   3.6638778686523402e+01
   1.4200000000000000e+02   5.3474189758300803e+01
   1.4209999999999999e+02   3.5338218688964801e+01
   1.4280000000000001e+02   4.5807159423828097e+01
   1.4290000000000001e+02   5.5241943359375000e+01
   1.4300000000000000e+02   3.0386291503906301e+02
   1.4309999999999999e+02   1.6665341186523401e+02
   1.4330000000000001e+02   1.7683023452758800e+01
   1.4400000000000000e+02   4.9666748046875000e+02
   1.4409999999999999e+02   1.4572750244140600e+03
   1.4480000000000001e+02   2.8284759521484400e+01
   1.4500000000000000e+02   4.4510971069335898e+02
   1.4509999999999999e+02   7.2348449707031295e+02
   1.4519999999999999e+02   1.0571061706543000e+02
   1.4609999999999999e+02   3.1869574218750000e+04
   1.4709999999999999e+02   3.0363090820312500e+03
   1.4709999999999999e+02   7.8292590332031295e+02
   1.4790000000000001e+02   9.0826309204101605e+01
   1.4809999999999999e+02   6.4045788574218795e+02
   1.4890000000000001e+02   1.0156530380249000e+01
   1.4909999999999999e+02   1.3452319145202599e+01
   1.5400000000000000e+02   4.7612041473388700e+01
   1.5409999999999999e+02   1.2590612411499000e+01
   1.5500000000000000e+02   1.3594141960144000e+01
   1.5590000000000001e+02   6.9471595764160199e+01
   1.5600000000000000e+02   1.3896476745605500e+02
   1.5609999999999999e+02   5.5611518859863303e+01
   1.5630000000000001e+02   1.5913297653198200e+01
   1.5700000000000000e+02   3.2677670288085898e+02
   1.5809999999999999e+02   4.6876933593750000e+03
   1.5900000000000000e+02   1.3008801269531300e+03
   1.6000000000000000e+02   6.4549780273437500e+02
   1.6009999999999999e+02   3.9236938476562500e+01
   1.6100000000000000e+02   4.1666313171386697e+01
   1.6100000000000000e+02   7.2677024841308594e+01
   1.6130000000000001e+02   1.1569485664367701e+01
   1.6190000000000001e+02   9.2192516326904297e+00
   1.6209999999999999e+02   2.0078796386718800e+01
   1.6700000000000000e+02   3.0856470108032202e+01
   1.6900000000000000e+02   1.6064472198486300e+01
   1.6980000000000001e+02   1.0112725257873500e+01
   1.7000000000000000e+02   5.4743610382080099e+01
   1.7009999999999999e+02   2.0420063018798800e+01
   1.7019999999999999e+02   4.2262977600097699e+01
   1.7100000000000000e+02   7.2053901672363295e+01
   1.7190000000000001e+02   1.4342597961425801e+01
   1.7200000000000000e+02   3.3328640747070301e+02
   1.7209999999999999e+02   1.1687437438964800e+02
   1.7280000000000001e+02   1.1784671783447299e+01
   1.7300000000000000e+02   1.5815962219238301e+02
   1.7309999999999999e+02   8.3084007263183594e+01
   1.7400000000000000e+02   2.1668476867675801e+02
   1.7409999999999999e+02   4.8213461303710898e+02
   1.7480000000000001e+02   1.7528301239013700e+01
   1.7500000000000000e+02   1.0633280181884800e+02
   1.7509999999999999e+02   1.1871516227722200e+01
   1.7519999999999999e+02   7.8359999656677202e+00
   1.7980000000000001e+02   8.0828514099121094e+00
   1.8200000000000000e+02   3.1675695419311499e+01
   1.8390000000000001e+02   1.9963321685791001e+01
   1.8409999999999999e+02   8.7977279663085895e+01
   1.8490000000000001e+02   1.1112059593200700e+01
   1.8500000000000000e+02   3.8623268127441399e+01
   1.8569999999999999e+02   1.0657953262329100e+01
   1.8590000000000001e+02   8.5452262878417997e+01
   1.8600000000000000e+02   1.6059448242187500e+01
   1.8619999999999999e+02   3.5129600524902301e+01
   1.8690000000000001e+02   7.5579391479492202e+01
   1.8709999999999999e+02   1.1393757324218800e+03
   1.8809999999999999e+02   2.1439535156250000e+04
   1.8909999999999999e+02   1.0064041015625000e+04
   1.9000000000000000e+02   1.2519978332519500e+02
   1.9009999999999999e+02   1.1129779052734400e+03
   1.9090000000000001e+02   8.2885046005249006e+00
   1.9100000000000000e+02   5.1402446746826200e+01
   1.9109999999999999e+02   1.3753355026245099e+01
   1.9490000000000001e+02   1.0456637382507299e+01
   1.9600000000000000e+02   2.1062330245971701e+01
   1.9609999999999999e+02   2.6098613739013700e+01
   1.9709999999999999e+02   1.8209363937377901e+01
   1.9800000000000000e+02   7.1154220581054702e+01
   1.9809999999999999e+02   5.2767791748046898e+02
   1.9819999999999999e+02   4.1801292419433601e+01
   1.9909999999999999e+02   3.5587005615234398e+02
   1.9930000000000001e+02   2.9119293212890600e+01
   2.0000000000000000e+02   2.5962625503540000e+01
   2.0009999999999999e+02   8.9967687988281295e+02
   2.0019999999999999e+02   8.5155845642089801e+01
   2.0080000000000001e+02   9.9201126098632795e+00
   2.0100000000000000e+02   1.2637735748291000e+02
   2.0109999999999999e+02   2.7632501220703102e+02
   2.0209999999999999e+02   4.1717382812500000e+02
   2.0209999999999999e+02   4.5601718139648398e+02
   2.0300000000000000e+02   6.3908985137939503e+01
   2.0309999999999999e+02   6.6604957580566406e+01
   2.1069999999999999e+02   9.1986579895019496e+00
   2.1080000000000001e+02   2.2621559143066399e+01
   2.1100000000000000e+02   2.0643037796020501e+01
   2.1109999999999999e+02   2.3921833038330099e+01
   2.1169999999999999e+02   7.9858832359314000e+00
   2.1280000000000001e+02   1.7103080749511701e+01
   2.1300000000000000e+02   2.1436477661132798e+01
   2.1319999999999999e+02   5.6142974853515597e+01
   2.1319999999999999e+02   3.1093255996704102e+01
   2.1490000000000001e+02   3.7144416809082003e+01
   2.1500000000000000e+02   9.8341247558593807e+01
   2.1590000000000001e+02   1.2501166343689000e+01
   2.1609999999999999e+02   1.9611017227172901e+01
   2.1909999999999999e+02   1.0328429222106900e+01
   2.2709999999999999e+02   9.0949611663818395e+00
   2.2730000000000001e+02   1.2714788436889600e+01
   2.2880000000000001e+02   3.1405857086181602e+01
   2.2890000000000001e+02   4.9910736083984403e+01
   2.2909999999999999e+02   1.1074633789062500e+02
   2.2919999999999999e+02   4.4821105957031300e+01
   2.2940000000000001e+02   1.2508707046508800e+01
   2.2980000000000001e+02   3.1078405380248999e+01
   2.3000000000000000e+02   3.1870029449462901e+01
   2.3009999999999999e+02   1.5862129211425801e+02
   2.3019999999999999e+02   2.5388815307617199e+02
   2.3109999999999999e+02   6.3388730468750000e+04
   2.3219999999999999e+02   1.0211517578125000e+04
   2.3309999999999999e+02   9.3974816894531295e+02
   2.3400000000000000e+02   4.9708805084228501e+01
   2.3409999999999999e+02   3.0065582275390600e+01
   2.3680000000000001e+02   2.3150051116943398e+01
   2.3690000000000001e+02   2.5269161224365199e+01
   2.3690000000000001e+02   1.5817489624023400e+01
   2.3709999999999999e+02   3.8294248580932599e+00
   2.7089999999999998e+02   1.1788589477539100e+01
   2.7110000000000002e+02   8.6114334106445298e+01
   2.7119999999999999e+02   7.5915138244628906e+01
   2.9289999999999998e+02   4.2630538940429702e+01
   2.9300000000000000e+02   4.9687446594238303e+01
   3.3410000000000002e+02   9.0771583557128906e+01
   3.3419999999999999e+02   2.8899999618530298e+01
   3.3510000000000002e+02   1.7039073944091800e+01
   3.3530000000000001e+02   8.7646541595459002e+00
   3.3689999999999998e+02   1.8907325744628899e+01
   3.3719999999999999e+02   9.5541105270385707e+00
   3.3730000000000001e+02   1.8061670303344702e+01
