   4.0100000000000001e+01   3.2458169555664102e+02
   4.1000000000000000e+01   4.8555292968750000e+03
   4.2100000000000001e+01   2.5694949218750000e+04
   4.3000000000000000e+01   1.4913338623046900e+03
   4.3100000000000001e+01   1.0978004150390600e+03
   4.4100000000000001e+01   2.6938455078125000e+04
   4.5000000000000000e+01   6.7965258789062500e+02
   4.8799999999999997e+01   1.5360186576843301e+01
   5.0000000000000000e+01   1.0107574462890600e+03
   5.0100000000000001e+01   9.5684623718261705e+01
   5.1000000000000000e+01   4.6978906250000000e+03
   5.2000000000000000e+01   4.4261422729492199e+02
   5.2100000000000001e+01   1.0945986328125000e+03
   5.2899999999999999e+01   2.8207323074340799e+01
   5.3000000000000000e+01   1.5226866455078100e+03
   5.4000000000000000e+01   2.2231013183593800e+03
   5.5000000000000000e+01   2.9578483886718800e+03
   5.6000000000000000e+01   3.7914802246093800e+03
   5.7100000000000001e+01   2.7751767578125000e+03
   5.8000000000000000e+01   2.5479794311523401e+02
   5.8100000000000001e+01   1.7204959106445301e+02
   5.8799999999999997e+01   3.4547065734863303e+01
   5.9000000000000000e+01   7.3668243408203097e+01
   5.9100000000000001e+01   1.5272125244140600e+01
   6.1000000000000000e+01   6.4272590637207003e+01
   6.1899999999999999e+01   1.4768267822265599e+02
   6.2000000000000000e+01   3.6349420166015602e+02
   6.2899999999999999e+01   5.7049291992187500e+02
   6.3000000000000000e+01   2.0534638671875000e+03
   6.4000000000000000e+01   1.2858745117187500e+03
   6.4099999999999994e+01   1.9259828186035199e+02
   6.5000000000000000e+01   1.5515063476562500e+04
   6.6000000000000000e+01   2.7934943847656300e+03
   6.7000000000000000e+01   1.7584129638671900e+03
   6.8099999999999994e+01   3.2858212890625000e+03
   6.8900000000000006e+01   4.6665416717529297e+01
   6.9000000000000000e+01   1.8505961914062500e+03
   7.0099999999999994e+01   8.6247070312500000e+03
   7.1000000000000000e+01   3.0964349365234398e+02
   7.1099999999999994e+01   2.4046548461914099e+02
   7.2000000000000000e+01   1.1810631561279300e+02
   7.2099999999999994e+01   4.9465133666992202e+01
   7.2900000000000006e+01   8.9362739562988295e+01
   7.3099999999999994e+01   2.3175405502319300e+01
   7.3900000000000006e+01   1.8601808166503901e+02
   7.4099999999999994e+01   1.8838378906250000e+02
   7.5000000000000000e+01   4.9240936279296898e+02
   7.5099999999999994e+01   9.1908149719238295e+01
   7.6099999999999994e+01   1.2776502685546900e+03
   7.6200000000000003e+01   3.1002759933471701e+01
   7.7000000000000000e+01   2.5668378906250000e+04
   7.8000000000000000e+01   6.9632026367187500e+03
   7.9000000000000000e+01   8.3334394531250000e+03
   7.9900000000000006e+01   6.0770530700683601e+01
   8.0000000000000000e+01   1.5148286132812500e+03
   8.0900000000000006e+01   2.8031658935546898e+02
   8.1099999999999994e+01   4.4545785522460898e+02
   8.2000000000000000e+01   1.9589691162109400e+03
   8.2099999999999994e+01   1.3686946105957000e+02
   8.2900000000000006e+01   2.9122547149658200e+01
   8.3000000000000000e+01   5.6553808593750000e+02
   8.3200000000000003e+01   2.1624013900756800e+01
   8.4000000000000000e+01   4.0273587036132801e+02
   8.4099999999999994e+01   3.3142019653320301e+02
   8.5000000000000000e+01   1.2238581085205099e+02
   8.6000000000000000e+01   1.5564743041992200e+01
   8.6700000000000003e+01   2.7416687011718800e+01
   8.7000000000000000e+01   9.4961944580078097e+01
   8.7099999999999994e+01   3.2906898498535199e+01
   8.8000000000000000e+01   4.0034233093261697e+01
   8.8099999999999994e+01   5.1163272857666001e+01
   8.8299999999999997e+01   4.1717605590820298e+01
   8.9000000000000000e+01   3.0698881835937500e+03
   8.9900000000000006e+01   1.1240823364257800e+02
   9.0099999999999994e+01   2.1841320800781300e+03
   9.1000000000000000e+01   4.7542437500000000e+04
   9.2000000000000000e+01   6.9215312500000000e+03
   9.3000000000000000e+01   3.8368791503906300e+03
   9.4400000000000006e+01   4.7736700439453102e+02
   9.4599999999999994e+01   5.0473159179687500e+03
   9.5099999999999994e+01   2.7013450622558601e+01
   9.6099999999999994e+01   1.8076775390625000e+04
   9.7099999999999994e+01   2.6005178222656300e+03
   9.7799999999999997e+01   2.7935422897338899e+01
   9.8000000000000000e+01   1.5188916015625000e+02
   9.8099999999999994e+01   1.3888148498535199e+02
   9.8200000000000003e+01   1.0020932769775401e+02
   1.0080000000000000e+02   5.0223464965820298e+01
   1.0100000000000000e+02   4.6782676696777301e+01
   1.0109999999999999e+02   7.1356231689453097e+01
   1.0200000000000000e+02   6.2407098388671898e+02
   1.0209999999999999e+02   5.0056204223632801e+02
   1.0309999999999999e+02   8.1869204101562500e+03
   1.0400000000000000e+02   1.1259848632812500e+04
   1.0509999999999999e+02   2.0611173828125000e+04
   1.0600000000000000e+02   7.1040170898437500e+03
   1.0690000000000001e+02   4.3393093109130902e+01
   1.0700000000000000e+02   3.2062167358398398e+02
   1.0709999999999999e+02   3.1959783935546898e+02
   1.0790000000000001e+02   4.8728775024414098e+01
   1.0800000000000000e+02   8.2030677795410199e+01
   1.0880000000000000e+02   1.5339565277099600e+01
   1.0900000000000000e+02   1.8067613601684599e+01
   1.1100000000000000e+02   7.4678482055664105e+01
   1.1120000000000000e+02   1.5254098892211900e+01
   1.1409999999999999e+02   1.5738976478576699e+01
   1.1500000000000000e+02   1.7051500244140600e+03
   1.1590000000000001e+02   2.2734828948974599e+01
   1.1600000000000000e+02   8.1590130615234398e+02
   1.1630000000000000e+02   8.4609642028808594e+01
   1.1700000000000000e+02   8.1003872070312500e+03
   1.1809999999999999e+02   2.9822960937500000e+04
   1.1909999999999999e+02   7.7275957031250000e+03
   1.2000000000000000e+02   2.0090570068359400e+03
   1.2090000000000001e+02   2.3727354049682599e+01
   1.2100000000000000e+02   1.4449525451660199e+02
   1.2120000000000000e+02   4.1990791320800803e+01
   1.2680000000000000e+02   1.6024335861206101e+01
   1.2690000000000001e+02   1.1551258087158200e+02
   1.2790000000000001e+02   1.3280718994140599e+02
   1.2809999999999999e+02   4.3098083496093801e+02
   1.2890000000000001e+02   1.8878764343261699e+02
   1.2900000000000000e+02   3.4516809082031301e+02
   1.2919999999999999e+02   7.6156280517578097e+01
   1.3009999999999999e+02   9.2135585937500000e+03
   1.3109999999999999e+02   5.2924785156250000e+03
   1.3209999999999999e+02   2.3687007812500000e+04
   1.3300000000000000e+02   2.7915148925781300e+03
   1.3400000000000000e+02   1.1523041992187500e+03
   1.3490000000000001e+02   3.6562515258789098e+01
   1.3509999999999999e+02   1.1252216339111300e+02
   1.3700000000000000e+02   1.6570062255859401e+02
   1.3709999999999999e+02   7.3334579467773402e+00
   1.4080000000000001e+02   1.8102117538452099e+01
   1.4100000000000000e+02   6.8382156372070298e+01
   1.4150000000000000e+02   1.7717220306396499e+01
   1.4200000000000000e+02   7.4559501647949205e+01
   1.4209999999999999e+02   1.0559023284912099e+02
   1.4280000000000001e+02   5.0537231445312500e+01
   1.4300000000000000e+02   4.8575460815429699e+02
   1.4319999999999999e+02   7.9857040405273395e+01
   1.4330000000000001e+02   2.7792716979980501e+01
   1.4400000000000000e+02   5.3129595947265602e+02
   1.4409999999999999e+02   2.3109270019531300e+03
   1.4500000000000000e+02   4.3180294036865199e+01
   1.4519999999999999e+02   2.4726286621093800e+03
   1.4609999999999999e+02   1.0608750781250000e+05
   1.4709999999999999e+02   1.2076762695312500e+04
   1.4800000000000000e+02   1.0954951477050800e+02
   1.4809999999999999e+02   1.9165917968750000e+03
   1.4900000000000000e+02   1.2881587219238301e+02
   1.4919999999999999e+02   4.9579734802246101e+01
   1.5419999999999999e+02   1.5280200958251999e+01
   1.5600000000000000e+02   2.4623783874511699e+02
   1.5609999999999999e+02   3.4141536712646499e+01
   1.5700000000000000e+02   3.9657047271728501e+01
   1.5709999999999999e+02   9.5937057495117202e+01
   1.5800000000000000e+02   9.3906665039062500e+02
   1.5890000000000001e+02   2.2225032043457000e+02
   1.5909999999999999e+02   4.3795028686523398e+02
   1.6009999999999999e+02   4.1497299804687500e+03
   1.6100000000000000e+02   6.9120922851562500e+02
   1.6109999999999999e+02   7.7767684936523395e+01
   1.6190000000000001e+02   1.5755489349365201e+01
   1.6219999999999999e+02   2.1374498367309599e+01
   1.6500000000000000e+02   3.4978782653808601e+01
   1.6700000000000000e+02   3.4656818389892599e+01
   1.6909999999999999e+02   2.3441783905029300e+01
   1.6990000000000001e+02   4.2869136810302699e+01
   1.7109999999999999e+02   1.6601858139038100e+01
   1.7209999999999999e+02   1.4221838951110801e+01
   1.7219999999999999e+02   4.6328548431396499e+01
   1.7290000000000001e+02   2.2748867034912099e+01
   1.7309999999999999e+02   2.3013429260253901e+02
   1.7390000000000001e+02   1.4448904991149901e+01
   1.7409999999999999e+02   8.2910530090332003e+01
   1.8000000000000000e+02   3.9530185699462898e+01
   1.8200000000000000e+02   5.5942459106445298e+01
   1.8400000000000000e+02   3.0200827026367199e+02
   1.8409999999999999e+02   1.9914280700683599e+02
   1.8419999999999999e+02   3.9670536041259801e+01
   1.8500000000000000e+02   2.9617816162109398e+02
   1.8509999999999999e+02   2.0577557373046901e+02
   1.8530000000000001e+02   2.3688402175903299e+01
   1.8609999999999999e+02   8.5544299316406295e+02
   1.8619999999999999e+02   2.8007995605468801e+02
   1.8690000000000001e+02   6.5194015502929702e+01
   1.8709999999999999e+02   7.9271459960937500e+02
   1.8719999999999999e+02   7.7519458007812500e+02
   1.8790000000000001e+02   3.9601310729980497e+01
   1.8809999999999999e+02   5.8607263183593795e+02
   1.8819999999999999e+02   1.5044093017578100e+03
   1.8909999999999999e+02   9.0159695312500000e+04
   1.9009999999999999e+02   1.2877875000000000e+04
   1.9109999999999999e+02   7.4652423095703102e+02
   1.9119999999999999e+02   1.4337692260742199e+02
   2.0300000000000000e+02   1.5306654930114700e+01
   2.0700000000000000e+02   1.2233703613281300e+01
   2.0800000000000000e+02   2.0312295913696300e+01
   2.1080000000000001e+02   3.8926700592041001e+01
   2.1100000000000000e+02   2.2642343521118200e+01
   2.1500000000000000e+02   1.4886404418945301e+02
   2.1509999999999999e+02   2.3891571044921900e+01
   2.1700000000000000e+02   1.6936595916748001e+01
   2.1880000000000001e+02   6.1649719238281300e+01
   2.3300000000000000e+02   7.9177520751953097e+01
   2.3590000000000001e+02   1.5163784980773899e+01
   2.3600000000000000e+02   1.4129581451416000e+01
   2.3700000000000000e+02   7.8375747680664105e+01
   2.5100000000000000e+02   2.3584569931030298e+01
   2.5109999999999999e+02   4.5958957672119098e+01
   2.7810000000000002e+02   6.5429946899414105e+01
   2.7910000000000002e+02   3.1911104202270501e+01
   2.7930000000000001e+02   4.9786243438720703e+01
   2.8019999999999999e+02   3.1954523925781300e+03
   2.8100000000000000e+02   1.2791394042968800e+02
   2.8119999999999999e+02   4.8688732910156301e+02
   2.8130000000000001e+02   2.7909980773925799e+01
   2.9300000000000000e+02   2.4888740539550799e+01
