   4.0100000000000001e+01   1.8026225280761699e+02
   4.0200000000000003e+01   5.6356010437011697e+01
   4.1100000000000001e+01   3.2454538574218800e+03
   4.2100000000000001e+01   1.4116923828125000e+04
   4.3100000000000001e+01   1.8514716796875000e+04
   4.4000000000000000e+01   6.6180996093750000e+03
   4.4899999999999999e+01   8.0132804870605497e+01
   4.5100000000000001e+01   9.1628494262695298e+01
   4.9000000000000000e+01   1.0582791328430201e+01
   4.9899999999999999e+01   3.9848712921142599e+01
   5.0000000000000000e+01   3.6149859619140602e+02
   5.0100000000000001e+01   2.3680725097656301e+02
   5.1000000000000000e+01   2.7805422363281300e+03
   5.1899999999999999e+01   1.9304591369628901e+02
   5.2000000000000000e+01   6.2322137451171898e+02
   5.3000000000000000e+01   3.9579687500000000e+02
   5.3000000000000000e+01   6.2891949462890602e+02
   5.4000000000000000e+01   1.3691070556640600e+03
   5.4200000000000003e+01   2.2760684967041001e+01
   5.5100000000000001e+01   2.2533037109375000e+03
   5.5899999999999999e+01   1.4374019622802701e+01
   5.6000000000000000e+01   2.0636142578125000e+03
   5.6899999999999999e+01   2.1535934448242199e+02
   5.7100000000000001e+01   9.7377465820312500e+02
   5.7899999999999999e+01   2.0030941009521499e+01
   5.8100000000000001e+01   1.9824468994140599e+02
   5.8799999999999997e+01   7.5123338699340803e+00
   5.8899999999999999e+01   5.3295135498046902e+00
   5.9000000000000000e+01   5.5242500305175803e+01
   5.9200000000000003e+01   1.1617293357849100e+01
   6.1000000000000000e+01   4.1517360687255902e+01
   6.1799999999999997e+01   4.3667221069335902e+01
   6.2000000000000000e+01   1.0857818603515599e+02
   6.2000000000000000e+01   9.9834869384765597e+01
   6.2200000000000003e+01   1.4670160293579100e+01
   6.3000000000000000e+01   1.5103167724609400e+03
   6.4000000000000000e+01   5.3069818115234398e+02
   6.4000000000000000e+01   3.4561184692382801e+02
   6.5000000000000000e+01   6.4612636718750000e+03
   6.6000000000000000e+01   3.8109829711914102e+02
   6.6000000000000000e+01   9.1739996337890602e+02
   6.7000000000000000e+01   2.5211074218750000e+03
   6.7900000000000006e+01   5.5377037048339801e+01
   6.8000000000000000e+01   2.5845244140625000e+03
   6.9000000000000000e+01   2.1992841796875000e+03
   6.9099999999999994e+01   3.1689495086669901e+01
   7.0000000000000000e+01   3.6205177307128899e+01
   7.0099999999999994e+01   3.5697819824218800e+03
   7.1000000000000000e+01   2.1463494873046901e+02
   7.1099999999999994e+01   1.2097842407226599e+02
   7.1799999999999997e+01   1.6939889907836900e+01
   7.1900000000000006e+01   9.7182624816894503e+01
   7.2099999999999994e+01   4.3426254272460902e+01
   7.2900000000000006e+01   1.4494404792785600e+01
   7.3000000000000000e+01   2.4813316345214801e+01
   7.3099999999999994e+01   3.9712867736816399e+01
   7.3799999999999997e+01   5.0683753967285199e+01
   7.3900000000000006e+01   1.2268371582031300e+02
   7.4000000000000000e+01   1.8912226867675801e+02
   7.4900000000000006e+01   2.7370367431640602e+02
   7.5099999999999994e+01   1.2347937011718800e+02
   7.5799999999999997e+01   2.3606311798095700e+01
   7.6000000000000000e+01   2.3829444885253901e+02
   7.6099999999999994e+01   6.2249334716796898e+02
   7.7000000000000000e+01   1.8079666015625000e+04
   7.8000000000000000e+01   3.7385722656250000e+03
   7.9000000000000000e+01   5.5539692382812500e+03
   8.0000000000000000e+01   1.2397696533203100e+03
   8.0099999999999994e+01   9.7505973815917997e+01
   8.0799999999999997e+01   1.9878707885742202e+01
   8.0900000000000006e+01   1.3758967590332000e+02
   8.1000000000000000e+01   3.8536666870117199e+02
   8.1200000000000003e+01   5.4442062377929702e+01
   8.1900000000000006e+01   6.8911483764648395e+01
   8.2000000000000000e+01   2.4438847656250000e+03
   8.2200000000000003e+01   3.3354877471923800e+01
   8.2900000000000006e+01   7.2516441345214801e+01
   8.3000000000000000e+01   4.0580130004882801e+02
   8.3200000000000003e+01   7.0894027709960895e+01
   8.3900000000000006e+01   6.7511413574218807e+01
   8.4000000000000000e+01   6.4827081298828102e+02
   8.5000000000000000e+01   1.0772946929931599e+02
   8.5900000000000006e+01   5.9430953979492202e+01
   8.6099999999999994e+01   4.8218849182128899e+01
   8.6200000000000003e+01   2.8421943664550799e+01
   8.7000000000000000e+01   2.3423233032226602e+01
   8.7099999999999994e+01   2.2163433074951200e+01
   8.8099999999999994e+01   1.0066227912902800e+01
   8.9000000000000000e+01   1.3266757812500000e+03
   8.9099999999999994e+01   4.9681774139404297e+01
   8.9900000000000006e+01   8.6662628173828097e+01
   9.0000000000000000e+01   7.9075469970703102e+02
   9.0099999999999994e+01   3.7596643066406301e+02
   9.1000000000000000e+01   2.3547193359375000e+04
   9.2000000000000000e+01   3.2763073730468801e+02
   9.2099999999999994e+01   2.7607551269531300e+03
   9.3000000000000000e+01   4.3288652343750000e+03
   9.4000000000000000e+01   2.9206926269531300e+03
   9.4200000000000003e+01   1.4296582031250000e+02
   9.5000000000000000e+01   1.5908955078125000e+03
   9.6099999999999994e+01   1.0547222656250000e+04
   9.7000000000000000e+01   6.6219671630859398e+02
   9.7099999999999994e+01   8.0687200927734398e+02
   9.8000000000000000e+01   3.6216952514648398e+02
   9.8099999999999994e+01   2.2045964050293000e+02
   9.8900000000000006e+01   2.4634815216064499e+01
   9.9099999999999994e+01   3.7552391052246101e+01
   1.0080000000000000e+02   4.8237937927246101e+01
   1.0109999999999999e+02   6.8785720825195298e+01
   1.0190000000000001e+02   2.7376493453979499e+01
   1.0200000000000000e+02   6.5408544921875000e+02
   1.0290000000000001e+02   4.4458245849609398e+02
   1.0300000000000000e+02   5.2335551757812500e+03
   1.0400000000000000e+02   7.7887353515625000e+03
   1.0509999999999999e+02   1.6528191406250000e+04
   1.0600000000000000e+02   1.2215284423828100e+03
   1.0609999999999999e+02   2.7369987792968800e+03
   1.0700000000000000e+02   3.4818441772460898e+02
   1.0709999999999999e+02   5.1632114410400398e+01
   1.0800000000000000e+02   1.5535736083984401e+02
   1.0809999999999999e+02   1.1115396881103500e+02
   1.0880000000000000e+02   1.5802617073059100e+01
   1.0890000000000001e+02   1.4326589965820301e+02
   1.0909999999999999e+02   7.8787277221679702e+01
   1.1000000000000000e+02   3.9536608886718801e+02
   1.1090000000000001e+02   3.2599967956542997e+01
   1.1100000000000000e+02   9.2710647583007798e+01
   1.1120000000000000e+02   9.7220907211303693e+00
   1.1190000000000001e+02   2.7407226562500000e+01
   1.1420000000000000e+02   1.1751488685607899e+01
   1.1500000000000000e+02   6.2907098388671898e+02
   1.1509999999999999e+02   4.2194787597656301e+02
   1.1580000000000000e+02   2.4479726791381800e+01
   1.1590000000000001e+02   2.2956401062011699e+02
   1.1600000000000000e+02   3.6410964965820301e+02
   1.1700000000000000e+02   8.7432159423828102e+02
   1.1709999999999999e+02   3.1306799316406300e+03
   1.1809999999999999e+02   1.1262414062500000e+04
   1.1900000000000000e+02   2.3550286865234401e+02
   1.1900000000000000e+02   2.2497541503906300e+03
   1.1990000000000001e+02   1.5911215782165501e+01
   1.2000000000000000e+02   4.0221228027343801e+02
   1.2009999999999999e+02   5.8387292480468795e+02
   1.2100000000000000e+02   4.3191184997558601e+01
   1.2209999999999999e+02   3.1169151306152301e+01
   1.2300000000000000e+02   3.2310813903808601e+01
   1.2400000000000000e+02   3.8859477996826200e+01
   1.2409999999999999e+02   5.0978641510009801e+01
   1.2590000000000001e+02   2.6734056472778299e+01
   1.2609999999999999e+02   7.1278671264648395e+01
   1.2620000000000000e+02   1.5097257614135700e+01
   1.2690000000000001e+02   4.4648334503173800e+01
   1.2700000000000000e+02   9.2734848022460895e+01
   1.2800000000000000e+02   4.0661224365234398e+02
   1.2809999999999999e+02   1.1655839920043899e+01
   1.2900000000000000e+02   4.4947433471679699e+02
   1.2919999999999999e+02   3.0487035751342798e+01
   1.3000000000000000e+02   8.1726743164062500e+03
   1.3100000000000000e+02   1.2533322753906300e+03
   1.3109999999999999e+02   3.2281481933593800e+03
   1.3209999999999999e+02   1.1213161132812500e+04
   1.3300000000000000e+02   1.4398706054687500e+03
   1.3309999999999999e+02   2.6043518066406301e+02
   1.3400000000000000e+02   4.0057208251953102e+02
   1.3409999999999999e+02   2.5071861267089801e+02
   1.3480000000000001e+02   5.5999923706054702e+01
   1.3490000000000001e+02   2.4536285400390599e+02
   1.3509999999999999e+02   2.6523040771484398e+02
   1.3590000000000001e+02   9.6657028198242202e+01
   1.3609999999999999e+02   4.6397265625000000e+02
   1.3640000000000001e+02   1.4857486724853500e+01
   1.3690000000000001e+02   6.6920410156250000e+01
   1.3700000000000000e+02   2.2549661254882801e+02
   1.3790000000000001e+02   1.1975283622741699e+01
   1.3809999999999999e+02   1.5919626235961900e+01
   1.3890000000000001e+02   1.6924715042114300e+01
   1.3900000000000000e+02   2.2667419433593801e+02
   1.3909999999999999e+02   1.4157002258300801e+02
   1.4000000000000000e+02   5.6046043395996101e+01
   1.4090000000000001e+02   3.1150346755981399e+01
   1.4109999999999999e+02   4.9298477172851598e+01
   1.4190000000000001e+02   3.6287643432617202e+01
   1.4200000000000000e+02   5.1963996887207003e+01
   1.4300000000000000e+02   9.0670722961425795e+01
   1.4309999999999999e+02   2.8956710815429699e+02
   1.4319999999999999e+02   3.3236782073974602e+01
   1.4400000000000000e+02   1.4352265625000000e+03
   1.4409999999999999e+02   4.4333496093750000e+02
   1.4500000000000000e+02   7.0824945068359398e+02
   1.4509999999999999e+02   9.5749096679687500e+02
   1.4609999999999999e+02   4.3866867187500000e+04
   1.4709999999999999e+02   5.4786816406250000e+03
   1.4800000000000000e+02   3.7359413146972699e+01
   1.4809999999999999e+02   6.8285748291015602e+02
   1.4819999999999999e+02   3.6629177093505902e+01
   1.4890000000000001e+02   2.4075366973876999e+01
   1.4909999999999999e+02   1.1371389389038100e+01
   1.5000000000000000e+02   4.4316810607910199e+01
   1.5019999999999999e+02   1.2950628280639600e+01
   1.5080000000000001e+02   1.2691931724548301e+01
   1.5100000000000000e+02   4.3033138275146499e+01
   1.5109999999999999e+02   1.2030883789062500e+01
   1.5209999999999999e+02   5.9904682159423800e+01
   1.5400000000000000e+02   4.0009998321533203e+01
   1.5409999999999999e+02   1.2891516685485801e+01
   1.5490000000000001e+02   6.3690845489502003e+01
   1.5500000000000000e+02   1.0242857933044400e+01
   1.5600000000000000e+02   4.2271572875976602e+02
   1.5700000000000000e+02   2.1533300781250000e+02
   1.5709999999999999e+02   4.5978149414062500e+01
   1.5719999999999999e+02   1.0903408813476599e+02
   1.5809999999999999e+02   6.1896464843750000e+03
   1.5900000000000000e+02   1.6908883056640600e+03
   1.6009999999999999e+02   1.5916783447265600e+03
   1.6019999999999999e+02   1.5161907958984401e+02
   1.6100000000000000e+02   9.9140312194824205e+01
   1.6109999999999999e+02   1.7207931518554699e+02
   1.6119999999999999e+02   3.8487968444824197e+01
   1.6130000000000001e+02   1.5693101882934601e+01
   1.6200000000000000e+02   2.4305995941162099e+01
   1.6690000000000001e+02   1.1564315795898400e+01
   1.6700000000000000e+02   1.0029812812805201e+01
   1.6709999999999999e+02   2.9932786941528299e+01
   1.6809999999999999e+02   1.4783772468566900e+01
   1.6890000000000001e+02   2.4223129272460898e+01
   1.6909999999999999e+02   3.8194053649902301e+01
   1.6990000000000001e+02   7.5943252563476605e+01
   1.7009999999999999e+02   1.5685063171386699e+02
   1.7090000000000001e+02   4.1832878112792997e+01
   1.7100000000000000e+02   9.7536453247070298e+01
   1.7200000000000000e+02   1.1007783508300800e+02
   1.7209999999999999e+02   2.8447729492187500e+02
   1.7230000000000001e+02   1.6305009841918899e+01
   1.7300000000000000e+02   4.5231393432617199e+02
   1.7309999999999999e+02   1.4464074707031301e+02
   1.7380000000000001e+02   1.5509626388549799e+01
   1.7390000000000001e+02   2.5218528747558601e+01
   1.7409999999999999e+02   6.2362922668457003e+01
   1.7480000000000001e+02   8.0401252746582003e+01
   1.7500000000000000e+02   8.4483352661132798e+01
   1.7600000000000000e+02   1.2043918609619100e+01
   1.8109999999999999e+02   1.1612702369689901e+01
   1.8190000000000001e+02   3.1026720046997099e+01
   1.8209999999999999e+02   6.4735618591308594e+01
   1.8290000000000001e+02   2.1185682296752901e+01
   1.8309999999999999e+02   2.1191555023193398e+01
   1.8390000000000001e+02   2.5695039749145501e+01
   1.8409999999999999e+02   8.1887274169921898e+02
   1.8500000000000000e+02   4.9176925659179699e+02
   1.8509999999999999e+02   2.1636285400390599e+02
   1.8609999999999999e+02   1.0735440673828100e+03
   1.8619999999999999e+02   1.0011290893554700e+03
   1.8700000000000000e+02   3.1842590332031300e+01
   1.8709999999999999e+02   1.8892436523437500e+03
   1.8809999999999999e+02   2.9353505859375000e+04
   1.8909999999999999e+02   1.3823256835937500e+04
   1.9009999999999999e+02   8.0104919433593795e+02
   1.9009999999999999e+02   9.3944598388671898e+02
   1.9100000000000000e+02   4.5991912841796903e+01
   1.9109999999999999e+02   5.3880828857421903e+01
   2.0090000000000001e+02   9.8972387313842791e+00
   2.0190000000000001e+02   2.1075677871704102e+01
   2.0209999999999999e+02   5.5108898925781295e+02
   2.0219999999999999e+02   1.8879031372070301e+02
   2.0300000000000000e+02   6.4431999206542997e+01
   2.0309999999999999e+02   3.9394199371337898e+01
   2.0700000000000000e+02   2.6917739868164102e+01
   2.0800000000000000e+02   9.4598150253295898e+00
   2.1080000000000001e+02   2.0814332962036102e+00
   2.1100000000000000e+02   1.9445823669433601e+01
   2.1290000000000001e+02   1.0920449256896999e+01
   2.1300000000000000e+02   1.5680461883544901e+01
   2.1309999999999999e+02   4.2239227294921903e+01
   2.1480000000000001e+02   5.8986301422119098e+01
   2.1500000000000000e+02   1.7955033874511699e+02
   2.1509999999999999e+02   2.2607273101806602e+01
   2.1590000000000001e+02   2.3831409454345700e+01
   2.1890000000000001e+02   1.0816716194152800e+01
   2.1909999999999999e+02   4.2000080108642599e+01
   2.2730000000000001e+02   1.0105895042419400e+01
   2.2880000000000001e+02   2.9346065521240199e+01
   2.2900000000000000e+02   1.0416074371337901e+02
   2.2909999999999999e+02   8.8837684631347699e+01
   2.2930000000000001e+02   5.8135112762451200e+01
   2.2980000000000001e+02   1.1570659637451200e+01
   2.2990000000000001e+02   5.0782024383544901e+01
   2.3009999999999999e+02   4.2770416259765602e+02
   2.3109999999999999e+02   8.1189531250000000e+04
   2.3209999999999999e+02   1.3188719726562500e+04
   2.3300000000000000e+02   7.9621505737304699e-01
   2.3309999999999999e+02   7.7190472412109398e+02
   2.3319999999999999e+02   5.6474230957031295e+02
   2.3409999999999999e+02   9.2172286987304702e+01
   2.3419999999999999e+02   1.2036418914794901e+01
   2.3680000000000001e+02   4.3142532348632798e+01
   2.3690000000000001e+02   3.6968196868896499e+01
   2.3709999999999999e+02   4.7664737701415998e+00
   2.5109999999999999e+02   1.0996480941772500e+01
   2.7910000000000002e+02   6.6062225341796903e+01
   2.7930000000000001e+02   1.2096145629882800e+01
   2.8010000000000002e+02   1.3079567909240700e+01
   2.9280000000000001e+02   1.5125530242919901e+01
   3.2000000000000000e+02   4.6688274383544901e+01
   3.2010000000000002e+02   5.2701072692871101e+01
   3.2019999999999999e+02   5.7231689453125000e+01
   3.2139999999999998e+02   2.2597879409790000e+01
