   4.0700000000000003e+01   3.5716140270233199e+00
   4.0899999999999999e+01   1.6773611068725600e+01
   4.1100000000000001e+01   2.7960287094116200e+01
   4.1799999999999997e+01   2.6304011344909699e+00
   4.2000000000000000e+01   6.1013710021972699e+01
   4.2200000000000003e+01   2.7831757068634002e+00
   4.3100000000000001e+01   1.3641114234924301e+00
   4.4000000000000000e+01   6.1752700805664098e+01
   4.4799999999999997e+01   1.2412634849548301e+01
   4.4899999999999999e+01   1.2897415161132800e+01
   4.5100000000000001e+01   4.3758311271667498e+00
   4.9899999999999999e+01   1.2618273735046399e+01
   5.0000000000000000e+01   1.5404994964599600e+01
   5.0799999999999997e+01   1.2819948196411101e+01
   5.0899999999999999e+01   8.3326339721679702e+01
   5.1000000000000000e+01   6.3216430664062500e+01
   5.1100000000000001e+01   9.1246633529663104e+00
   5.1899999999999999e+01   2.3304368972778299e+01
   5.2100000000000001e+01   8.8122196197509801e+00
   5.2899999999999999e+01   1.0594612121581999e+01
   5.3000000000000000e+01   2.1473085403442401e+01
   5.3100000000000001e+01   2.6919927597045898e+00
   5.3899999999999999e+01   1.2225125312805201e+01
   5.4100000000000001e+01   5.8839235305786097e+00
   5.4899999999999999e+01   7.0607009887695298e+01
   5.5100000000000001e+01   5.6652938842773402e+01
   5.5200000000000003e+01   2.7753407955169700e+00
   5.6000000000000000e+01   1.2810315132141101e+01
   5.6100000000000001e+01   7.6768054962158203e+00
   5.6899999999999999e+01   1.5167184448242199e+02
   5.7000000000000000e+01   2.6184936523437500e+02
   5.7100000000000001e+01   1.4278315734863301e+02
   5.8799999999999997e+01   1.4354436874389600e+01
   5.8899999999999999e+01   3.5477672576904297e+01
   5.9100000000000001e+01   1.2228302001953100e+01
   6.2799999999999997e+01   6.4444856643676802e+00
   6.2899999999999999e+01   1.5132651329040501e+01
   6.3000000000000000e+01   2.9069339752197301e+01
   6.3200000000000003e+01   3.4851105213165301e+00
   6.3700000000000003e+01   2.6965610980987500e+00
   6.4000000000000000e+01   2.6022443771362300e+00
   6.4099999999999994e+01   3.8975450992584202e+00
   6.4799999999999997e+01   4.1933788299560497e+01
   6.5000000000000000e+01   1.0991006469726599e+02
   6.5099999999999994e+01   7.7610649108886705e+01
   6.5900000000000006e+01   3.8941329956054702e+01
   6.6000000000000000e+01   4.1474903106689503e+01
   6.6900000000000006e+01   6.7024140357971200e+00
   6.7000000000000000e+01   7.1583657264709499e+00
   6.8000000000000000e+01   1.7885095596313501e+01
   6.8099999999999994e+01   7.0388894081115696e+00
   6.8799999999999997e+01   1.6707395553588899e+01
   6.8900000000000006e+01   1.2682986259460399e+01
   6.9099999999999994e+01   9.9568805694580096e+00
   6.9900000000000006e+01   3.1542794704437300e+00
   7.0799999999999997e+01   1.9877752304077099e+01
   7.1000000000000000e+01   1.8011804580688501e+01
   7.1099999999999994e+01   2.7092485427856401e+00
   7.2900000000000006e+01   5.5886740684509304e+00
   7.4000000000000000e+01   6.4307985305786097e+00
   7.4799999999999997e+01   3.6966445446014400e+00
   7.6099999999999994e+01   1.0339568138122599e+01
   7.7000000000000000e+01   7.4380401611328102e+02
   7.7799999999999997e+01   2.9220214843750000e+01
   7.8000000000000000e+01   9.9830062866210895e+01
   7.8099999999999994e+01   1.0316118240356399e+01
   7.8799999999999997e+01   2.4862713813781698e+00
   7.8900000000000006e+01   2.3794471740722699e+01
   7.9099999999999994e+01   2.3069591522216800e+01
   7.9700000000000003e+01   2.7222599983215301e+00
   7.9900000000000006e+01   6.2272258758544901e+01
   8.0099999999999994e+01   2.3930400848388700e+01
   8.1000000000000000e+01   5.0107559204101598e+01
   8.1099999999999994e+01   2.0633028030395501e+01
   8.1200000000000003e+01   1.0403773784637500e+00
   8.1799999999999997e+01   2.5235717773437500e+01
   8.2000000000000000e+01   7.3583618164062500e+01
   8.2099999999999994e+01   3.5346046447753899e+01
   8.2799999999999997e+01   9.3925418853759801e+00
   8.2900000000000006e+01   2.7634713649749800e+00
   8.3000000000000000e+01   1.8897665023803700e+01
   8.3200000000000003e+01   2.9028201103210400e+00
   8.3900000000000006e+01   1.5161995887756300e+01
   8.4000000000000000e+01   9.5278434753418004e+00
   9.0900000000000006e+01   8.6351364135742202e+01
   9.1000000000000000e+01   1.0066751861572300e+02
   9.1200000000000003e+01   4.0457429885864302e+00
   9.1900000000000006e+01   1.8642368316650401e+01
   9.2000000000000000e+01   2.4167093276977500e+01
   9.2200000000000003e+01   8.9872188568115199e+00
   9.2299999999999997e+01   2.5280456542968799e+00
   9.2900000000000006e+01   1.9673841857910199e+02
   9.3000000000000000e+01   2.4001777648925801e+02
   9.3200000000000003e+01   1.3871004104614300e+01
   9.3799999999999997e+01   2.5878988265991200e+01
   9.4000000000000000e+01   4.2729057312011697e+01
   9.4200000000000003e+01   1.6631202697753899e+01
   9.5000000000000000e+01   2.8362326622009300e+00
   9.5799999999999997e+01   3.5864691734314000e+00
   9.6000000000000000e+01   2.5598030090331999e+01
   9.6099999999999994e+01   9.7851343154907209e+00
   9.6900000000000006e+01   1.7773655700683599e+02
   9.7000000000000000e+01   1.3681448364257801e+02
   9.7099999999999994e+01   7.1465324401855497e+01
   1.0280000000000000e+02   4.8542180061340297e+00
   1.0300000000000000e+02   1.9186403274536101e+01
   1.0309999999999999e+02   1.2734976768493700e+01
   1.0370000000000000e+02   3.5761668682098402e+00
   1.0380000000000000e+02   3.2662826538085902e+01
   1.0390000000000001e+02   8.7054885864257798e+01
   1.0400000000000000e+02   9.8175598144531307e+01
   1.0409999999999999e+02   2.2611907958984400e+01
   1.0480000000000000e+02   2.5100553035736102e+00
   1.0490000000000001e+02   2.9596052169799801e+01
   1.0520000000000000e+02   2.5014366149902301e+01
   1.0590000000000001e+02   2.7948795318603501e+01
   1.0600000000000000e+02   2.8814395904541001e+01
   1.0609999999999999e+02   1.3118468284606900e+01
   1.0770000000000000e+02   5.7380905151367196e+00
   1.0790000000000001e+02   8.9526672363281303e+00
   1.0800000000000000e+02   1.8702445983886701e+01
   1.0809999999999999e+02   1.2174519538879400e+01
   1.0880000000000000e+02   7.0395385742187500e+01
   1.0890000000000001e+02   1.6279908752441401e+02
   1.0909999999999999e+02   5.2613491058349602e+01
   1.0970000000000000e+02   4.7074751853942898e+00
   1.0990000000000001e+02   5.3991695404052699e+01
   1.0990000000000001e+02   2.3133076477050801e+02
   1.1000000000000000e+02   3.4079025268554699e+02
   1.1080000000000000e+02   3.3463163375854501e+00
   1.1090000000000001e+02   4.5869773864746101e+01
   1.1100000000000000e+02   4.2844749450683601e+01
   1.1209999999999999e+02   2.8805775642395002e+00
   1.1500000000000000e+02   2.9490258693695099e+00
   1.1670000000000000e+02   3.0797989368438698e+00
   1.1690000000000001e+02   7.3435043334960895e+01
   1.1700000000000000e+02   7.2447135925292997e+01
   1.1720000000000000e+02   7.5795431137084996e+00
   1.1750000000000000e+02   2.5843052864074698e+00
   1.1790000000000001e+02   3.3545108795166001e+01
   1.1800000000000000e+02   1.1124996948242200e+02
   1.1809999999999999e+02   1.0841284179687500e+02
   1.1820000000000000e+02   1.5032255649566699e+00
   1.1880000000000000e+02   2.8027338027954102e+01
   1.1890000000000001e+02   4.7679763793945298e+01
   1.1900000000000000e+02   5.5106101989746101e+01
   1.1920000000000000e+02   2.6795177459716800e+01
   1.1980000000000000e+02   2.0306385040283200e+01
   1.2009999999999999e+02   2.4610364913940401e+01
   1.2109999999999999e+02   3.6129920482635498e+00
   1.2180000000000000e+02   5.7682576179504403e+00
   1.2180000000000000e+02   1.4538245201110801e+01
   1.2200000000000000e+02   1.4948447227478001e+01
   1.2270000000000000e+02   3.3029356002807599e+00
   1.2290000000000001e+02   5.0775226593017599e+01
   1.2300000000000000e+02   5.5682132720947301e+01
   1.2309999999999999e+02   5.5344634056091300e+00
   1.2420000000000000e+02   4.1798591613769496e+00
   1.2790000000000001e+02   2.6697316169738801e+00
   1.2900000000000000e+02   3.3053662776946999e+00
   1.2909999999999999e+02   7.0423841476440403e+00
   1.2980000000000001e+02   4.5456175804138201e+00
   1.2990000000000001e+02   8.4158142089843807e+01
   1.3000000000000000e+02   1.7585809326171901e+02
   1.3019999999999999e+02   9.6682796478271502e+00
   1.3090000000000001e+02   2.7474157333373999e+01
   1.3100000000000000e+02   5.1467353820800803e+01
   1.3109999999999999e+02   4.1659545898437500e+01
   1.3180000000000001e+02   9.0954914093017596e+00
   1.3200000000000000e+02   1.2384354400634800e+02
   1.3209999999999999e+02   1.3332052612304699e+02
   1.3290000000000001e+02   1.0395959854126000e+01
   1.3309999999999999e+02   1.5283196449279799e+01
   1.3390000000000001e+02   2.8551027774810800e+00
   1.3490000000000001e+02   1.4022032737731900e+01
   1.3500000000000000e+02   2.5559206008911101e+01
   1.3569999999999999e+02   3.0448734760284402e+00
   1.3590000000000001e+02   1.6495997619628901e+02
   1.3600000000000000e+02   2.2642941284179699e+02
   1.3609999999999999e+02   4.0495742797851598e+01
   1.3680000000000001e+02   2.2579113006591800e+01
   1.3690000000000001e+02   2.7940994262695298e+01
   1.3700000000000000e+02   1.2972444152832000e+02
   1.3769999999999999e+02   6.8463439941406303e+00
   1.3790000000000001e+02   3.1128820419311499e+01
   1.3800000000000000e+02   6.2366195678710902e+01
   1.3809999999999999e+02   6.9953336715698198e+00
   1.4090000000000001e+02   2.9967741966247599e+00
   1.4100000000000000e+02   3.1924021244049099e+00
   1.4409999999999999e+02   3.1627755165100102e+00
   1.4500000000000000e+02   2.9912614822387700e+00
   1.4590000000000001e+02   2.7661674022674601e+00
   1.4600000000000000e+02   8.6372966766357404e+00
   1.4609999999999999e+02   1.0006787300109901e+01
   1.4700000000000000e+02   2.8132891654968302e+00
   1.4709999999999999e+02   3.0197765827178999e+00
   1.4869999999999999e+02   2.7957985401153600e+00
   1.4890000000000001e+02   4.2208717346191399e+01
   1.4900000000000000e+02   5.3297374725341797e+01
   1.4990000000000001e+02   2.6607769012451200e+01
   1.5009999999999999e+02   2.1566373825073200e+01
   1.5109999999999999e+02   3.1995329856872599e+00
   1.5200000000000000e+02   2.6556999683380100e+00
   1.5590000000000001e+02   1.5119947433471699e+01
   1.5680000000000001e+02   5.8775687217712402e+00
   1.5700000000000000e+02   7.6746072769165004e+00
   1.5719999999999999e+02   3.8980009555816699e+00
   1.5780000000000001e+02   7.1921038627624503e+00
   1.5800000000000000e+02   6.7936782836914105e+01
   1.5809999999999999e+02   9.3339393615722699e+01
   1.5830000000000001e+02   4.0196537971496600e+00
   1.5840000000000001e+02   3.4511678218841602e+00
   1.5869999999999999e+02   2.0244289398193398e+01
   1.5890000000000001e+02   5.4725067138671903e+01
   1.5900000000000000e+02   2.9891696929931602e+01
   1.6190000000000001e+02   2.9653422832489000e+00
   1.6200000000000000e+02   1.5652224540710399e+01
   1.6219999999999999e+02   8.0593004226684606e+00
   1.6280000000000001e+02   2.9337713718414302e+00
   1.6290000000000001e+02   2.5857427120208700e+00
   1.6300000000000000e+02   2.5026020050048800e+01
   1.6369999999999999e+02   3.0967247486114502e+00
   1.6390000000000001e+02   1.0853383636474599e+02
   1.6409999999999999e+02   9.8324882507324205e+01
   1.6419999999999999e+02   8.0743112564086896e+00
   1.7580000000000001e+02   2.5138118267059300e+00
   1.8790000000000001e+02   9.5837850570678693e+00
   1.8800000000000000e+02   8.8366003036499006e+00
   1.8890000000000001e+02   3.0169539451599099e+00
   1.8900000000000000e+02   9.1035299301147496e+00
   1.8909999999999999e+02   1.4321683883666999e+01
   1.8990000000000001e+02   5.7462707519531300e+01
   1.9000000000000000e+02   3.6782028198242199e+02
   1.9009999999999999e+02   3.9114917755127003e+01
   1.9080000000000001e+02   6.9158577919006303e+00
   1.9090000000000001e+02   1.3114300537109401e+02
   1.9100000000000000e+02   2.2264093017578099e+02
   1.9109999999999999e+02   6.1911647796630902e+01
   1.9200000000000000e+02   2.0934459686279300e+01
   1.9209999999999999e+02   3.4590591430664098e+01
   1.9219999999999999e+02   1.1057729721069300e+01
   1.9280000000000001e+02   6.5259771347045898e+00
   1.9290000000000001e+02   2.8443052768707302e+00
   1.9300000000000000e+02   1.2343201637268100e+01
   1.9900000000000000e+02   2.5984566211700399e+00
   2.0090000000000001e+02   3.0278854370117201e+00
   2.0690000000000001e+02   2.5948381423950200e+00
   2.0709999999999999e+02   4.1052327156066903e+00
   2.1490000000000001e+02   4.7065147399902301e+01
   2.1659999999999999e+02   2.8314111232757599e+00
   2.1890000000000001e+02   4.7498922348022496e+00
   2.1909999999999999e+02   6.5812664031982404e+00
   2.3269999999999999e+02   5.6897473335266104e+00
   2.3290000000000001e+02   1.3689992904663100e+01
   2.3690000000000001e+02   2.4556865692138700e+01
   2.3700000000000000e+02   2.1453250885009801e+01
   2.4490000000000001e+02   2.7252335548400901e+00
   2.4500000000000000e+02   3.3052263259887700e+00
   3.4010000000000002e+02   2.1799382019043000e+02
   3.4019999999999999e+02   1.2726829833984400e+03
   3.4089999999999998e+02   6.7276010513305700e+00
   3.4100000000000000e+02   1.1634335327148401e+02
   3.4119999999999999e+02   2.0729568481445301e+02
   3.4130000000000001e+02   5.7255525588989302e+00
   3.4200000000000000e+02   3.4042621612548800e+01
   3.4219999999999999e+02   1.5348031997680700e+01
   3.4230000000000001e+02   8.0940141677856392e+00
   3.4810000000000002e+02   2.6087350845336901e+00
