   4.0100000000000001e+01   3.5539804077148398e+02
   4.1100000000000001e+01   1.1957330078125000e+04
   4.2000000000000000e+01   1.7610005859375000e+04
   4.3100000000000001e+01   2.7321896484375000e+04
   4.4100000000000001e+01   8.6905966796875000e+03
   4.5000000000000000e+01   1.6534472656250000e+02
   4.5100000000000001e+01   6.5306846618652301e+01
   4.9899999999999999e+01   1.3548323059082000e+02
   5.0000000000000000e+01   1.2105076599121099e+02
   5.0100000000000001e+01   4.4534402465820301e+02
   5.1000000000000000e+01   2.8908730468750000e+03
   5.2000000000000000e+01   2.1694378662109401e+02
   5.2100000000000001e+01   5.4409307861328102e+02
   5.2899999999999999e+01   2.3638726806640599e+02
   5.3000000000000000e+01   9.4161932373046898e+02
   5.4000000000000000e+01   4.0416952514648398e+02
   5.4000000000000000e+01   1.1264715576171900e+03
   5.5000000000000000e+01   4.0335947265625000e+03
   5.6000000000000000e+01   2.8479443359375000e+03
   5.6200000000000003e+01   5.1442623138427699e+01
   5.7000000000000000e+01   8.0301986694335895e+01
   5.7000000000000000e+01   2.0773698730468800e+03
   5.8000000000000000e+01   1.6036584472656301e+02
   5.8100000000000001e+01   1.7295538330078099e+02
   5.8899999999999999e+01   6.3146461486816399e+01
   5.9000000000000000e+01   6.6768432617187500e+01
   6.0700000000000003e+01   1.2857242584228500e+01
   6.1799999999999997e+01   5.4831665039062500e+01
   6.2000000000000000e+01   2.3802012634277301e+02
   6.2100000000000001e+01   7.1034515380859403e+01
   6.3000000000000000e+01   1.4306284179687500e+03
   6.3799999999999997e+01   1.5177537918090801e+01
   6.4000000000000000e+01   7.2262274169921898e+02
   6.4099999999999994e+01   8.6055870056152301e+01
   6.5000000000000000e+01   6.1560419921875000e+03
   6.5099999999999994e+01   1.0503796386718800e+02
   6.6000000000000000e+01   8.7165856933593795e+02
   6.6099999999999994e+01   2.8497363281250000e+02
   6.7000000000000000e+01   2.6935080566406300e+03
   6.8000000000000000e+01   4.0390307617187500e+03
   6.9000000000000000e+01   3.8127683105468800e+03
   7.0099999999999994e+01   6.2308999023437500e+03
   7.1099999999999994e+01   1.5408401367187500e+04
   7.1799999999999997e+01   1.2974889755249000e+01
   7.2000000000000000e+01   4.3016494750976602e+02
   7.2099999999999994e+01   3.5769934082031301e+02
   7.2799999999999997e+01   4.4944549560546903e+01
   7.3000000000000000e+01   7.2598388671875000e+01
   7.3200000000000003e+01   3.2505378723144503e+01
   7.3799999999999997e+01   3.9733455657958999e+01
   7.3900000000000006e+01   8.1389328002929702e+01
   7.4000000000000000e+01   9.1432968139648395e+01
   7.4099999999999994e+01   3.9276733398437500e+01
   7.4799999999999997e+01   1.9167541503906300e+01
   7.5000000000000000e+01   2.9664495849609398e+02
   7.5099999999999994e+01   7.7242340087890597e+01
   7.5900000000000006e+01   2.3263805389404300e+01
   7.6000000000000000e+01   4.8579541015625000e+02
   7.6099999999999994e+01   4.0786145019531301e+02
   7.7000000000000000e+01   1.9900121093750000e+04
   7.8000000000000000e+01   4.2216611328125000e+03
   7.9000000000000000e+01   6.3022504882812500e+03
   7.9099999999999994e+01   7.4953910827636705e+01
   7.9900000000000006e+01   7.9527969360351605e+01
   8.0000000000000000e+01   1.4796215820312500e+03
   8.0900000000000006e+01   3.7766792297363303e+01
   8.1000000000000000e+01   4.7180859375000000e+02
   8.1099999999999994e+01   2.4340071105957000e+02
   8.1900000000000006e+01   5.7436164855957003e+01
   8.2000000000000000e+01   3.2787409667968800e+03
   8.3099999999999994e+01   8.6391754150390602e+02
   8.3900000000000006e+01   2.8654685974121101e+01
   8.4099999999999994e+01   1.2726866455078100e+03
   8.4900000000000006e+01   7.4386734008789105e+01
   8.5099999999999994e+01   1.0902423095703099e+02
   8.6799999999999997e+01   1.0193099021911600e+01
   8.7000000000000000e+01   2.1581436157226602e+01
   8.8099999999999994e+01   2.4532600402831999e+01
   8.8799999999999997e+01   5.2318675994872997e+01
   8.9000000000000000e+01   1.3858381652832000e+02
   8.9099999999999994e+01   1.2287124023437500e+03
   9.0000000000000000e+01   2.3841183471679699e+02
   9.0099999999999994e+01   9.9520739746093795e+02
   9.1000000000000000e+01   2.7163996093750000e+04
   9.2000000000000000e+01   3.8933977050781300e+03
   9.3000000000000000e+01   6.1299370117187500e+03
   9.4099999999999994e+01   4.0548764648437500e+03
   9.4900000000000006e+01   1.4754113769531301e+02
   9.5000000000000000e+01   1.0680510253906300e+03
   9.5099999999999994e+01   1.1392420654296900e+03
   9.6099999999999994e+01   1.4797936523437500e+04
   9.7000000000000000e+01   2.3350437011718800e+03
   9.8000000000000000e+01   1.9311505126953099e+02
   9.8099999999999994e+01   5.3362414550781295e+02
   9.9000000000000000e+01   2.5582616806030298e+01
   9.9099999999999994e+01   1.1286339759826699e+01
   9.9200000000000003e+01   9.4051847457885707e+00
   9.9900000000000006e+01   3.3097023010253899e+01
   1.0000000000000000e+02   3.2683258056640597e+01
   1.0009999999999999e+02   4.5465110778808601e+01
   1.0090000000000001e+02   3.6421009063720703e+01
   1.0100000000000000e+02   7.2562835693359403e+01
   1.0109999999999999e+02   1.0666181182861300e+02
   1.0200000000000000e+02   3.8944494628906301e+02
   1.0209999999999999e+02   3.9228897094726602e+02
   1.0300000000000000e+02   3.0722248535156300e+03
   1.0309999999999999e+02   3.3510366210937500e+03
   1.0400000000000000e+02   1.0179340820312500e+04
   1.0509999999999999e+02   2.5178970703125000e+04
   1.0590000000000001e+02   7.2633735656738295e+01
   1.0600000000000000e+02   4.5872387695312500e+03
   1.0680000000000000e+02   9.7151451110839808e+00
   1.0700000000000000e+02   2.4285717773437500e+02
   1.0709999999999999e+02   1.6887579345703099e+02
   1.0720000000000000e+02   2.3502857208251999e+01
   1.0790000000000001e+02   1.0047332000732401e+02
   1.0800000000000000e+02   2.0799340820312500e+02
   1.0830000000000000e+02   1.6738365173339801e+01
   1.0880000000000000e+02   1.0544719696044901e+01
   1.0890000000000001e+02   1.3568237304687500e+02
   1.0909999999999999e+02   5.9780960083007798e+01
   1.0990000000000001e+02   3.6790916442871101e+01
   1.1000000000000000e+02   3.4062839508056598e+01
   1.1009999999999999e+02   4.7651748657226598e+01
   1.1090000000000001e+02   3.8359931945800803e+01
   1.1100000000000000e+02   7.5407516479492202e+01
   1.1109999999999999e+02   6.7059249877929702e+01
   1.1200000000000000e+02   6.5966140747070298e+01
   1.1280000000000000e+02   9.9236955642700195e+00
   1.1300000000000000e+02   8.3737319946289105e+01
   1.1309999999999999e+02   1.4866107940673800e+01
   1.1409999999999999e+02   2.1615341186523398e+01
   1.1430000000000000e+02   3.0579790115356399e+01
   1.1500000000000000e+02   3.7794552612304699e+02
   1.1509999999999999e+02   7.9295336914062500e+02
   1.1590000000000001e+02   1.3178248596191401e+02
   1.1600000000000000e+02   2.6439358520507801e+02
   1.1609999999999999e+02   2.7175079345703102e+02
   1.1709999999999999e+02   4.2655029296875000e+03
   1.1809999999999999e+02   9.8369121093750000e+03
   1.1890000000000001e+02   7.0916168212890597e+01
   1.1900000000000000e+02   3.3383720703125000e+03
   1.2000000000000000e+02   1.0486203002929700e+02
   1.2009999999999999e+02   1.4609670410156300e+03
   1.2020000000000000e+02   2.3125356674194300e+01
   1.2090000000000001e+02   7.1486267089843807e+01
   1.2109999999999999e+02   7.1021568298339801e+01
   1.2209999999999999e+02   2.3499568939208999e+01
   1.2309999999999999e+02   1.5776544570922900e+01
   1.2690000000000001e+02   5.7112388610839801e+01
   1.2700000000000000e+02   1.1010538101196300e+01
   1.2709999999999999e+02   8.5179489135742202e+01
   1.2780000000000000e+02   7.9997741699218807e+01
   1.2790000000000001e+02   1.0724683380127000e+02
   1.2809999999999999e+02   3.3231292724609398e+02
   1.2890000000000001e+02   1.0596179962158200e+02
   1.2900000000000000e+02   1.1295893096923800e+02
   1.2909999999999999e+02   2.8316549682617199e+02
   1.2919999999999999e+02   5.6087711334228501e+01
   1.3000000000000000e+02   1.1092294921875000e+04
   1.3109999999999999e+02   6.7907128906250000e+03
   1.3209999999999999e+02   1.3195215820312500e+04
   1.3309999999999999e+02   2.2185678710937500e+03
   1.3400000000000000e+02   3.7451251220703102e+02
   1.3409999999999999e+02   9.5997497558593795e+02
   1.3490000000000001e+02   7.7377914428710895e+01
   1.3500000000000000e+02   1.4919981384277301e+02
   1.3519999999999999e+02   1.7618610382080099e+01
   1.3680000000000001e+02   1.7940544128418001e+01
   1.3700000000000000e+02   1.4826638793945301e+02
   1.3800000000000000e+02   1.1509133338928200e+01
   1.3819999999999999e+02   1.2021248817443800e+01
   1.3890000000000001e+02   1.9685964584350600e+01
   1.3900000000000000e+02   3.4513433837890602e+02
   1.3909999999999999e+02   1.0764892578125000e+03
   1.3990000000000001e+02   1.9779645919799801e+01
   1.4000000000000000e+02   8.0010482788085895e+01
   1.4009999999999999e+02   7.8141662597656307e+01
   1.4100000000000000e+02   1.3670852661132801e+02
   1.4100000000000000e+02   7.4865547180175795e+01
   1.4200000000000000e+02   9.8854187011718807e+01
   1.4209999999999999e+02   7.2175048828125000e+01
   1.4290000000000001e+02   1.9627325439453099e+02
   1.4309999999999999e+02   3.3097335815429699e+02
   1.4330000000000001e+02   2.8727235794067401e+01
   1.4409999999999999e+02   2.1406782226562500e+03
   1.4419999999999999e+02   8.1125587463378906e+01
   1.4490000000000001e+02   7.8621353149414105e+01
   1.4509999999999999e+02   2.1046757812500000e+03
   1.4609999999999999e+02   5.2303945312500000e+04
   1.4709999999999999e+02   6.3065952148437500e+03
   1.4790000000000001e+02   1.0797107696533200e+02
   1.4809999999999999e+02   7.9361688232421898e+02
   1.4819999999999999e+02   1.0966099548339800e+02
   1.4909999999999999e+02   6.4944412231445298e+01
   1.5290000000000001e+02   2.2586830139160199e+01
   1.5390000000000001e+02   4.0564781188964801e+01
   1.5409999999999999e+02   1.0116384124755901e+02
   1.5480000000000001e+02   2.7790868759155298e+01
   1.5490000000000001e+02   8.9510116577148395e+01
   1.5509999999999999e+02   3.9415267944335902e+01
   1.5580000000000001e+02   1.3926035881042500e+01
   1.5590000000000001e+02   6.1949459075927699e+01
   1.5600000000000000e+02   3.2005371093750000e+02
   1.5609999999999999e+02   8.1999778747558594e+01
   1.5690000000000001e+02   1.3202235412597699e+02
   1.5709999999999999e+02   2.2271881103515599e+02
   1.5730000000000001e+02   2.8491741180419901e+01
   1.5809999999999999e+02   2.6458271484375000e+03
   1.5909999999999999e+02   1.6744088134765600e+03
   1.5919999999999999e+02   1.2517504882812500e+02
   1.6009999999999999e+02   2.9148225097656300e+03
   1.6080000000000001e+02   1.4724161148071300e+01
   1.6100000000000000e+02   2.0917204284668000e+02
   1.6109999999999999e+02   2.8296343994140602e+02
   1.6209999999999999e+02   5.3066329956054702e+01
   1.6300000000000000e+02   1.3834582519531301e+02
   1.6309999999999999e+02   4.2039807128906301e+02
   1.6390000000000001e+02   1.2506982421875000e+02
   1.6400000000000000e+02   4.2970101928710898e+02
   1.6430000000000001e+02   1.3208797454834000e+01
   1.6500000000000000e+02   4.7589462280273402e+01
   1.6509999999999999e+02   2.9275228500366200e+01
   1.6609999999999999e+02   1.0773067474365201e+01
   1.6680000000000001e+02   1.0739716529846200e+01
   1.6719999999999999e+02   1.3459034919738800e+01
   1.6790000000000001e+02   1.3628463745117200e+01
   1.6909999999999999e+02   2.5205381393432599e+01
   1.6980000000000001e+02   1.4301332473754901e+01
   1.7000000000000000e+02   1.0521821594238300e+02
   1.7009999999999999e+02   6.6048683166503906e+01
   1.7100000000000000e+02   3.6327323913574197e+01
   1.7109999999999999e+02   3.6298171997070298e+01
   1.7190000000000001e+02   4.2477729797363303e+01
   1.7209999999999999e+02   4.4479806518554699e+02
   1.7290000000000001e+02   9.1629348754882798e+01
   1.7309999999999999e+02   5.1413946533203102e+02
   1.7400000000000000e+02   9.0683700561523395e+01
   1.7409999999999999e+02   1.3595050048828099e+02
   1.7480000000000001e+02   1.0582034111022899e+01
   1.7500000000000000e+02   2.2354602813720700e+01
   1.7519999999999999e+02   1.5036475181579601e+01
   1.8000000000000000e+02   1.0965663909912100e+01
   1.8100000000000000e+02   1.0549264907836900e+01
   1.8200000000000000e+02   5.3835777282714801e+01
   1.8209999999999999e+02   7.6658645629882798e+01
   1.8240000000000001e+02   1.2245206832885700e+01
   1.8269999999999999e+02   1.3758854866027800e+01
   1.8309999999999999e+02   3.5683227539062500e+01
   1.8319999999999999e+02   3.2019256591796903e+01
   1.8390000000000001e+02   5.7150165557861300e+01
   1.8409999999999999e+02   1.1856549072265600e+03
   1.8500000000000000e+02   1.5545046997070301e+02
   1.8509999999999999e+02   6.7148937988281295e+02
   1.8609999999999999e+02   3.1296135253906300e+03
   1.8700000000000000e+02   1.2719783020019500e+02
   1.8709999999999999e+02   2.7108054199218800e+03
   1.8809999999999999e+02   5.4842749023437500e+03
   1.8909999999999999e+02   3.2196224609375000e+04
   1.9009999999999999e+02   4.4722958984375000e+03
   1.9109999999999999e+02   3.3308950805664102e+02
   1.9980000000000001e+02   1.9905601501464801e+01
   2.0000000000000000e+02   1.4325546264648400e+01
   2.0009999999999999e+02   3.2809761047363303e+01
   2.0080000000000001e+02   1.3935991287231399e+01
   2.0109999999999999e+02   1.2415978431701699e+01
   2.0400000000000000e+02   2.5557991027831999e+01
   2.1080000000000001e+02   2.7345758438110401e+01
   2.1100000000000000e+02   1.5099573135376001e+00
   2.1109999999999999e+02   3.5902641296386697e+01
   2.1390000000000001e+02   1.2248043060302701e+01
   2.1409999999999999e+02   6.8782592773437500e+01
   2.1419999999999999e+02   2.1939924240112301e+01
   2.1490000000000001e+02   1.2787870025634800e+02
   2.1500000000000000e+02   1.3181291198730500e+02
   2.1609999999999999e+02   5.0867895507812500e+03
   2.1700000000000000e+02   3.0707571411132801e+02
   2.1709999999999999e+02   3.7279052734375000e+02
   2.1719999999999999e+02   1.9651498413085901e+02
   2.1809999999999999e+02   2.7322551727294901e+01
   2.1880000000000001e+02   2.6613147735595700e+01
   2.1890000000000001e+02   1.1654371261596699e+01
   2.1909999999999999e+02   1.3262071609497099e+00
   2.2019999999999999e+02   9.6290798187255895e+00
   2.2900000000000000e+02   4.2641445159912102e+01
   2.2919999999999999e+02   8.1056861877441406e+01
   2.2990000000000001e+02   1.3851901054382299e+01
   2.3009999999999999e+02   2.3714657592773401e+02
   2.3019999999999999e+02   2.2230650329589801e+02
   2.3100000000000000e+02   1.4144360351562500e+02
   2.3119999999999999e+02   6.0961647033691399e+01
   2.3219999999999999e+02   1.3800082206726101e+01
   2.3269999999999999e+02   1.5389932632446300e+01
   2.3290000000000001e+02   6.5171134948730497e+01
   2.3300000000000000e+02   3.5587413787841797e+01
   2.3669999999999999e+02   1.6959836959838899e+01
   2.3680000000000001e+02   8.3161067962646495e-01
   2.3690000000000001e+02   6.4725051879882798e+01
   2.3709999999999999e+02   1.4371563911438001e+01
   2.4100000000000000e+02   2.6266387939453100e+01
   2.4109999999999999e+02   4.7975082397460902e+01
   2.5109999999999999e+02   2.1874526977539102e+01
   2.5519999999999999e+02   1.0070641517639199e+01
   2.5540000000000001e+02   1.9038591384887699e+01
   2.5559999999999999e+02   9.6683740615844709e+00
   2.5669999999999999e+02   1.3864021301269499e+01
   2.5680000000000001e+02   1.0591536521911600e+01
   2.5710000000000002e+02   1.6909625244140599e+02
   2.5719999999999999e+02   7.8670959472656307e+01
   2.5730000000000001e+02   4.8477436065673800e+01
   2.5739999999999998e+02   2.0891855239868200e+01
   2.5760000000000002e+02   2.7476133346557599e+01
   2.5769999999999999e+02   2.6770538330078100e+01
   2.5800000000000000e+02   4.6797172546386697e+01
   2.5819999999999999e+02   5.3817333984375000e+02
   2.5919999999999999e+02   8.4436000000000000e+04
   2.6019999999999999e+02   1.5562598632812500e+04
   2.6100000000000000e+02   5.8721477508544901e+01
   2.6119999999999999e+02   1.4959277343750000e+03
   2.6130000000000001e+02   2.0894823074340799e+01
   2.6210000000000002e+02   1.0258233642578099e+02
   2.7889999999999998e+02   1.1387772560119600e+01
   2.7900000000000000e+02   2.7108198165893601e+01
   2.7910000000000002e+02   7.8464744567871094e+01
   2.7919999999999999e+02   1.0896647644043000e+02
   3.0710000000000002e+02   3.9000156402587898e+01
   3.4810000000000002e+02   6.4585128784179702e+01
   3.4819999999999999e+02   1.4186622619628901e+02
   3.4900000000000000e+02   3.0322029113769499e+01
   3.4930000000000001e+02   2.6289558410644499e+01
