   4.0100000000000001e+01   1.2706800079345700e+02
   4.0200000000000003e+01   1.1182002258300800e+02
   4.1100000000000001e+01   1.1670956054687500e+04
   4.2100000000000001e+01   1.6926958984375000e+04
   4.3100000000000001e+01   2.7112007812500000e+04
   4.4100000000000001e+01   8.8940527343750000e+03
   4.4899999999999999e+01   1.6500209808349599e+01
   4.5000000000000000e+01   2.5264387512207000e+02
   4.9899999999999999e+01   4.1897241210937500e+02
   5.0000000000000000e+01   2.8926727294921898e+02
   5.0899999999999999e+01   9.7298820495605497e+01
   5.1000000000000000e+01   2.6103854980468800e+03
   5.1799999999999997e+01   1.1861525535583500e+01
   5.2000000000000000e+01   5.6136669921875000e+02
   5.2100000000000001e+01   1.8282464599609401e+02
   5.3000000000000000e+01   5.0048580932617199e+02
   5.3100000000000001e+01   6.2468463134765602e+02
   5.4000000000000000e+01   6.0140686035156295e+02
   5.4000000000000000e+01   9.3898590087890602e+02
   5.5000000000000000e+01   3.9963432617187500e+03
   5.6000000000000000e+01   6.2364703369140602e+02
   5.6100000000000001e+01   2.2366503906250000e+03
   5.7000000000000000e+01   2.0422092285156300e+03
   5.7100000000000001e+01   2.5081298828125000e+01
   5.7899999999999999e+01   4.0387023925781300e+01
   5.8000000000000000e+01   2.4467910766601599e+02
   5.8899999999999999e+01   1.7052371978759801e+01
   5.9000000000000000e+01   1.0441006469726599e+02
   5.9100000000000001e+01   2.1615745544433601e+01
   6.1000000000000000e+01   9.8302955627441406e+00
   6.1899999999999999e+01   7.4621368408203097e+01
   6.2000000000000000e+01   9.7229324340820298e+01
   6.2100000000000001e+01   4.2661602020263700e+01
   6.2200000000000003e+01   2.4860618591308601e+01
   6.2899999999999999e+01   4.9814660644531301e+02
   6.3000000000000000e+01   7.8343188476562500e+02
   6.3899999999999999e+01   3.9587026977539102e+02
   6.4000000000000000e+01   4.0225927734375000e+02
   6.4099999999999994e+01   4.6944442749023402e+01
   6.4200000000000003e+01   3.4996459960937500e+01
   6.5000000000000000e+01   6.0801640625000000e+03
   6.6000000000000000e+01   1.0892860107421900e+03
   6.6200000000000003e+01   5.5186458587646499e+01
   6.7000000000000000e+01   2.6572478027343800e+03
   6.7900000000000006e+01   3.9862186431884801e+01
   6.8099999999999994e+01   3.9326315917968800e+03
   6.8900000000000006e+01   9.1151168823242202e+01
   6.9099999999999994e+01   3.6791728515625000e+03
   7.0099999999999994e+01   6.3915771484375000e+03
   7.1099999999999994e+01   1.5344450195312500e+04
   7.1900000000000006e+01   1.2409014892578099e+02
   7.2000000000000000e+01   2.5250559997558599e+02
   7.2099999999999994e+01   3.4214617919921898e+02
   7.2799999999999997e+01   1.3904180526733400e+01
   7.2900000000000006e+01   7.5249916076660199e+01
   7.3099999999999994e+01   7.6227409362792997e+01
   7.3799999999999997e+01   5.0043243408203097e+01
   7.4000000000000000e+01   1.1630878448486300e+02
   7.4099999999999994e+01   9.9525314331054702e+01
   7.4200000000000003e+01   2.8202596664428700e+01
   7.4900000000000006e+01   1.0273832702636700e+02
   7.4900000000000006e+01   1.3714648437500000e+02
   7.5099999999999994e+01   1.6084948730468801e+02
   7.6000000000000000e+01   3.9742007446289102e+02
   7.6099999999999994e+01   4.7112561035156301e+02
   7.7000000000000000e+01   1.9696388671875000e+04
   7.8000000000000000e+01   4.1567944335937500e+03
   7.8099999999999994e+01   5.2359565734863303e+01
   7.9000000000000000e+01   6.8774448242187500e+03
   7.9799999999999997e+01   2.6943059921264599e+01
   8.0000000000000000e+01   1.4870159912109400e+03
   8.0200000000000003e+01   7.5812675476074205e+01
   8.0900000000000006e+01   1.7597680664062500e+02
   8.1099999999999994e+01   5.0226321411132801e+02
   8.2000000000000000e+01   3.1227600097656300e+03
   8.2900000000000006e+01   3.9400146484375000e+01
   8.3000000000000000e+01   5.7859112548828102e+02
   8.3099999999999994e+01   2.8543365478515602e+02
   8.4000000000000000e+01   1.3592058105468800e+03
   8.4200000000000003e+01   1.0543467712402300e+02
   8.4900000000000006e+01   8.7643013000488295e+01
   8.5000000000000000e+01   9.3078781127929702e+01
   8.5099999999999994e+01   6.6595535278320298e+01
   8.6799999999999997e+01   1.3192868232727101e+01
   8.7099999999999994e+01   1.0180314064025900e+01
   8.8000000000000000e+01   1.0313887596130400e+01
   8.8099999999999994e+01   1.8749025344848601e+01
   8.8799999999999997e+01   3.2125061035156300e+01
   8.9000000000000000e+01   1.3816434326171900e+03
   9.0000000000000000e+01   7.0449993896484398e+02
   9.0099999999999994e+01   4.5103283691406301e+02
   9.1000000000000000e+01   2.7455113281250000e+04
   9.2000000000000000e+01   3.7481354980468800e+03
   9.3000000000000000e+01   5.8651850585937500e+03
   9.4099999999999994e+01   4.0826718750000000e+03
   9.4900000000000006e+01   2.3892786026001001e+01
   9.5099999999999994e+01   1.8169870605468800e+03
   9.5099999999999994e+01   6.8704302978515602e+02
   9.6099999999999994e+01   1.5034809570312500e+04
   9.7099999999999994e+01   2.0626721191406300e+03
   9.7099999999999994e+01   3.2812109375000000e+02
   9.8000000000000000e+01   6.7616229248046898e+02
   9.8200000000000003e+01   5.3739131927490199e+01
   9.9000000000000000e+01   4.1748512268066399e+01
   9.9799999999999997e+01   3.7458351135253899e+01
   9.9900000000000006e+01   2.9713542938232401e+01
   1.0090000000000001e+02   1.0051456451416000e+02
   1.0100000000000000e+02   1.1898657226562500e+02
   1.0190000000000001e+02   1.4940448760986300e+01
   1.0200000000000000e+02   5.2987530517578102e+02
   1.0209999999999999e+02   2.2352713012695301e+02
   1.0300000000000000e+02   6.8654331054687500e+03
   1.0400000000000000e+02   1.0286486328125000e+04
   1.0509999999999999e+02   2.5131068359375000e+04
   1.0609999999999999e+02   4.5492065429687500e+03
   1.0690000000000001e+02   1.0639292144775401e+02
   1.0709999999999999e+02   3.2251394653320301e+02
   1.0780000000000000e+02   6.3435111999511697e+01
   1.0800000000000000e+02   1.9194641113281301e+02
   1.0820000000000000e+02   2.9480819702148398e+01
   1.0890000000000001e+02   4.5075912475585902e+01
   1.0900000000000000e+02   2.6876548767089801e+01
   1.0909999999999999e+02   7.2978286743164105e+01
   1.1000000000000000e+02   5.7096435546875000e+01
   1.1009999999999999e+02   6.4684631347656307e+01
   1.1020000000000000e+02   2.3660034179687500e+01
   1.1080000000000000e+02   2.4513755798339801e+01
   1.1090000000000001e+02   1.1999435424804700e+01
   1.1100000000000000e+02   1.0056080627441401e+02
   1.1109999999999999e+02   8.5236022949218807e+01
   1.1190000000000001e+02   9.9131259918212908e+00
   1.1200000000000000e+02   1.1753791809081999e+01
   1.1290000000000001e+02   5.5616569519042997e+01
   1.1300000000000000e+02   8.0715126037597699e+01
   1.1320000000000000e+02   1.9144296646118200e+01
   1.1380000000000000e+02   1.2349492073059100e+01
   1.1400000000000000e+02   2.7240272521972699e+01
   1.1420000000000000e+02   1.6661535263061499e+01
   1.1480000000000000e+02   1.9596738815307599e+01
   1.1500000000000000e+02   1.1097349853515600e+03
   1.1590000000000001e+02   9.2498908996582003e+01
   1.1600000000000000e+02   5.1530200195312500e+02
   1.1620000000000000e+02   1.2092704772949200e+02
   1.1700000000000000e+02   9.1958856201171898e+02
   1.1709999999999999e+02   3.3700432128906300e+03
   1.1809999999999999e+02   9.7167314453125000e+03
   1.1890000000000001e+02   6.5769226074218807e+01
   1.1900000000000000e+02   3.5612380371093800e+03
   1.2000000000000000e+02   1.5232065429687500e+03
   1.2090000000000001e+02   1.2780989646911600e+01
   1.2100000000000000e+02   8.9048919677734403e+01
   1.2109999999999999e+02   3.1099594116210898e+01
   1.2680000000000000e+02   1.1247096061706500e+01
   1.2700000000000000e+02   1.2054795837402300e+02
   1.2709999999999999e+02   2.0731151580810501e+01
   1.2800000000000000e+02   1.5257699584960901e+02
   1.2809999999999999e+02   3.2946343994140602e+02
   1.2890000000000001e+02   3.6412698364257801e+02
   1.2909999999999999e+02   2.4805210876464801e+02
   1.3009999999999999e+02   1.1167837890625000e+04
   1.3109999999999999e+02   6.7976811523437500e+03
   1.3209999999999999e+02   1.3075390625000000e+04
   1.3300000000000000e+02   7.1488549804687500e+02
   1.3309999999999999e+02   1.5125010986328100e+03
   1.3400000000000000e+02   7.0532537841796898e+02
   1.3409999999999999e+02   5.9342517089843795e+02
   1.3480000000000001e+02   1.5964767456054700e+01
   1.3490000000000001e+02   1.3331784057617199e+02
   1.3509999999999999e+02   1.0438813781738300e+02
   1.3669999999999999e+02   1.2315817832946800e+01
   1.3690000000000001e+02   2.6148278808593801e+02
   1.3700000000000000e+02   3.9876289367675803e+01
   1.3890000000000001e+02   2.6488706588745099e+01
   1.3900000000000000e+02   1.1065125732421900e+03
   1.3909999999999999e+02   1.9990806579589801e+02
   1.4000000000000000e+02   7.3178009033203097e+01
   1.4009999999999999e+02   6.1919525146484403e+01
   1.4080000000000001e+02   4.3288364410400398e+01
   1.4090000000000001e+02   5.9315628051757798e+01
   1.4109999999999999e+02   5.3899475097656300e+01
   1.4180000000000001e+02   2.5511049270629901e+01
   1.4200000000000000e+02   1.2233771514892599e+02
   1.4209999999999999e+02   2.6792480468750000e+01
   1.4230000000000001e+02   2.2488416671752901e+01
   1.4300000000000000e+02   2.2128981018066401e+02
   1.4309999999999999e+02   4.0194012451171898e+02
   1.4409999999999999e+02   2.2441240234375000e+03
   1.4509999999999999e+02   3.7249359130859398e+02
   1.4509999999999999e+02   1.5286658935546900e+03
   1.4530000000000001e+02   6.9255226135253906e+01
   1.4609999999999999e+02   5.3539261718750000e+04
   1.4709999999999999e+02   6.0866528320312500e+03
   1.4800000000000000e+02   5.9451361083984398e+02
   1.4809999999999999e+02   4.4078195190429699e+02
   1.4890000000000001e+02   1.3025505065918001e+01
   1.4900000000000000e+02   5.4394180297851598e+01
   1.4909999999999999e+02   4.7248554229736300e+01
   1.5190000000000001e+02   1.9514751434326200e+01
   1.5380000000000001e+02   1.6045621871948200e+01
   1.5400000000000000e+02   4.2279533386230497e+01
   1.5409999999999999e+02   4.9782817840576200e+01
   1.5500000000000000e+02   4.1815959930419901e+01
   1.5509999999999999e+02   4.6109531402587898e+01
   1.5580000000000001e+02   4.3160957336425803e+01
   1.5600000000000000e+02   3.7410635375976602e+02
   1.5669999999999999e+02   9.9877634048461896e+00
   1.5700000000000000e+02   1.7438484191894500e+02
   1.5709999999999999e+02   1.5860037231445301e+02
   1.5809999999999999e+02   2.5979628906250000e+03
   1.5900000000000000e+02   4.6351129150390602e+02
   1.5909999999999999e+02   1.3016658935546900e+03
   1.6009999999999999e+02   1.6908591308593800e+03
   1.6009999999999999e+02   1.3076915283203100e+03
   1.6100000000000000e+02   2.6041545867919901e+01
   1.6109999999999999e+02   4.6308160400390602e+02
   1.6119999999999999e+02   5.9302738189697301e+01
   1.6200000000000000e+02   4.2512538909912102e+01
   1.6219999999999999e+02   3.0894088745117202e+01
   1.6230000000000001e+02   1.2559200286865201e+01
   1.6300000000000000e+02   3.3563278198242199e+02
   1.6309999999999999e+02   1.8551086425781301e+02
   1.6400000000000000e+02   2.9221704101562500e+02
   1.6419999999999999e+02   1.8552584838867199e+02
   1.6490000000000001e+02   2.8227451324462901e+01
   1.6509999999999999e+02   1.6810604095458999e+01
   1.6519999999999999e+02   1.9257713317871101e+01
   1.6680000000000001e+02   2.4385959625244102e+01
   1.6700000000000000e+02   1.9579946517944300e+01
   1.6800000000000000e+02   9.4163255691528303e+00
   1.6809999999999999e+02   2.5751407623291001e+01
   1.6909999999999999e+02   4.6051216125488303e+01
   1.6990000000000001e+02   2.9264240264892599e+01
   1.7009999999999999e+02   1.0082395172119099e+02
   1.7019999999999999e+02   1.0978219985961900e+01
   1.7090000000000001e+02   5.5871707916259801e+01
   1.7109999999999999e+02   1.6225605010986300e+01
   1.7190000000000001e+02   5.4020992279052699e+01
   1.7209999999999999e+02   4.5495352172851602e+02
   1.7290000000000001e+02   5.7979091644287102e+01
   1.7309999999999999e+02   6.1464611816406295e+02
   1.7400000000000000e+02   9.0212928771972699e+01
   1.7419999999999999e+02   3.3472747802734403e+01
   1.7590000000000001e+02   1.0169023513793899e+01
   1.8080000000000001e+02   1.0495505332946800e+01
   1.8109999999999999e+02   1.0552275657653800e+01
   1.8180000000000001e+02   1.2499002456665000e+01
   1.8200000000000000e+02   1.2096533203125000e+02
   1.8290000000000001e+02   4.9650730133056598e+01
   1.8409999999999999e+02   7.3332794189453102e+02
   1.8409999999999999e+02   4.7897656250000000e+02
   1.8500000000000000e+02   2.6790109252929699e+02
   1.8509999999999999e+02   6.4090618896484398e+02
   1.8609999999999999e+02   2.9118825683593800e+03
   1.8709999999999999e+02   2.6354094238281300e+03
   1.8719999999999999e+02   2.0107522583007801e+02
   1.8809999999999999e+02   5.5337163085937500e+03
   1.8909999999999999e+02   3.2267361328125000e+04
   1.9009999999999999e+02   4.5565415039062500e+03
   1.9100000000000000e+02   9.1680885314941406e+01
   1.9109999999999999e+02   1.3905572509765599e+02
   1.9119999999999999e+02   8.6823593139648395e+01
   2.0019999999999999e+02   2.8167953491210898e+01
   2.0090000000000001e+02   1.1176383018493700e+01
   2.0109999999999999e+02   2.7690143585205099e+01
   2.0419999999999999e+02   9.6252355575561506e+00
   2.0680000000000001e+02   3.1024250030517599e+01
   2.1100000000000000e+02   1.2932857513427701e+01
   2.1109999999999999e+02   3.7687164306640597e+01
   2.1390000000000001e+02   1.2210735321044901e+01
   2.1400000000000000e+02   3.6011119842529297e+01
   2.1430000000000001e+02   1.1417094230651900e+01
   2.1459999999999999e+02   1.0334647178649901e+01
   2.1509999999999999e+02   2.4502822875976599e+02
   2.1519999999999999e+02   3.4743259429931598e+01
   2.1600000000000000e+02   5.4442420959472699e+01
   2.1609999999999999e+02   4.9322202148437500e+03
   2.1690000000000001e+02   9.9967775344848597e+00
   2.1709999999999999e+02   8.7278820800781295e+02
   2.1800000000000000e+02   3.2974002838134801e+01
   2.1880000000000001e+02   8.9013519287109393e+00
   2.1890000000000001e+02   3.7376232147216797e+01
   2.2900000000000000e+02   4.3418342590332003e+01
   2.2909999999999999e+02   6.6025924682617202e+01
   2.3009999999999999e+02   3.2792025756835898e+02
   2.3019999999999999e+02   1.3994198608398401e+02
   2.3100000000000000e+02   1.7283604431152301e+02
   2.3119999999999999e+02   7.0608711242675795e+01
   2.3180000000000001e+02   1.3127894401550300e+01
   2.3290000000000001e+02   1.8623687744140600e+01
   2.3300000000000000e+02   1.3560613632202100e+01
   2.3319999999999999e+02   1.8293182373046900e+01
   2.3609999999999999e+02   1.1340863227844199e+01
   2.3680000000000001e+02   2.9245710372924800e+00
   2.3690000000000001e+02   4.4716976165771499e+01
   2.3700000000000000e+02   8.6227386474609403e+01
   2.4100000000000000e+02   1.3585706710815399e+01
   2.5100000000000000e+02   5.7412300109863303e+01
   2.5530000000000001e+02   2.4934120178222699e+01
   2.5559999999999999e+02   9.9073534011840803e+00
   2.5569999999999999e+02   1.3497964859008800e+01
   2.5580000000000001e+02   1.0231144905090300e+01
   2.5639999999999998e+02   1.1530042648315399e+01
   2.5650000000000000e+02   2.1556339263916001e+01
   2.5669999999999999e+02   9.4971389770507795e+00
   2.5700000000000000e+02   3.2578430175781300e+01
   2.5710000000000002e+02   2.4507719421386699e+02
   2.5730000000000001e+02   3.7544189453125000e+01
   2.5739999999999998e+02   2.0925287246704102e+01
   2.5780000000000001e+02   1.4382565498352101e+01
   2.5789999999999998e+02   3.5452133178710902e+01
   2.5819999999999999e+02   5.4981201171875000e+02
   2.5919999999999999e+02   8.5043382812500000e+04
   2.6019999999999999e+02   1.5108745117187500e+04
   2.6100000000000000e+02   6.7892616271972699e+01
   2.6119999999999999e+02   1.6018487548828100e+03
   2.6210000000000002e+02   2.3418386459350600e+01
   2.6219999999999999e+02   3.5287994384765597e+01
   2.7900000000000000e+02   2.9276298522949201e+01
   2.7910000000000002e+02   1.2799658966064500e+02
   2.7919999999999999e+02   9.1841903686523395e+01
   2.9289999999999998e+02   2.2153249740600600e+01
   3.0710000000000002e+02   1.8201137542724599e+01
   3.4819999999999999e+02   1.3233406066894500e+02
   3.4830000000000001e+02   6.6893501281738295e+01
   3.4919999999999999e+02   2.2260139465331999e+01
