   4.0000000000000000e+01   6.3447227478027301e+01
   4.0899999999999999e+01   3.0412391662597699e+01
   4.1000000000000000e+01   7.3144995117187500e+02
   4.1100000000000001e+01   1.4545159912109401e+02
   4.2100000000000001e+01   4.2331728515625000e+03
   4.3000000000000000e+01   1.2042600585937500e+04
   4.4000000000000000e+01   9.8766839599609398e+02
   4.4799999999999997e+01   2.4140882492065401e+01
   4.5000000000000000e+01   3.2490623474121101e+01
   4.9899999999999999e+01   2.0846191406250000e+01
   5.0000000000000000e+01   6.5143005371093795e+02
   5.1000000000000000e+01   2.8602626953125000e+03
   5.2000000000000000e+01   5.5366876220703102e+02
   5.2100000000000001e+01   1.5702784729003901e+02
   5.3000000000000000e+01   1.5980801391601599e+02
   5.3000000000000000e+01   9.4320220947265602e+02
   5.4100000000000001e+01   1.6713820800781300e+03
   5.5100000000000001e+01   4.7455766601562500e+03
   5.6000000000000000e+01   6.9473896484375000e+03
   5.7000000000000000e+01   3.9558415527343800e+03
   5.7899999999999999e+01   7.3489379882812500e+01
   5.8100000000000001e+01   2.6721551513671898e+02
   5.9000000000000000e+01   5.6196891784667997e+01
   5.9100000000000001e+01   2.7141101837158200e+01
   5.9799999999999997e+01   1.3063818931579601e+01
   6.0100000000000001e+01   1.2133822441101101e+01
   6.0899999999999999e+01   1.1388636589050300e+01
   6.1100000000000001e+01   1.1843516349792500e+01
   6.1899999999999999e+01   3.9914073944091797e+01
   6.2000000000000000e+01   1.8359855651855500e+02
   6.2100000000000001e+01   1.2570036888122599e+01
   6.2899999999999999e+01   8.9348075866699205e+01
   6.3000000000000000e+01   8.8596936035156295e+02
   6.4000000000000000e+01   4.9588525390625000e+02
   6.4099999999999994e+01   2.9203961181640602e+02
   6.5000000000000000e+01   2.2121691894531300e+03
   6.5900000000000006e+01   3.1682773590087901e+01
   6.6000000000000000e+01   7.9029278564453102e+02
   6.6099999999999994e+01   4.6707904815673800e+01
   6.6900000000000006e+01   3.3925323486328097e+01
   6.7000000000000000e+01   7.7884338378906295e+02
   6.7099999999999994e+01   1.1466290283203099e+02
   6.8000000000000000e+01   9.5301845703125000e+03
   6.9000000000000000e+01   6.5838867187500000e+02
   6.9099999999999994e+01   2.4012111663818398e+01
   6.9900000000000006e+01   1.0932888793945300e+02
   7.0099999999999994e+01   3.0539657592773398e+02
   7.0900000000000006e+01   3.6051483154296903e+01
   7.1000000000000000e+01   2.8571994781494102e+01
   7.1099999999999994e+01   3.2524539947509801e+01
   7.2000000000000000e+01   1.4619699478149400e+01
   7.2099999999999994e+01   1.3482542037963899e+01
   7.2900000000000006e+01   3.1198661804199201e+01
   7.3099999999999994e+01   2.0406126022338899e+01
   7.4000000000000000e+01   2.5277474975585901e+02
   7.4900000000000006e+01   1.9228897094726602e+01
   7.5000000000000000e+01   2.7206521606445301e+02
   7.5099999999999994e+01   5.3002819061279297e+01
   7.6000000000000000e+01   4.5605130004882801e+02
   7.6099999999999994e+01   1.5162774658203099e+02
   7.7000000000000000e+01   9.6849287109375000e+03
   7.8000000000000000e+01   1.5348812255859400e+03
   7.9000000000000000e+01   5.7910424804687500e+02
   7.9900000000000006e+01   2.3673913955688501e+01
   8.0000000000000000e+01   1.3876154785156300e+03
   8.0099999999999994e+01   3.6130119323730497e+01
   8.0799999999999997e+01   1.9468379974365199e+01
   8.0900000000000006e+01   1.5791919708251999e+01
   8.1099999999999994e+01   2.8958990478515602e+02
   8.1200000000000003e+01   2.8371493530273398e+02
   8.2099999999999994e+01   1.9446695312500000e+04
   8.3099999999999994e+01   1.8012134765625000e+04
   8.4099999999999994e+01   7.3149169921875000e+03
   8.5000000000000000e+01   3.2363354492187500e+02
   8.5099999999999994e+01   3.3694638061523398e+02
   8.6000000000000000e+01   3.6591434478759801e+01
   8.6799999999999997e+01   2.4459863662719702e+01
   8.7099999999999994e+01   1.6445781707763700e+01
   8.8900000000000006e+01   6.7211036682128906e+01
   8.9000000000000000e+01   3.2671209716796898e+02
   8.9799999999999997e+01   1.4631428527832000e+02
   9.0000000000000000e+01   2.4959004211425801e+02
   9.0099999999999994e+01   6.4914360046386705e+01
   9.0900000000000006e+01   8.5674346923828097e+01
   9.1000000000000000e+01   3.0989245605468800e+03
   9.1200000000000003e+01   5.6795089721679702e+01
   9.2000000000000000e+01   7.2484167480468795e+02
   9.2099999999999994e+01   7.6421075439453102e+02
   9.3000000000000000e+01   1.1769178710937500e+04
   9.3900000000000006e+01   6.4185852050781307e+01
   9.4000000000000000e+01   1.8041905517578100e+03
   9.5000000000000000e+01   4.5149902343750000e+01
   9.5099999999999994e+01   3.0042700195312500e+02
   9.5799999999999997e+01   4.6785991668701200e+01
   9.6799999999999997e+01   2.3277566909790000e+01
   9.7000000000000000e+01   1.3908956909179699e+02
   9.7799999999999997e+01   3.9826328277587898e+01
   9.8000000000000000e+01   4.0579196929931598e+01
   1.0109999999999999e+02   1.2323275566101101e+01
   1.0200000000000000e+02   1.9341442108154300e+01
   1.0209999999999999e+02   8.9717720031738295e+01
   1.0280000000000000e+02   7.1612548828125000e-01
   1.0300000000000000e+02   3.9818258666992199e+02
   1.0309999999999999e+02   1.1265608978271500e+02
   1.0390000000000001e+02   5.7980422973632798e+01
   1.0400000000000000e+02   2.1675649414062500e+03
   1.0480000000000000e+02   1.2111439704895000e+01
   1.0500000000000000e+02   5.4655316162109398e+02
   1.0590000000000001e+02   2.5785686492919901e+01
   1.0600000000000000e+02   1.3646513671875000e+03
   1.0690000000000001e+02   3.4798362731933601e+01
   1.0709999999999999e+02   2.0766059875488301e+02
   1.0890000000000001e+02   1.1481064796447800e+01
   1.0909999999999999e+02   7.3219962120056197e+00
   1.1109999999999999e+02   2.7178915023803700e+01
   1.1209999999999999e+02   1.2759727478027299e+01
   1.1290000000000001e+02   4.8988864898681598e+01
   1.1300000000000000e+02   4.9656155395507801e+02
   1.1390000000000001e+02   1.0839937210083001e+01
   1.1409999999999999e+02   5.1084293365478501e+01
   1.1480000000000000e+02   4.1588569641113303e+01
   1.1500000000000000e+02   3.4444454956054699e+02
   1.1590000000000001e+02   1.0166528320312500e+02
   1.1600000000000000e+02   9.3501701354980497e+01
   1.1609999999999999e+02   1.8009127807617199e+02
   1.1620000000000000e+02   3.9204063415527301e+01
   1.1690000000000001e+02   4.0793209075927699e+01
   1.1700000000000000e+02   2.2189426269531300e+03
   1.1800000000000000e+02   7.5489262695312500e+03
   1.1900000000000000e+02   2.7213437500000000e+03
   1.2000000000000000e+02   7.6207480468750000e+03
   1.2100000000000000e+02   4.5162158203125000e+02
   1.2109999999999999e+02   3.0548406982421898e+02
   1.2190000000000001e+02   1.2967017173767101e+01
   1.2500000000000000e+02   1.9090551376342798e+01
   1.2690000000000001e+02   1.5477651977539099e+02
   1.2700000000000000e+02   1.2375746917724599e+02
   1.2720000000000000e+02   4.8603950500488303e+01
   1.2800000000000000e+02   1.5936108398437500e+02
   1.2809999999999999e+02   3.9018962860107401e+01
   1.2880000000000001e+02   2.5341165542602500e+01
   1.2900000000000000e+02   2.7082384109497099e+01
   1.2909999999999999e+02   4.7610076904296903e+01
   1.3000000000000000e+02   2.0628818359375000e+03
   1.3100000000000000e+02   1.4057542419433599e+02
   1.3109999999999999e+02   7.0457952880859398e+02
   1.3209999999999999e+02   3.3410678710937500e+03
   1.3300000000000000e+02   9.8450915527343795e+02
   1.3309999999999999e+02   1.7573442077636699e+02
   1.3400000000000000e+02   5.5440765380859398e+02
   1.3419999999999999e+02   2.4027757644653299e+01
   1.3500000000000000e+02   1.4512961425781300e+03
   1.3590000000000001e+02   2.0554370117187500e+02
   1.3609999999999999e+02   3.0345612792968800e+03
   1.3700000000000000e+02   3.9839395141601602e+02
   1.3780000000000001e+02   2.0991044998168899e+01
   1.3809999999999999e+02   1.1281711578369100e+01
   1.4090000000000001e+02   3.3365993499755902e+01
   1.4190000000000001e+02   2.2024478912353501e+01
   1.4200000000000000e+02   2.3990007019043000e+02
   1.4219999999999999e+02   3.2778717041015597e+01
   1.4290000000000001e+02   1.4516804504394500e+02
   1.4300000000000000e+02   5.2397609710693402e+01
   1.4319999999999999e+02   3.2459491729736300e+01
   1.4390000000000001e+02   9.7642631530761705e+01
   1.4409999999999999e+02   5.6931219482421898e+02
   1.4480000000000001e+02   5.3794406890869098e+01
   1.4500000000000000e+02   9.6466537475585895e+01
   1.4509999999999999e+02   1.5750460815429699e+02
   1.4609999999999999e+02   2.6387722167968800e+03
   1.4690000000000001e+02   3.8117973327636697e+01
   1.4700000000000000e+02   1.1613813476562500e+03
   1.4790000000000001e+02   1.6705184936523398e+01
   1.4809999999999999e+02   4.5707981109619098e+01
   1.5600000000000000e+02   4.6159065246582003e+01
   1.5609999999999999e+02   2.8339830398559599e+01
   1.5680000000000001e+02   1.1619659423828100e+01
   1.5690000000000001e+02   1.5073366165161101e+01
   1.5709999999999999e+02   1.9868865966796900e+01
   1.5780000000000001e+02   1.3264151573181200e+01
   1.5800000000000000e+02   4.5624588012695301e+02
   1.5809999999999999e+02   5.9920343017578102e+02
   1.5909999999999999e+02   6.8808750000000000e+03
   1.5990000000000001e+02   1.3343114852905300e+01
   1.6000000000000000e+02   1.0695220947265600e+03
   1.6100000000000000e+02   9.2828498840332003e+01
   1.6119999999999999e+02   2.4297426223754901e+01
   1.6190000000000001e+02   1.2467110443115200e+02
   1.6200000000000000e+02   5.0426490783691399e+01
   1.6219999999999999e+02   1.2033631896972700e+02
   1.6290000000000001e+02   1.2727273941040000e+01
   1.6300000000000000e+02   1.1401549339294400e+01
   1.6990000000000001e+02   1.5622177124023400e+01
   1.7080000000000001e+02   3.1280975341796900e+01
   1.7109999999999999e+02   9.5048889160156307e+01
   1.7130000000000001e+02   2.6500000000000000e+01
   1.7200000000000000e+02   4.4816005706787102e+01
   1.7280000000000001e+02   5.2052768707275398e+01
   1.7300000000000000e+02   2.7064479827880898e+01
   1.7309999999999999e+02   5.2483379364013700e+01
   1.7390000000000001e+02   1.1148296356201200e+02
   1.7409999999999999e+02   2.6928268432617199e+02
   1.7509999999999999e+02   1.0227736328125000e+04
   1.7609999999999999e+02   1.4156881103515600e+03
   1.7619999999999999e+02   6.1409069061279297e+01
   1.7680000000000001e+02   1.2015463829040501e+01
   1.7700000000000000e+02   2.6685251235961900e+01
   1.8500000000000000e+02   3.2081447601318402e+01
   1.8509999999999999e+02   2.8103136062622099e+01
   1.8700000000000000e+02   1.4705230712890599e+02
   1.8800000000000000e+02   1.6605850219726602e+01
   1.8809999999999999e+02   1.3999284362793000e+02
   1.8890000000000001e+02   1.0249681091308599e+02
   1.8909999999999999e+02   4.6023303222656301e+02
   1.8980000000000001e+02   2.8495174407958999e+01
   1.9000000000000000e+02   5.5931331634521499e+01
   1.9890000000000001e+02   4.2289691925048800e+01
   1.9909999999999999e+02   8.5352890014648395e+01
   1.9919999999999999e+02   2.2715490341186499e+01
   1.9990000000000001e+02   5.7080749511718800e+01
   2.0009999999999999e+02   2.6261346817016602e+01
   2.0019999999999999e+02   7.2400314331054702e+01
   2.0030000000000001e+02   1.5629247665405300e+01
   2.0100000000000000e+02   3.1641572952270501e+01
   2.0119999999999999e+02   3.6802375793457003e+01
   2.0300000000000000e+02   1.1800354957580600e+01
   2.0680000000000001e+02   1.0360038757324199e+01
   2.0690000000000001e+02   1.7456127166748001e+01
   2.1090000000000001e+02   1.5778131484985400e+00
   2.1109999999999999e+02   3.0769416809081999e+01
   2.1300000000000000e+02   1.4610056877136200e+01
   2.1480000000000001e+02   4.6427936553955096e+00
   2.1490000000000001e+02   4.8618515014648402e+01
   2.1509999999999999e+02   6.2475505828857401e+01
   2.1590000000000001e+02   1.2840850830078100e+01
   2.1609999999999999e+02   1.0973236083984400e+01
   2.1680000000000001e+02   1.3842832565307599e+01
   2.1709999999999999e+02   2.3108325958251999e+01
   2.1809999999999999e+02   2.6062588500976602e+02
   2.1819999999999999e+02   1.9889842224121099e+02
   2.1890000000000001e+02   9.6045036315917997e+01
   2.1900000000000000e+02   4.0979980468750000e+01
   2.1919999999999999e+02   1.3523165702819799e+01
   2.3300000000000000e+02   4.9541763305664098e+01
   2.3459999999999999e+02   1.1787791252136200e+01
   2.3680000000000001e+02   7.7429103851318404e+00
   2.3690000000000001e+02   9.1775894165039098e+00
   2.3700000000000000e+02   2.5509582519531300e+01
   2.9289999999999998e+02   2.4831024169921900e+01
