   4.0100000000000001e+01   6.1509178161621101e+01
   4.0200000000000003e+01   1.9181829452514599e+01
   4.1000000000000000e+01   3.2338110351562500e+03
   4.1100000000000001e+01   1.8249382019043000e+02
   4.2000000000000000e+01   9.2351230468750000e+03
   4.2899999999999999e+01   3.6653160095214801e+01
   4.3000000000000000e+01   1.2336770019531300e+03
   4.4000000000000000e+01   1.0535091552734400e+03
   4.4100000000000001e+01   8.9278387451171898e+02
   4.4899999999999999e+01   1.0635035514831500e+01
   4.9899999999999999e+01   1.3817390441894500e+02
   5.0000000000000000e+01   1.1427262878418000e+02
   5.0000000000000000e+01   2.3758758544921901e+02
   5.1000000000000000e+01   1.2874377441406300e+03
   5.1100000000000001e+01   5.5747135162353501e+01
   5.1799999999999997e+01   1.2798977851867701e+01
   5.1899999999999999e+01   1.8051617431640599e+02
   5.2100000000000001e+01   1.8195755004882801e+02
   5.2799999999999997e+01   1.3962024688720700e+01
   5.3000000000000000e+01   5.2988049316406295e+02
   5.3100000000000001e+01   1.0429622650146500e+02
   5.3899999999999999e+01   2.3667600631713899e+01
   5.4000000000000000e+01   4.6747842407226602e+02
   5.4100000000000001e+01   3.7190280914306598e+01
   5.4899999999999999e+01   5.9560173034667997e+01
   5.5000000000000000e+01   2.1927077636718800e+03
   5.5799999999999997e+01   2.8045001983642599e+01
   5.6000000000000000e+01   6.1229223632812500e+02
   5.6100000000000001e+01   6.7744000244140602e+02
   5.7000000000000000e+01   1.1818318359375000e+04
   5.8000000000000000e+01   3.8178958129882801e+02
   5.8100000000000001e+01   5.8112585449218795e+02
   5.8899999999999999e+01   2.0622650146484400e+01
   5.9100000000000001e+01   1.2840806579589801e+02
   5.9200000000000003e+01   2.0016645431518601e+01
   6.1000000000000000e+01   1.4398907661438001e+01
   6.1799999999999997e+01   1.3770197868347200e+01
   6.1899999999999999e+01   1.3900813293457000e+02
   6.2899999999999999e+01   2.7514523315429699e+02
   6.3000000000000000e+01   4.3337234497070301e+02
   6.3899999999999999e+01   4.9314041137695298e+01
   6.4000000000000000e+01   4.1460324096679699e+02
   6.5000000000000000e+01   3.1527250976562500e+03
   6.5900000000000006e+01   2.0954464721679699e+02
   6.6000000000000000e+01   4.7334280395507801e+02
   6.6900000000000006e+01   4.8717994689941399e+01
   6.7000000000000000e+01   1.0852963867187500e+03
   6.8000000000000000e+01   1.7857648925781300e+03
   6.9000000000000000e+01   1.8372471923828100e+03
   6.9900000000000006e+01   1.1440060424804700e+02
   7.0000000000000000e+01   1.3359592285156300e+03
   7.0200000000000003e+01   1.6959108352661101e+01
   7.1000000000000000e+01   2.4069749450683599e+02
   7.1099999999999994e+01   9.3604049682617202e+01
   7.1799999999999997e+01   1.4153970718383800e+01
   7.2200000000000003e+01   1.3595688819885300e+01
   7.2900000000000006e+01   2.4822563171386701e+01
   7.3000000000000000e+01   1.4671091079711900e+01
   7.3700000000000003e+01   1.3458273887634300e+01
   7.4000000000000000e+01   4.9979179382324197e+01
   7.4099999999999994e+01   1.4834852218627899e+01
   7.4900000000000006e+01   1.2023549652099599e+02
   7.5000000000000000e+01   7.0925712585449205e+01
   7.5900000000000006e+01   9.5633255004882798e+01
   7.6099999999999994e+01   3.6281964111328102e+02
   7.6299999999999997e+01   2.7415370941162099e+01
   7.7000000000000000e+01   9.7087001953125000e+03
   7.8000000000000000e+01   6.1069659423828102e+02
   7.8000000000000000e+01   1.4091060791015600e+03
   7.9000000000000000e+01   3.5510949707031300e+03
   7.9799999999999997e+01   9.1486801147460895e+01
   8.0000000000000000e+01   5.4351501464843795e+02
   8.0099999999999994e+01   1.3316941833496099e+02
   8.1000000000000000e+01   1.3680551757812500e+03
   8.1200000000000003e+01   7.3911834716796903e+01
   8.2000000000000000e+01   1.4764747314453100e+03
   8.2799999999999997e+01   2.2849628448486300e+01
   8.3000000000000000e+01   1.6122593688964801e+02
   8.3099999999999994e+01   3.9392123413085898e+02
   8.3299999999999997e+01   1.4371900558471699e+01
   8.4000000000000000e+01   6.8640710449218795e+02
   8.4099999999999994e+01   8.3821765136718795e+02
   8.5000000000000000e+01   7.4369071960449205e+01
   8.5000000000000000e+01   9.6689010620117202e+01
   8.5900000000000006e+01   1.9885646820068398e+01
   8.6099999999999994e+01   5.6191772460937500e+01
   8.7099999999999994e+01   1.2025125503540000e+01
   8.8799999999999997e+01   7.4046623229980497e+01
   8.8900000000000006e+01   6.5008338928222699e+01
   8.9000000000000000e+01   4.6382489013671898e+02
   8.9099999999999994e+01   1.0024674987793000e+02
   9.0000000000000000e+01   5.1901330566406295e+02
   9.0099999999999994e+01   1.7953858947753901e+02
   9.1000000000000000e+01   1.3946416992187500e+04
   9.1900000000000006e+01   3.1590589523315401e+01
   9.2000000000000000e+01   1.8801289062500000e+03
   9.2900000000000006e+01   1.5517277526855500e+02
   9.3000000000000000e+01   3.1260839843750000e+03
   9.3900000000000006e+01   7.2707809448242202e+01
   9.4099999999999994e+01   1.9472969970703100e+03
   9.4900000000000006e+01   2.3399585723876999e+01
   9.5000000000000000e+01   2.6243685913085898e+02
   9.5099999999999994e+01   1.4410986328125000e+02
   9.5900000000000006e+01   9.1181816101074205e+01
   9.6099999999999994e+01   1.5685727539062500e+03
   9.7000000000000000e+01   2.4990956115722699e+02
   9.7900000000000006e+01   1.9335760498046901e+02
   9.8000000000000000e+01   5.5323757171630902e+01
   9.8099999999999994e+01   2.6400570678710898e+02
   9.9099999999999994e+01   1.3681127548217800e+01
   9.9200000000000003e+01   1.2046447753906300e+01
   1.0100000000000000e+02   2.6154764175415000e+01
   1.0120000000000000e+02   4.5250774383544901e+01
   1.0130000000000000e+02   1.0732346534729000e+01
   1.0180000000000000e+02   2.7730804443359400e+01
   1.0190000000000001e+02   9.5085769653320298e+01
   1.0209999999999999e+02   2.2656210327148401e+02
   1.0220000000000000e+02   3.4544700622558601e+01
   1.0280000000000000e+02   5.0608436584472699e+01
   1.0300000000000000e+02   3.1475192871093800e+03
   1.0400000000000000e+02   4.5708095703125000e+03
   1.0500000000000000e+02   1.0914692382812500e+04
   1.0590000000000001e+02   2.8216606140136701e+01
   1.0600000000000000e+02   2.4939196777343800e+03
   1.0609999999999999e+02   3.5774570465087898e+01
   1.0680000000000000e+02   2.0506834030151399e+01
   1.0700000000000000e+02   1.2857058715820301e+02
   1.0709999999999999e+02   1.5066751098632801e+02
   1.0800000000000000e+02   3.0267434692382801e+02
   1.0809999999999999e+02   5.6541198730468795e+02
   1.0900000000000000e+02   3.3786016845703102e+02
   1.0909999999999999e+02   4.7236004638671898e+02
   1.1009999999999999e+02   6.2305390625000000e+03
   1.1109999999999999e+02   8.2669195556640602e+02
   1.1190000000000001e+02   8.0262283325195298e+01
   1.1200000000000000e+02   2.7363662719726602e+02
   1.1209999999999999e+02   1.7714892578125000e+02
   1.1290000000000001e+02   2.6150602340698200e+01
   1.1309999999999999e+02   1.5033756256103500e+01
   1.1500000000000000e+02   5.8262481689453102e+02
   1.1600000000000000e+02   2.5935470581054699e+02
   1.1609999999999999e+02   8.0906059265136705e+01
   1.1690000000000001e+02   1.2260000610351599e+02
   1.1700000000000000e+02   1.8522957763671900e+03
   1.1720000000000000e+02   7.0541351318359403e+01
   1.1800000000000000e+02   3.4826779785156300e+03
   1.1900000000000000e+02   6.2650738525390602e+02
   1.1909999999999999e+02   6.0533416748046898e+02
   1.1990000000000001e+02   1.7154597473144500e+02
   1.2009999999999999e+02   5.1703784179687500e+02
   1.2100000000000000e+02   2.9635725021362301e+01
   1.2109999999999999e+02   2.6265825271606399e+01
   1.2190000000000001e+02   1.2506093978881800e+01
   1.2209999999999999e+02   2.2368835449218800e+01
   1.2280000000000000e+02   1.1644214630126999e+01
   1.2390000000000001e+02   1.1824446678161600e+01
   1.2500000000000000e+02   1.1286303520202599e+01
   1.2600000000000000e+02   1.1351002693176300e+01
   1.2690000000000001e+02   2.8963888168335000e+01
   1.2770000000000000e+02   2.1888378143310501e+01
   1.2790000000000001e+02   8.4733100891113295e+01
   1.2800000000000000e+02   9.3950538635253906e+01
   1.2809999999999999e+02   7.9578224182128906e+01
   1.2900000000000000e+02   8.2141387939453097e+01
   1.2900000000000000e+02   1.2647634124755901e+02
   1.2919999999999999e+02   5.8146305084228501e+01
   1.3009999999999999e+02   3.8711926269531300e+03
   1.3100000000000000e+02   2.7500014648437500e+03
   1.3209999999999999e+02   7.0549042968750000e+03
   1.3300000000000000e+02   3.6934158325195301e+02
   1.3309999999999999e+02   9.5856774902343795e+02
   1.3380000000000001e+02   1.6586139678955099e+01
   1.3400000000000000e+02   1.3289913940429699e+02
   1.3409999999999999e+02   5.4405633544921898e+02
   1.3430000000000001e+02   1.1203406333923301e+01
   1.3509999999999999e+02   2.4557031631469702e+01
   1.3690000000000001e+02   4.2934188842773402e+01
   1.3700000000000000e+02   9.4889129638671903e+01
   1.3709999999999999e+02   6.8598175048828103e-01
   1.3900000000000000e+02   2.7753429412841800e+01
   1.4109999999999999e+02   2.1394222259521499e+01
   1.4180000000000001e+02   1.0852329254150400e+01
   1.4190000000000001e+02   1.0977048873901399e+01
   1.4209999999999999e+02   1.3709607124328601e+01
   1.4300000000000000e+02   1.0709630584716800e+02
   1.4309999999999999e+02   1.7340003967285199e+02
   1.4400000000000000e+02   7.3970513916015602e+02
   1.4409999999999999e+02   1.1174371337890600e+03
   1.4480000000000001e+02   1.1827370643615700e+01
   1.4500000000000000e+02   1.8910443115234401e+02
   1.4509999999999999e+02   1.0473382568359400e+03
   1.4609999999999999e+02   2.0482443847656300e+03
   1.4690000000000001e+02   1.0421998023986800e+01
   1.4700000000000000e+02   2.9636267089843801e+02
   1.4709999999999999e+02   7.5756118774414105e+01
   1.4800000000000000e+02   1.7289640808105500e+02
   1.4809999999999999e+02   2.2364086914062500e+02
   1.4819999999999999e+02   3.0267999649047901e+01
   1.4880000000000001e+02   3.0839063644409201e+01
   1.4890000000000001e+02   1.5872822761535600e+01
   1.4900000000000000e+02   3.1264239501953102e+02
   1.4930000000000001e+02   1.2168283462524400e+01
   1.4990000000000001e+02   5.1419532775878899e+01
   1.5000000000000000e+02   2.7443609619140602e+02
   1.5009999999999999e+02   8.9634536743164105e+01
   1.5300000000000000e+02   2.6561819458007801e+02
   1.5319999999999999e+02   2.6285148620605501e+01
   1.5409999999999999e+02   4.2768245697021499e+01
   1.5490000000000001e+02   7.9247413635253906e+01
   1.5500000000000000e+02   2.7477434158325199e+01
   1.5609999999999999e+02   1.5044654846191401e+02
   1.5619999999999999e+02   5.9353332519531300e+01
   1.5690000000000001e+02   5.3797409057617202e+01
   1.5700000000000000e+02   2.6027679443359400e+01
   1.5709999999999999e+02   6.7638526916503906e+01
   1.5719999999999999e+02   1.3281832695007299e+01
   1.5759999999999999e+02   1.4458916664123500e+01
   1.5780000000000001e+02   4.7045833587646499e+01
   1.5800000000000000e+02   2.0648980712890599e+02
   1.5809999999999999e+02   4.2387515258789102e+02
   1.5900000000000000e+02   6.4146682739257798e+01
   1.5909999999999999e+02   9.3470397949218795e+02
   1.5919999999999999e+02   2.1404804992675801e+02
   1.6009999999999999e+02   1.2152659179687500e+04
   1.6090000000000001e+02   1.6313938140869102e+01
   1.6100000000000000e+02   8.5669624328613295e+01
   1.6109999999999999e+02   1.4950753173828100e+03
   1.6200000000000000e+02   2.4525218200683599e+02
   1.6209999999999999e+02   1.6661415100097699e+01
   1.6690000000000001e+02   1.1228712081909199e+01
   1.6719999999999999e+02   1.4198785781860400e+01
   1.6790000000000001e+02   3.0600858688354499e+01
   1.6800000000000000e+02   1.4339800834655801e+01
   1.6990000000000001e+02   2.4182348251342798e+01
   1.7009999999999999e+02   1.0357632446289099e+02
   1.7019999999999999e+02   1.0322812080383301e+01
   1.7100000000000000e+02   4.7446922302246101e+01
   1.7109999999999999e+02   4.0393653869628899e+01
   1.7200000000000000e+02   3.3262091064453102e+02
   1.7209999999999999e+02   6.2115600585937500e+02
   1.7219999999999999e+02   8.5780471801757798e+01
   1.7290000000000001e+02   1.0854879760742200e+02
   1.7309999999999999e+02   2.0880795288085901e+02
   1.7319999999999999e+02   3.3485637664794901e+01
   1.7400000000000000e+02   2.1798664855957000e+02
   1.7409999999999999e+02   7.3289788818359398e+02
   1.7509999999999999e+02   7.5468910217285199e+01
   1.8390000000000001e+02   1.0890512466430700e+01
   1.8400000000000000e+02   5.7225048065185497e+01
   1.8409999999999999e+02   1.8120266723632801e+02
   1.8480000000000001e+02   1.0235910415649400e+01
   1.8490000000000001e+02   2.5220705032348601e+01
   1.8519999999999999e+02   1.2784493446350099e+01
   1.8600000000000000e+02   1.5250613403320301e+02
   1.8609999999999999e+02   1.0382492065429700e+02
   1.8619999999999999e+02   2.0979330062866200e+01
   1.8690000000000001e+02   4.5756870269775398e+01
   1.8709999999999999e+02   1.7948226928710901e+02
   1.8800000000000000e+02   2.4606746673583999e+01
   1.8809999999999999e+02   2.6945455551147500e+01
   1.9800000000000000e+02   4.3393775939941399e+01
   1.9809999999999999e+02   5.5329321289062500e+02
   1.9890000000000001e+02   1.9187162399291999e+01
   1.9909999999999999e+02   3.4807879638671898e+02
   2.0000000000000000e+02   3.5246730804443402e+01
   2.0009999999999999e+02   1.2057369384765600e+03
   2.0019999999999999e+02   1.0230841827392599e+02
   2.0109999999999999e+02   1.0280167236328100e+03
   2.0119999999999999e+02   7.1896072387695298e+01
   2.0200000000000000e+02   4.1783435821533203e+01
   2.0209999999999999e+02   1.9318009033203100e+03
   2.0309999999999999e+02   3.4606914062500000e+03
   2.0400000000000000e+02   3.3364987182617199e+02
   2.0419999999999999e+02   1.4844830322265599e+02
   2.0819999999999999e+02   1.5315573692321800e+01
   2.1200000000000000e+02   1.2402111053466800e+01
   2.1319999999999999e+02   2.3190889358520501e+01
   2.1469999999999999e+02   4.0245521545410199e+01
   2.1490000000000001e+02   4.2196235656738299e+00
   2.1500000000000000e+02   9.7360900878906307e+01
   2.1519999999999999e+02   3.0437299728393601e+01
   2.1600000000000000e+02   6.6734809875488295e+01
   2.1609999999999999e+02   4.5216166992187500e+03
   2.1690000000000001e+02   7.2713172912597699e+01
   2.1709999999999999e+02   7.0873303222656295e+02
   2.1730000000000001e+02   1.7718084335327099e+01
   2.1800000000000000e+02   4.2056167602539098e+01
   2.1880000000000001e+02   3.9925556182861300e+01
   2.1909999999999999e+02   2.8168758392333999e+01
   2.2990000000000001e+02   1.4795244216918899e+01
   2.3000000000000000e+02   6.6630393981933594e+01
   2.3009999999999999e+02   9.7468551635742202e+01
   2.3030000000000001e+02   4.7706676483154297e+01
   2.3100000000000000e+02   1.0488291740417500e+01
   2.3300000000000000e+02   1.3023675918579100e+01
   2.3309999999999999e+02   2.0443288803100600e+01
   2.3669999999999999e+02   2.8660331726074201e+01
   2.3690000000000001e+02   9.3265754699707003e+01
   2.4080000000000001e+02   1.2595091819763200e+01
   2.4109999999999999e+02   2.5587276458740199e+01
   2.4500000000000000e+02   1.0967050552368200e+01
   2.4509999999999999e+02   2.3571924209594702e+01
   2.5630000000000001e+02   1.0257078170776399e+01
   2.5639999999999998e+02   1.7867437362670898e+01
   2.5689999999999998e+02   4.4489761352539098e+01
   2.5710000000000002e+02   8.6287376403808594e+01
   2.5730000000000001e+02   2.7486684799194300e+01
   2.5739999999999998e+02   2.4742193222045898e+01
   2.5760000000000002e+02   1.0347023963928200e+01
   2.5800000000000000e+02   2.1596876144409201e+01
   2.5819999999999999e+02   2.9659436035156301e+02
   2.5830000000000001e+02   7.4915367126464801e+01
   2.5919999999999999e+02   5.6687921875000000e+04
   2.6019999999999999e+02   1.0168050781250000e+04
   2.6100000000000000e+02   2.9267660140991200e+01
   2.6119999999999999e+02   9.9068652343750000e+02
   2.6200000000000000e+02   1.4009367942810099e+01
   2.9300000000000000e+02   2.2295257568359400e+01
   2.9310000000000002e+02   3.3606632232666001e+01
   3.4800000000000000e+02   4.1642330169677699e+01
   3.4819999999999999e+02   6.5391342163085895e+01
   3.4830000000000001e+02   1.2704927444458001e+01
