   3.9899999999999999e+01   7.0503821372985804e+00
   4.0100000000000001e+01   4.5175006866455099e+01
   4.0899999999999999e+01   1.2634821891784700e+01
   4.1000000000000000e+01   5.5631518554687500e+02
   4.1200000000000003e+01   3.9471652984619098e+01
   4.1899999999999999e+01   3.0973932266235401e+01
   4.2000000000000000e+01   1.6035825195312500e+03
   4.2100000000000001e+01   3.3405538940429699e+02
   4.2799999999999997e+01   9.3872489929199201e+00
   4.2899999999999999e+01   5.4403964996337898e+01
   4.3100000000000001e+01   3.0304129028320301e+02
   4.3200000000000003e+01   1.8049661636352500e+01
   4.4000000000000000e+01   6.4826489257812500e+02
   4.4100000000000001e+01   1.0018874359130901e+02
   4.5000000000000000e+01   4.4710166015625000e+03
   4.6000000000000000e+01   1.9974126815795898e+01
   4.6100000000000001e+01   2.2904506683349599e+01
   4.9700000000000003e+01   6.8366527557373002e+00
   4.9899999999999999e+01   3.4727039337158203e+01
   5.0000000000000000e+01   9.4201805114746094e+01
   5.0200000000000003e+01   8.6435117721557599e+00
   5.0899999999999999e+01   2.5976348876953102e+02
   5.1000000000000000e+01   3.0145056152343801e+02
   5.1899999999999999e+01   5.3131092071533203e+01
   5.2000000000000000e+01   9.9238723754882798e+01
   5.2100000000000001e+01   3.8071147918701200e+01
   5.2899999999999999e+01   8.6750701904296903e+01
   5.3000000000000000e+01   1.0871470642089800e+02
   5.3100000000000001e+01   9.7629928588867205e+00
   5.4000000000000000e+01   1.5651403808593801e+02
   5.4100000000000001e+01   2.6950464248657202e+01
   5.4799999999999997e+01   1.4284581184387200e+01
   5.5000000000000000e+01   2.5532510375976599e+02
   5.5100000000000001e+01   2.3460197448730500e+02
   5.5899999999999999e+01   7.8167449951171903e+01
   5.6000000000000000e+01   2.7531869506835898e+02
   5.6899999999999999e+01   8.5797210693359403e+01
   5.7000000000000000e+01   8.7775108337402301e+01
   5.7200000000000003e+01   2.0968364715576200e+01
   5.7899999999999999e+01   1.6263505935668899e+01
   5.8000000000000000e+01   3.3385336303710898e+02
   5.8899999999999999e+01   8.3365676879882798e+01
   5.9000000000000000e+01   1.9630975723266602e+01
   6.2000000000000000e+01   1.5609357833862299e+01
   6.2100000000000001e+01   1.6027082443237301e+01
   6.2700000000000003e+01   7.6913275718689000e+00
   6.2899999999999999e+01   7.2304573059082003e+01
   6.3000000000000000e+01   2.0471960449218801e+02
   6.3799999999999997e+01   1.1507994651794400e+01
   6.4000000000000000e+01   1.0444309234619099e+02
   6.4200000000000003e+01   2.8209466934204102e+01
   6.4900000000000006e+01   4.8111535644531301e+02
   6.5000000000000000e+01   5.7864666748046898e+02
   6.5799999999999997e+01   6.3628754615783700e+00
   6.6000000000000000e+01   1.7222712707519500e+02
   6.6799999999999997e+01   8.5462097167968807e+01
   6.7000000000000000e+01   1.1689528656005901e+02
   6.7000000000000000e+01   1.5948587036132801e+02
   6.7200000000000003e+01   2.0074285507202099e+01
   6.7900000000000006e+01   8.0977813720703097e+01
   6.8000000000000000e+01   3.4012985229492199e+02
   6.8099999999999994e+01   2.1133293151855501e+01
   6.9000000000000000e+01   1.5154602050781301e+02
   6.9000000000000000e+01   1.6531440734863301e+02
   6.9200000000000003e+01   3.2500343322753899e+01
   6.9799999999999997e+01   6.8151483535766602e+00
   6.9900000000000006e+01   6.6024314880371094e+01
   7.0000000000000000e+01   8.6971905517578102e+02
   7.0900000000000006e+01   1.9159389495849599e+01
   7.1099999999999994e+01   7.4737639427185103e+00
   7.2799999999999997e+01   6.8068690299987802e+00
   7.3799999999999997e+01   1.7407499313354499e+01
   7.4000000000000000e+01   2.3652219772338899e+01
   7.4900000000000006e+01   1.8407890319824201e+01
   7.5099999999999994e+01   4.4775760650634801e+01
   7.5799999999999997e+01   8.2876577377319300e+00
   7.5900000000000006e+01   1.7714401245117202e+01
   7.6000000000000000e+01   6.3000366210937500e+01
   7.6200000000000003e+01   3.6578964233398402e+01
   7.7000000000000000e+01   2.6583442382812500e+03
   7.7900000000000006e+01   1.2439295959472700e+02
   7.8000000000000000e+01   5.6451647949218795e+02
   7.8099999999999994e+01   4.8465469360351598e+01
   7.8799999999999997e+01   8.5681819915771502e+00
   7.9000000000000000e+01   3.2750833129882801e+02
   7.9000000000000000e+01   5.6713256835937500e+02
   7.9799999999999997e+01   7.6946411132812500e+00
   8.0000000000000000e+01   1.7985862731933599e+02
   8.0099999999999994e+01   7.8105094909667997e+01
   8.0799999999999997e+01   2.3700370788574201e+01
   8.1000000000000000e+01   6.1902851104736300e+01
   8.1099999999999994e+01   1.5173708915710399e+01
   8.1900000000000006e+01   2.0035276412963899e+01
   8.2000000000000000e+01   3.1092010498046898e+02
   8.2099999999999994e+01   7.1932792663574205e+01
   8.2799999999999997e+01   9.4927253723144496e+00
   8.3000000000000000e+01   1.8523874282836900e+01
   8.3099999999999994e+01   3.5422203063964801e+01
   8.3900000000000006e+01   1.5971151351928700e+01
   8.4000000000000000e+01   8.9228797912597699e+01
   8.6599999999999994e+01   7.0391931533813503e+00
   8.8000000000000000e+01   1.5399597167968800e+01
   8.8799999999999997e+01   9.4305696487426793e+00
   8.8900000000000006e+01   1.1211014556884800e+02
   8.9000000000000000e+01   1.8082354736328099e+02
   8.9900000000000006e+01   5.6803260803222699e+01
   9.0000000000000000e+01   4.1503761291503899e+01
   9.0099999999999994e+01   5.4217948913574197e+01
   9.1000000000000000e+01   3.8800634765625000e+03
   9.2000000000000000e+01   2.2150274658203099e+02
   9.2000000000000000e+01   4.3406604003906301e+02
   9.2900000000000006e+01   2.1194126892089801e+02
   9.3000000000000000e+01   1.4771914672851599e+02
   9.3099999999999994e+01   5.5612079620361300e+01
   9.3799999999999997e+01   7.3171095848083496e+00
   9.4000000000000000e+01   2.8423986816406301e+02
   9.4099999999999994e+01   1.8331513977050801e+02
   9.4200000000000003e+01   3.1806032180786101e+01
   9.4799999999999997e+01   7.7441682815551802e+00
   9.5000000000000000e+01   1.7120745849609401e+02
   9.5099999999999994e+01   1.4433668518066401e+02
   9.5900000000000006e+01   5.9689453125000000e+01
   9.6099999999999994e+01   1.9100791015625000e+03
   9.7000000000000000e+01   1.8311381530761699e+02
   9.7099999999999994e+01   2.0769073486328099e+02
   9.7900000000000006e+01   8.0603454589843807e+01
   9.8000000000000000e+01   1.1647866821289099e+02
   9.8200000000000003e+01   8.8431997299194300e+00
   9.9799999999999997e+01   8.3990383148193395e+00
   1.0000000000000000e+02   4.8169387817382798e+01
   1.0109999999999999e+02   8.7765808105468803e+00
   1.0180000000000000e+02   7.5684428215026900e+00
   1.0200000000000000e+02   1.0394361114502000e+02
   1.0280000000000000e+02   1.6045930862426800e+01
   1.0300000000000000e+02   6.6116650390625000e+02
   1.0309999999999999e+02   2.7861904907226602e+02
   1.0320000000000000e+02   3.3432361602783203e+01
   1.0400000000000000e+02   2.6688311767578102e+02
   1.0400000000000000e+02   1.0345919189453100e+03
   1.0409999999999999e+02   6.5477241516113295e+01
   1.0500000000000000e+02   2.9758916015625000e+03
   1.0570000000000000e+02   9.3426189422607404e+00
   1.0590000000000001e+02   6.4366447448730497e+01
   1.0600000000000000e+02   4.8899060058593801e+02
   1.0609999999999999e+02   3.7730300903320301e+02
   1.0700000000000000e+02   2.8600963592529300e+01
   1.0709999999999999e+02   1.9200822830200199e+01
   1.0809999999999999e+02   9.3381366729736293e+00
   1.1480000000000000e+02   1.6618663787841800e+01
   1.1490000000000001e+02   5.7421089172363303e+01
   1.1509999999999999e+02   4.5557266235351598e+01
   1.1530000000000000e+02   8.0232448577880895e+00
   1.1580000000000000e+02   2.8863916397094702e+01
   1.1600000000000000e+02   3.5366924285888700e+01
   1.1609999999999999e+02   2.6978647232055700e+01
   1.1620000000000000e+02   1.0354556083679199e+01
   1.1690000000000001e+02   4.9705753326416001e+01
   1.1700000000000000e+02   4.2147741699218801e+02
   1.1730000000000000e+02   8.1400165557861293e+00
   1.1790000000000001e+02   1.1258334350585901e+02
   1.1809999999999999e+02   5.9129296875000000e+02
   1.1890000000000001e+02   6.4103523254394503e+01
   1.1900000000000000e+02   3.8143844604492199e+02
   1.1990000000000001e+02   6.8709915161132798e+01
   1.1990000000000001e+02   8.1227096557617202e+01
   1.2000000000000000e+02   6.8328727722167997e+01
   1.2009999999999999e+02   3.8309951782226598e+01
   1.2109999999999999e+02   6.4816160202026403e+00
   1.2700000000000000e+02   7.0150489807128897e+00
   1.2780000000000000e+02   7.4491462707519496e+00
   1.2800000000000000e+02   3.4092109680175803e+01
   1.2819999999999999e+02   4.5616119384765597e+01
   1.2890000000000001e+02   7.2477698326110804e+00
   1.2919999999999999e+02   3.2095985412597699e+01
   1.2930000000000001e+02   1.2013210296630900e+01
   1.2990000000000001e+02   1.8046653747558599e+02
   1.3000000000000000e+02   9.5564807128906295e+02
   1.3009999999999999e+02   9.0673583984375000e+01
   1.3090000000000001e+02   4.1460342407226598e+01
   1.3100000000000000e+02   5.1220513916015602e+02
   1.3119999999999999e+02   1.9499605178833001e+01
   1.3209999999999999e+02   1.4643197021484400e+03
   1.3209999999999999e+02   1.2831515502929699e+02
   1.3290000000000001e+02   8.6214363098144503e+01
   1.3309999999999999e+02   1.3861906433105500e+02
   1.3400000000000000e+02   6.2606212615966797e+01
   1.3400000000000000e+02   3.8203842163085902e+01
   1.3419999999999999e+02   4.1456153869628899e+01
   1.3480000000000001e+02   2.4241992950439499e+01
   1.3500000000000000e+02   1.7520863342285199e+02
   1.3519999999999999e+02   3.3151805877685497e+01
   1.3590000000000001e+02   6.4521551132202104e+00
   1.3680000000000001e+02   3.7999496459960902e+01
   1.3690000000000001e+02   8.4238601684570298e+01
   1.3890000000000001e+02   9.2756011962890597e+01
   1.3900000000000000e+02   1.5936343383789099e+02
   1.4280000000000001e+02   8.3756809234619105e+00
   1.4290000000000001e+02   2.7794946670532202e+01
   1.4390000000000001e+02   1.5099276542663601e+01
   1.4400000000000000e+02   1.5469242858886699e+02
   1.4409999999999999e+02   6.3589550018310497e+01
   1.4430000000000001e+02   1.0178064346313500e+01
   1.4480000000000001e+02   7.5653967857360804e+00
   1.4500000000000000e+02   6.9078804016113295e+01
   1.4509999999999999e+02   6.2055572509765597e+01
   1.4590000000000001e+02   6.0725883483886697e+01
   1.4609999999999999e+02   5.8118218994140602e+02
   1.4690000000000001e+02   1.1726478576660201e+01
   1.4700000000000000e+02   1.3564718246460000e+01
   1.4709999999999999e+02   1.4515159606933601e+01
   1.4790000000000001e+02   2.4525722503662099e+01
   1.4800000000000000e+02   1.2080378532409700e+01
   1.4809999999999999e+02   3.6567977905273402e+01
   1.5490000000000001e+02   1.2783614158630400e+01
   1.5590000000000001e+02   3.0451889038085898e+01
   1.5609999999999999e+02   4.1451072692871101e+01
   1.5680000000000001e+02   6.0394434928893999e+00
   1.5690000000000001e+02   7.6074094772338903e+00
   1.5709999999999999e+02   3.6183170318603501e+01
   1.5800000000000000e+02   1.3297021484375000e+02
   1.5809999999999999e+02   2.0299552001953100e+03
   1.5890000000000001e+02   2.6173854827880898e+01
   1.5900000000000000e+02   1.6231358337402301e+02
   1.5909999999999999e+02   2.5679089355468801e+02
   1.6000000000000000e+02   1.7715606689453099e+02
   1.6009999999999999e+02   2.9771908569335898e+02
   1.6080000000000001e+02   1.3446097373962401e+01
   1.6100000000000000e+02   6.9798841476440403e+00
   1.6200000000000000e+02   1.5995918273925801e+01
   1.6490000000000001e+02   4.0757835388183601e+01
   1.6500000000000000e+02   1.0669471740722700e+02
   1.6509999999999999e+02   1.0218391418457000e+02
   1.6800000000000000e+02   7.4440441131591797e+00
   1.7000000000000000e+02   1.1333429336547900e+01
   1.7169999999999999e+02   6.0958690643310502e+00
   1.7190000000000001e+02   1.6347023010253899e+01
   1.7200000000000000e+02   6.6777648925781303e+00
   1.7209999999999999e+02   1.4301185607910201e+01
   1.7300000000000000e+02   7.0650825500488299e+00
   1.7309999999999999e+02   6.4063014984130904e+00
   1.7390000000000001e+02   6.3410716056823704e+00
   1.8319999999999999e+02   6.7051496505737296e+00
   1.8380000000000001e+02   9.1041793823242205e+00
   1.8400000000000000e+02   4.2700908660888700e+01
   1.8409999999999999e+02   2.0326074218750000e+02
   1.8430000000000001e+02   7.8142576217651403e+00
   1.8490000000000001e+02   1.6252534866333001e+01
   1.8500000000000000e+02   1.1326217651367200e+02
   1.8519999999999999e+02   2.2495586395263700e+01
   1.8600000000000000e+02   7.7162414550781307e+01
   1.8609999999999999e+02   4.9417648315429699e+02
   1.8700000000000000e+02   9.1027626037597699e+01
   1.8709999999999999e+02   3.3661584472656301e+02
   1.8719999999999999e+02   1.0624585151672401e+01
   1.8800000000000000e+02   2.4683874511718801e+02
   1.8809999999999999e+02   4.3133569335937500e+02
   1.8819999999999999e+02   8.3115036010742202e+01
   1.8890000000000001e+02   1.8897722244262699e+01
   1.8909999999999999e+02   3.2791796875000000e+02
   1.8919999999999999e+02   4.2821651458740199e+01
   1.8980000000000001e+02   1.2052656173706101e+01
   1.9009999999999999e+02   9.0972131347656295e+02
   1.9090000000000001e+02   2.2402099609375000e+01
   1.9109999999999999e+02   5.1019432067871101e+01
   1.9119999999999999e+02   1.7847492218017599e+01
   2.0090000000000001e+02   3.0848915100097699e+01
   2.0109999999999999e+02   8.9568382263183594e+01
   2.0119999999999999e+02   6.9713501930236799e+00
   2.0190000000000001e+02   1.3616301536560099e+01
   2.0209999999999999e+02   6.3853931427001998e+00
   2.1080000000000001e+02   2.4677030563354499e+01
   2.1100000000000000e+02   4.7358217239379901e+00
   2.1490000000000001e+02   4.0433700561523402e+01
   2.1500000000000000e+02   1.9576604843139599e+01
   2.1690000000000001e+02   8.6143980026245099e+00
   2.1709999999999999e+02   9.4272651672363299e+00
   2.1780000000000001e+02   2.3663585662841800e+01
   2.1809999999999999e+02   2.4752492675781300e+03
   2.1890000000000001e+02   1.2468040466308601e+01
   2.1909999999999999e+02   3.8797756958007801e+02
   2.2009999999999999e+02   1.2723269462585399e+01
   2.2880000000000001e+02   1.4962345123291000e+01
   2.2900000000000000e+02   8.4505683898925795e+01
   2.2919999999999999e+02   8.0908021926879901e+00
   2.3080000000000001e+02   6.5901627540588397e+00
   2.3100000000000000e+02   6.0505995750427202e+00
   2.3109999999999999e+02   9.7418304443359403e+01
   2.3119999999999999e+02   7.8452458381652797e+00
   2.3269999999999999e+02   6.4427099227905300e+00
   2.3290000000000001e+02   1.1369574546814000e+01
   2.3309999999999999e+02   2.3524060249328600e+00
   2.3659999999999999e+02   6.7032513618469203e+00
   2.3700000000000000e+02   1.0003257751464799e+01
   2.5900000000000000e+02   1.4320708274841300e+01
   2.6010000000000002e+02   1.2928803443908700e+01
   2.6019999999999999e+02   3.0407920837402301e+01
   2.6119999999999999e+02   1.1055302734375000e+04
   2.6210000000000002e+02   1.8909370117187500e+03
   2.6230000000000001e+02   3.3532913208007798e+01
   2.6310000000000002e+02   1.6048303222656301e+02
   2.6330000000000001e+02   1.8054519653320298e+01
   2.6400000000000000e+02   6.2890543937683097e+00
   2.8900000000000000e+02   6.1364412307739302e+00
   2.9260000000000002e+02   6.0126099586486799e+00
