   4.0100000000000001e+01   2.5273698806762699e+01
   4.1000000000000000e+01   2.6033701171875000e+03
   4.2100000000000001e+01   1.0167414062500000e+04
   4.3000000000000000e+01   1.1985933593750000e+04
   4.4000000000000000e+01   4.9499873046875000e+03
   4.5000000000000000e+01   9.8037162780761705e+01
   4.5100000000000001e+01   6.4849678039550795e+01
   4.9899999999999999e+01   2.6924349975585898e+02
   5.0000000000000000e+01   1.9953086853027301e+01
   5.0100000000000001e+01   7.0938919067382798e+01
   5.0899999999999999e+01   1.3257434082031301e+02
   5.1000000000000000e+01   1.3623701171875000e+03
   5.1899999999999999e+01   7.9249656677246094e+01
   5.2000000000000000e+01   5.0702734375000000e+02
   5.2899999999999999e+01   1.1680319786071800e+01
   5.3000000000000000e+01   2.8037786865234398e+02
   5.3100000000000001e+01   5.2251739501953102e+02
   5.4000000000000000e+01   3.5847167968750000e+01
   5.4000000000000000e+01   8.4440576171875000e+02
   5.4899999999999999e+01   1.6371427536010700e+01
   5.5000000000000000e+01   1.4415065917968800e+03
   5.5799999999999997e+01   2.6378942489623999e+01
   5.6000000000000000e+01   1.3776928710937500e+03
   5.6899999999999999e+01   3.5998058319091797e+01
   5.7000000000000000e+01   6.8256689453125000e+02
   5.7100000000000001e+01   1.1898999023437500e+02
   5.8000000000000000e+01   1.5614056396484401e+02
   5.8100000000000001e+01   2.1720050811767599e+01
   5.9000000000000000e+01   1.4425575256347699e+02
   5.9100000000000001e+01   4.1174266815185497e+01
   6.0899999999999999e+01   2.1024364471435501e+01
   6.2000000000000000e+01   1.7637272644043000e+02
   6.2100000000000001e+01   3.3667388916015597e+01
   6.2899999999999999e+01   4.3997717285156301e+02
   6.3000000000000000e+01   3.6200741577148398e+02
   6.4000000000000000e+01   5.8951849365234398e+02
   6.5000000000000000e+01   2.2746674804687500e+03
   6.5099999999999994e+01   3.8367465972900398e+01
   6.5799999999999997e+01   1.9809787750244102e+01
   6.6000000000000000e+01   8.1646301269531295e+02
   6.6200000000000003e+01   2.4216419219970700e+01
   6.7000000000000000e+01   1.7708049316406300e+03
   6.8000000000000000e+01   1.4398884582519500e+02
   6.8000000000000000e+01   1.6514371337890600e+03
   6.8200000000000003e+01   2.2475101470947301e+01
   6.8900000000000006e+01   1.5947482299804699e+02
   6.9000000000000000e+01   1.3762891845703100e+03
   7.0000000000000000e+01   2.1829645996093800e+03
   7.0900000000000006e+01   4.7483558654785199e+01
   7.1000000000000000e+01   1.6129968261718801e+02
   7.1900000000000006e+01   2.3384288787841800e+01
   7.2200000000000003e+01   3.8120574951171903e+01
   7.2900000000000006e+01   3.1693639755248999e+01
   7.3000000000000000e+01   3.1813117980956999e+01
   7.3900000000000006e+01   8.9880310058593807e+01
   7.4000000000000000e+01   1.1201033020019500e+02
   7.4799999999999997e+01   3.8422748565673800e+01
   7.5000000000000000e+01   2.0384902954101599e+02
   7.5099999999999994e+01   6.6137664794921903e+01
   7.5799999999999997e+01   1.0237464904785201e+01
   7.5900000000000006e+01   1.3440055847168000e+02
   7.6099999999999994e+01   2.9373815917968801e+02
   7.6200000000000003e+01   8.1875183105468807e+01
   7.7000000000000000e+01   1.1185230468750000e+04
   7.8000000000000000e+01   5.0952597045898398e+02
   7.8000000000000000e+01   2.1074328613281300e+03
   7.8900000000000006e+01   9.2049942016601605e+01
   7.9000000000000000e+01   3.6086042480468800e+03
   8.0000000000000000e+01   6.2294006347656295e+02
   8.0099999999999994e+01   3.0340621948242199e+02
   8.0900000000000006e+01   8.6947280883789105e+01
   8.1000000000000000e+01   2.8735110473632801e+02
   8.1200000000000003e+01   3.8237720489502003e+01
   8.1900000000000006e+01   7.0016029357910199e+01
   8.2000000000000000e+01   1.6446656494140600e+03
   8.2900000000000006e+01   4.4609668731689503e+01
   8.3000000000000000e+01   3.1269985961914102e+02
   8.3099999999999994e+01   4.9407485961914098e+01
   8.4000000000000000e+01   2.8261804199218801e+02
   8.4099999999999994e+01   1.8229962158203099e+02
   8.4900000000000006e+01   3.2104064941406300e+01
   8.5200000000000003e+01   9.0854568481445295e+00
   8.5799999999999997e+01   1.8995166778564499e+01
   8.6000000000000000e+01   4.2365077972412102e+01
   8.6799999999999997e+01   1.6407070159912099e+01
   8.7099999999999994e+01   2.1243059158325199e+01
   8.7900000000000006e+01   2.3504440307617202e+01
   8.8200000000000003e+01   4.0236133575439503e+01
   8.8900000000000006e+01   1.7353847503662099e+01
   8.9000000000000000e+01   7.0604425048828102e+02
   8.9799999999999997e+01   2.0154329299926800e+01
   9.0000000000000000e+01   2.0093322753906301e+02
   9.0099999999999994e+01   2.4844203186035199e+02
   9.1000000000000000e+01   6.7743945312500000e+03
   9.1900000000000006e+01   3.7361343383789098e+01
   9.2000000000000000e+01   1.0433820800781300e+03
   9.2099999999999994e+01   5.1470493316650398e+01
   9.3000000000000000e+01   3.9722160644531300e+03
   9.3900000000000006e+01   2.7787509155273398e+02
   9.4000000000000000e+01   1.9962687988281300e+03
   9.4700000000000003e+01   8.9889993667602504e+00
   9.4900000000000006e+01   2.8798915863037099e+01
   9.5000000000000000e+01   1.2972861328125000e+03
   9.6099999999999994e+01   6.5068833007812500e+03
   9.7000000000000000e+01   1.0492602539062500e+03
   9.8099999999999994e+01   7.1664025878906295e+02
   1.0090000000000001e+02   1.4258146286010700e+01
   1.0109999999999999e+02   3.1124673843383800e+01
   1.0190000000000001e+02   5.2900177001953097e+01
   1.0200000000000000e+02   4.5170166015625000e+02
   1.0209999999999999e+02   2.0115051269531301e+02
   1.0300000000000000e+02   4.4909995117187500e+03
   1.0400000000000000e+02   6.0174809570312500e+03
   1.0509999999999999e+02   1.5927222656250000e+04
   1.0609999999999999e+02   3.2564653320312500e+03
   1.0700000000000000e+02   2.6099368286132801e+02
   1.0709999999999999e+02   7.2174980163574205e+01
   1.0800000000000000e+02   5.2455276489257798e+01
   1.0809999999999999e+02   7.5311805725097699e+01
   1.0820000000000000e+02   1.0232588768005400e+01
   1.0890000000000001e+02   3.8870288848877003e+01
   1.0900000000000000e+02   3.3823486328125000e+01
   1.0920000000000000e+02   2.5206041336059599e+01
   1.0990000000000001e+02   1.9300895690918001e+01
   1.1009999999999999e+02   1.0339901924133301e+01
   1.1409999999999999e+02   1.5205446243286101e+01
   1.1420000000000000e+02   9.1627569198608398e+00
   1.1500000000000000e+02   1.9882802734375000e+03
   1.1509999999999999e+02   7.7200935363769503e+01
   1.1600000000000000e+02   6.3778979492187500e+02
   1.1620000000000000e+02   5.7254974365234403e+01
   1.1630000000000000e+02   2.1034940719604499e+01
   1.1709999999999999e+02   5.3011005859375000e+03
   1.1809999999999999e+02   7.8146625976562500e+03
   1.1900000000000000e+02   3.7546682739257801e+02
   1.1909999999999999e+02   6.6531733398437500e+03
   1.1980000000000000e+02   1.3623465538024901e+01
   1.1990000000000001e+02   9.8326972961425795e+01
   1.2009999999999999e+02   1.0091479492187500e+03
   1.2090000000000001e+02   4.9033775329589801e+01
   1.2109999999999999e+02   1.7009998321533200e+01
   1.2600000000000000e+02   1.9172250747680700e+01
   1.2620000000000000e+02   1.6941585540771499e+01
   1.2690000000000001e+02   6.3237312316894503e+01
   1.2709999999999999e+02   3.0200784683227500e+01
   1.2780000000000000e+02   9.4832792282104492e+00
   1.2790000000000001e+02   1.1137507629394500e+02
   1.2800000000000000e+02   7.3663612365722699e+01
   1.2809999999999999e+02   2.1413003921508800e+01
   1.2900000000000000e+02   1.1958560943603500e+02
   1.2909999999999999e+02   1.5711434936523401e+02
   1.3000000000000000e+02   4.3263051757812500e+03
   1.3019999999999999e+02   8.2695495605468807e+01
   1.3090000000000001e+02   4.1257583618164098e+01
   1.3100000000000000e+02   2.6532961425781300e+03
   1.3209999999999999e+02   6.0918911132812500e+03
   1.3290000000000001e+02   1.0546428680419901e+01
   1.3300000000000000e+02   6.6122375488281295e+02
   1.3309999999999999e+02   3.7575662231445301e+02
   1.3390000000000001e+02   2.0861124038696300e+01
   1.3400000000000000e+02   5.4363689422607401e+01
   1.3419999999999999e+02   1.8443700790405298e+01
   1.3490000000000001e+02   1.3689723205566401e+02
   1.3509999999999999e+02   3.2267669677734398e+02
   1.3519999999999999e+02   5.3099632263183601e+01
   1.3590000000000001e+02   9.4407402038574205e+01
   1.3600000000000000e+02   1.8684439086914099e+02
   1.3609999999999999e+02   5.1271884918212898e+01
   1.3700000000000000e+02   2.9367984008789102e+02
   1.3890000000000001e+02   1.2331314849853500e+02
   1.3900000000000000e+02   8.7515357971191406e+01
   1.3919999999999999e+02   4.0142124176025398e+01
   1.4090000000000001e+02   4.5287727355957003e+01
   1.4100000000000000e+02   2.4851968765258800e+01
   1.4190000000000001e+02   4.6269363403320298e+01
   1.4200000000000000e+02   3.9343750000000000e+01
   1.4219999999999999e+02   1.2557721138000501e+01
   1.4300000000000000e+02   3.8776516723632801e+02
   1.4319999999999999e+02   7.0782676696777301e+01
   1.4400000000000000e+02   1.3321704101562500e+03
   1.4409999999999999e+02   2.9291537475585898e+02
   1.4490000000000001e+02   1.0823313903808599e+02
   1.4500000000000000e+02   7.4984718322753906e+01
   1.4509999999999999e+02   8.7243353271484398e+02
   1.4609999999999999e+02   2.4883369140625000e+04
   1.4709999999999999e+02   3.0100424804687500e+03
   1.4790000000000001e+02   1.6644982910156301e+02
   1.4809999999999999e+02   2.5049075317382801e+02
   1.4819999999999999e+02   7.6869110107421903e+01
   1.4919999999999999e+02   9.4226398468017596e+00
   1.5400000000000000e+02   2.6172348022460898e+01
   1.5500000000000000e+02   5.7651386260986300e+01
   1.5590000000000001e+02   5.0850921630859403e+01
   1.5600000000000000e+02   1.2606053161621099e+02
   1.5609999999999999e+02   2.3794340133666999e+01
   1.5630000000000001e+02   2.7380533218383800e+01
   1.5700000000000000e+02   1.2126879882812500e+02
   1.5709999999999999e+02   1.0324308013916000e+02
   1.5719999999999999e+02   2.2584163665771499e+01
   1.5800000000000000e+02   3.1577651977539102e+02
   1.5809999999999999e+02   3.2628322753906300e+03
   1.5890000000000001e+02   4.6278629302978501e+01
   1.5909999999999999e+02   1.0139365844726600e+03
   1.6000000000000000e+02   3.5764596557617199e+02
   1.6009999999999999e+02   2.1399594116210901e+02
   1.6090000000000001e+02   1.0022772789001500e+01
   1.6100000000000000e+02   7.9002059936523395e+01
   1.6200000000000000e+02   2.1565519332885700e+01
   1.6219999999999999e+02   1.8989109039306602e+01
   1.6990000000000001e+02   4.6318603515625000e+01
   1.7009999999999999e+02   6.2270660400390597e+01
   1.7080000000000001e+02   1.9463436126708999e+01
   1.7100000000000000e+02   4.1845794677734403e+01
   1.7109999999999999e+02   6.2768245697021499e+01
   1.7180000000000001e+02   9.3399763107299805e+00
   1.7190000000000001e+02   1.1065962219238300e+02
   1.7200000000000000e+02   1.7229899597168000e+02
   1.7219999999999999e+02   4.5755931854247997e+01
   1.7290000000000001e+02   3.1396818161010700e+01
   1.7300000000000000e+02   1.4025039672851599e+02
   1.7309999999999999e+02   7.5120201110839801e+01
   1.7390000000000001e+02   1.5112024307251000e+01
   1.7400000000000000e+02   3.3770538330078102e+02
   1.7409999999999999e+02   1.1353009796142599e+02
   1.7500000000000000e+02   6.8111152648925795e+01
   1.7509999999999999e+02   1.6300266265869102e+01
   1.8209999999999999e+02   1.0466475486755400e+01
   1.8319999999999999e+02   2.0226184844970700e+01
   1.8390000000000001e+02   1.1157217025756800e+01
   1.8400000000000000e+02   9.6950500488281307e+01
   1.8409999999999999e+02   1.6289199829101602e+01
   1.8490000000000001e+02   1.0306438446044901e+01
   1.8500000000000000e+02   4.0930728912353501e+01
   1.8509999999999999e+02   1.7828121185302699e+01
   1.8540000000000001e+02   1.2958441734314000e+01
   1.8569999999999999e+02   9.2970972061157209e+00
   1.8600000000000000e+02   9.4010627746582003e+01
   1.8609999999999999e+02   3.8274379730224602e+01
   1.8630000000000001e+02   1.6763868331909201e+01
   1.8650000000000000e+02   1.5729931831359901e+01
   1.8680000000000001e+02   1.5657440185546900e+01
   1.8700000000000000e+02   1.8437371826171901e+02
   1.8709999999999999e+02   6.3968786621093795e+02
   1.8719999999999999e+02   5.2638004302978501e+01
   1.8809999999999999e+02   1.6137551757812500e+04
   1.8909999999999999e+02   7.5130532226562500e+03
   1.9000000000000000e+02   1.0596884918212901e+02
   1.9009999999999999e+02   6.1812280273437500e+02
   1.9019999999999999e+02   3.5037890625000000e+02
   1.9100000000000000e+02   2.3695236206054702e+01
   1.9109999999999999e+02   1.1318602561950700e+01
   1.9590000000000001e+02   1.2070338249206500e+01
   1.9609999999999999e+02   3.5299182891845703e+01
   1.9709999999999999e+02   1.0396906852722200e+01
   1.9800000000000000e+02   1.3411436462402301e+02
   1.9809999999999999e+02   4.7345104980468801e+02
   1.9880000000000001e+02   2.9432281494140600e+01
   1.9900000000000000e+02   5.6109783172607401e+01
   1.9909999999999999e+02   2.8987149047851602e+02
   1.9919999999999999e+02   1.2557405471801800e+01
   2.0000000000000000e+02   9.2889266967773395e+01
   2.0009999999999999e+02   4.1121627807617199e+02
   2.0019999999999999e+02   3.8558605957031301e+02
   2.0100000000000000e+02   1.2604194641113300e+02
   2.0109999999999999e+02   1.6164739990234401e+02
   2.0119999999999999e+02   6.0831020355224602e+01
   2.0200000000000000e+02   7.0726501464843807e+01
   2.0209999999999999e+02   5.3588000488281295e+02
   2.0290000000000001e+02   1.3070585250854499e+01
   2.0309999999999999e+02   5.8795524597167997e+01
   2.1080000000000001e+02   9.7944087982177699e+00
   2.1100000000000000e+02   1.9706670761108398e+01
   2.1190000000000001e+02   9.4868516921997106e+00
   2.1300000000000000e+02   1.0649333000183100e+01
   2.1309999999999999e+02   6.4292579650878906e+01
   2.1480000000000001e+02   1.9203186035156300e-01
   2.1500000000000000e+02   1.4567567443847699e+02
   2.1509999999999999e+02   5.5218772888183601e+01
   2.1690000000000001e+02   9.0200576782226598e+00
   2.1890000000000001e+02   1.2624641418456999e+01
   2.2880000000000001e+02   1.0193216323852500e+01
   2.2890000000000001e+02   6.4693374633789105e+01
   2.2919999999999999e+02   5.0296833038330099e+01
   2.2930000000000001e+02   4.8221534729003899e+01
   2.2959999999999999e+02   1.9615869522094702e+01
   2.2980000000000001e+02   4.1374717712402301e+01
   2.3019999999999999e+02   4.0343469238281301e+02
   2.3109999999999999e+02   5.0279949218750000e+04
   2.3209999999999999e+02   8.3318203125000000e+03
   2.3300000000000000e+02   4.2598114013671903e+01
   2.3309999999999999e+02   7.6279254150390602e+02
   2.3319999999999999e+02   2.1352024078369102e+01
   2.3409999999999999e+02   1.4448487281799300e+01
   2.3659999999999999e+02   1.2722594261169400e+01
   2.3680000000000001e+02   1.2368138313293500e+01
   2.3700000000000000e+02   5.8126194000244098e+01
   2.3709999999999999e+02   1.5776979446411101e+01
   2.7119999999999999e+02   3.0740018844604499e+01
   2.8889999999999998e+02   9.7948961257934606e+00
   2.9310000000000002e+02   3.1974300384521499e+01
   2.9319999999999999e+02   2.5546907424926800e+01
   3.3400000000000000e+02   4.3143123626708999e+01
   3.3419999999999999e+02   1.8490428924560501e+01
   3.3700000000000000e+02   3.4116672515869098e+01
