   4.0000000000000000e+01   1.4043199157714801e+02
   4.0200000000000003e+01   5.7159797668457003e+01
   4.1100000000000001e+01   5.0151889648437500e+03
   4.2100000000000001e+01   6.8296215820312500e+03
   4.3100000000000001e+01   1.8482322265625000e+04
   4.4100000000000001e+01   3.7609645996093800e+03
   4.5000000000000000e+01   4.6797100067138700e+01
   4.5200000000000003e+01   1.4195296287536600e+01
   4.9700000000000003e+01   1.2917874336242701e+01
   4.9899999999999999e+01   5.7062477111816399e+01
   5.0000000000000000e+01   1.9882691955566401e+02
   5.0899999999999999e+01   2.2709779357910199e+02
   5.1000000000000000e+01   3.7665475463867199e+02
   5.1899999999999999e+01   2.2261653137207000e+02
   5.2100000000000001e+01   8.7685157775878906e+01
   5.2799999999999997e+01   1.2754286766052200e+01
   5.2899999999999999e+01   4.6056556701660199e+01
   5.3000000000000000e+01   4.1325894165039102e+02
   5.3100000000000001e+01   1.6931610107421900e+01
   5.3899999999999999e+01   5.3634582519531300e+01
   5.4000000000000000e+01   4.9223104858398398e+02
   5.4100000000000001e+01   1.0748645019531300e+02
   5.5000000000000000e+01   1.7048883056640600e+03
   5.6000000000000000e+01   1.2088308105468800e+03
   5.6899999999999999e+01   2.0928165435791001e+01
   5.7000000000000000e+01   9.5614324951171898e+02
   5.7899999999999999e+01   9.7018325805664105e+01
   5.8000000000000000e+01   1.9028701782226602e+01
   5.9000000000000000e+01   1.7030741882324199e+02
   6.0899999999999999e+01   2.6055028915405298e+01
   6.1100000000000001e+01   1.1051183700561500e+01
   6.1899999999999999e+01   1.0170738220214800e+02
   6.2000000000000000e+01   7.7650756835937500e+01
   6.2899999999999999e+01   3.4467365264892599e+01
   6.3000000000000000e+01   4.9545574951171898e+02
   6.3899999999999999e+01   1.6173835754394500e+02
   6.4099999999999994e+01   1.2754643440246600e+01
   6.5000000000000000e+01   2.1922890625000000e+03
   6.5799999999999997e+01   2.1365644454956101e+01
   6.5900000000000006e+01   1.8386341857910199e+02
   6.6099999999999994e+01   4.9392425537109403e+01
   6.7000000000000000e+01   8.4725823974609398e+02
   6.7099999999999994e+01   2.9175976562500000e+02
   6.8000000000000000e+01   6.1304522705078102e+02
   6.8099999999999994e+01   1.1679475097656300e+03
   6.9000000000000000e+01   1.7810451660156300e+03
   6.9900000000000006e+01   4.7462940216064503e+01
   7.0000000000000000e+01   1.0284544677734400e+03
   7.0099999999999994e+01   1.7649779052734400e+03
   7.1000000000000000e+01   7.5548627929687500e+03
   7.2000000000000000e+01   2.4872108459472699e+02
   7.2099999999999994e+01   1.1145677947998000e+02
   7.2799999999999997e+01   1.6842754364013700e+01
   7.2900000000000006e+01   5.7648948669433601e+01
   7.3099999999999994e+01   4.8116691589355497e+01
   7.3900000000000006e+01   7.3386886596679702e+01
   7.4000000000000000e+01   1.1230644226074200e+02
   7.4799999999999997e+01   1.7536563873291001e+01
   7.5000000000000000e+01   1.0434766845703100e+03
   7.6000000000000000e+01   1.3910218811035199e+02
   7.6099999999999994e+01   1.4349114990234401e+02
   7.6900000000000006e+01   3.1786575317382799e+00
   7.7000000000000000e+01   3.0226960449218800e+03
   7.7900000000000006e+01   4.7003311157226598e+01
   7.8000000000000000e+01   1.2208820800781300e+03
   7.8900000000000006e+01   4.4336067199707003e+01
   7.9000000000000000e+01   2.4620100097656300e+03
   8.0000000000000000e+01   4.4388354492187500e+02
   8.0000000000000000e+01   2.1892741394043000e+02
   8.0200000000000003e+01   1.2445822715759300e+01
   8.0900000000000006e+01   1.6947451782226599e+02
   8.1000000000000000e+01   3.2093048095703102e+02
   8.2000000000000000e+01   5.6741015625000000e+02
   8.2099999999999994e+01   9.2159722900390602e+02
   8.2200000000000003e+01   9.7098709106445298e+01
   8.2900000000000006e+01   5.5926082611083999e+01
   8.3000000000000000e+01   1.0502862548828100e+03
   8.3200000000000003e+01   4.9014530181884801e+01
   8.3900000000000006e+01   3.4237491607666001e+01
   8.4000000000000000e+01   8.4589984130859398e+02
   8.4200000000000003e+01   4.3349445343017599e+01
   8.5000000000000000e+01   2.8156894683837901e+01
   8.5099999999999994e+01   3.1851108551025401e+01
   8.7200000000000003e+01   1.2586363792419400e+01
   8.8799999999999997e+01   1.7980646133422901e+01
   8.9000000000000000e+01   5.6857476806640602e+02
   8.9900000000000006e+01   9.6481124877929702e+01
   9.0000000000000000e+01   1.3434779357910199e+02
   9.0099999999999994e+01   1.5977319335937500e+02
   9.1099999999999994e+01   9.7271630859375000e+03
   9.1900000000000006e+01   4.3511409759521499e+01
   9.2000000000000000e+01   9.2405035400390602e+02
   9.2900000000000006e+01   9.2164237976074205e+01
   9.3000000000000000e+01   1.9454219055175801e+02
   9.3200000000000003e+01   4.3156261444091797e+01
   9.4000000000000000e+01   7.7062805175781295e+02
   9.4099999999999994e+01   4.0744635009765602e+02
   9.5000000000000000e+01   5.1373032226562500e+03
   9.6099999999999994e+01   6.4826694335937500e+03
   9.6799999999999997e+01   1.6889036178588899e+01
   9.7099999999999994e+01   1.0644849853515600e+03
   9.8000000000000000e+01   1.9249331665039099e+02
   9.8099999999999994e+01   2.4415502929687500e+02
   9.8200000000000003e+01   1.2711736679077100e+01
   1.0090000000000001e+02   1.0185858917236300e+02
   1.0190000000000001e+02   5.8869354248046903e+01
   1.0200000000000000e+02   1.7764985656738301e+02
   1.0220000000000000e+02   3.8332942962646499e+01
   1.0290000000000001e+02   9.6179824829101605e+01
   1.0300000000000000e+02   1.7559245605468800e+03
   1.0309999999999999e+02   6.8187597656250000e+02
   1.0390000000000001e+02   1.0858769989013700e+02
   1.0409999999999999e+02   1.4956184082031300e+03
   1.0509999999999999e+02   9.5894921875000000e+03
   1.0600000000000000e+02   1.3081959533691401e+02
   1.0609999999999999e+02   8.1422985839843795e+02
   1.0690000000000001e+02   3.4298500061035199e+01
   1.0700000000000000e+02   4.8581184387207003e+01
   1.0720000000000000e+02   5.7473449707031300e+01
   1.0790000000000001e+02   1.5948939514160199e+02
   1.0809999999999999e+02   1.3705241394043000e+02
   1.0890000000000001e+02   1.2177570343017599e+02
   1.0900000000000000e+02   1.8630970458984400e+03
   1.0990000000000001e+02   3.2863656616210898e+02
   1.1000000000000000e+02   6.3307910156250000e+02
   1.1090000000000001e+02   5.9373531341552699e+01
   1.1100000000000000e+02   2.1666967773437500e+03
   1.1190000000000001e+02   2.6846151733398398e+02
   1.1209999999999999e+02   1.4062086486816401e+02
   1.1480000000000000e+02   1.3003318786621101e+01
   1.1500000000000000e+02   3.4130990600585898e+02
   1.1590000000000001e+02   2.3017145156860401e+01
   1.1609999999999999e+02   1.9251196289062500e+02
   1.1690000000000001e+02   1.5793238639831500e+01
   1.1700000000000000e+02   4.7054751586914102e+02
   1.1709999999999999e+02   1.3045726013183599e+02
   1.1780000000000000e+02   1.7960088729858398e+01
   1.1800000000000000e+02   1.0784106445312500e+02
   1.2000000000000000e+02   1.2557363510131800e+01
   1.2009999999999999e+02   2.4577692031860401e+01
   1.2090000000000001e+02   1.2765886688232401e+02
   1.2100000000000000e+02   2.3676206970214801e+02
   1.2109999999999999e+02   1.0745732879638700e+02
   1.2200000000000000e+02   3.5321594238281300e+03
   1.2300000000000000e+02   1.1540018310546900e+03
   1.2309999999999999e+02   1.0793896484375000e+02
   1.2400000000000000e+02   5.2707580566406295e+02
   1.2409999999999999e+02   2.2511927795410199e+02
   1.2480000000000000e+02   1.6885629653930700e+01
   1.2509999999999999e+02   1.1297973632812500e+01
   1.2780000000000000e+02   1.7382371902465799e+01
   1.2800000000000000e+02   4.9275363922119098e+01
   1.2809999999999999e+02   5.0233203887939503e+01
   1.2890000000000001e+02   9.0761802673339801e+01
   1.2900000000000000e+02   1.7388212203979499e+01
   1.2919999999999999e+02   6.9347129821777301e+01
   1.2990000000000001e+02   1.3653849792480500e+02
   1.3000000000000000e+02   1.0289498291015600e+03
   1.3090000000000001e+02   6.7628700256347699e+01
   1.3100000000000000e+02   2.6005276489257801e+02
   1.3109999999999999e+02   1.7247150421142599e+01
   1.3209999999999999e+02   4.4972650146484398e+02
   1.3209999999999999e+02   3.1572017669677699e+01
   1.3280000000000001e+02   3.8283821105957003e+01
   1.3290000000000001e+02   4.8180046081542997e+01
   1.3309999999999999e+02   1.4121913146972699e+02
   1.3319999999999999e+02   1.3070696830749499e+01
   1.3390000000000001e+02   2.9548892974853501e+01
   1.3400000000000000e+02   3.0925180053710898e+02
   1.3409999999999999e+02   1.0630496978759800e+02
   1.3490000000000001e+02   1.3898703002929699e+02
   1.3500000000000000e+02   7.9926519775390602e+02
   1.3600000000000000e+02   2.4930329589843800e+03
   1.3609999999999999e+02   2.1485969543457000e+02
   1.3700000000000000e+02   1.4433452148437500e+03
   1.3780000000000001e+02   8.6479774475097699e+01
   1.3809999999999999e+02   4.1442846679687500e+02
   1.3900000000000000e+02   7.0131988525390602e+02
   1.3980000000000001e+02   2.0221868515014599e+01
   1.3990000000000001e+02   1.4320864677429199e+01
   1.4000000000000000e+02   1.4647206306457500e+01
   1.4090000000000001e+02   1.0907746315002401e+01
   1.4109999999999999e+02   2.6691240310668899e+01
   1.4300000000000000e+02   4.9322814941406300e+01
   1.4390000000000001e+02   4.0484333038330099e+01
   1.4400000000000000e+02   2.5838518142700199e+01
   1.4409999999999999e+02   1.9425386047363301e+02
   1.4419999999999999e+02   1.2810639381408700e+01
   1.4490000000000001e+02   2.8467863082885700e+01
   1.4500000000000000e+02   3.2789955139160199e+01
   1.4569999999999999e+02   1.6192535400390600e+01
   1.4600000000000000e+02   2.4780117797851599e+02
   1.4619999999999999e+02   3.1731639862060501e+01
   1.4680000000000001e+02   1.1160199165344199e+01
   1.4690000000000001e+02   1.4243693351745600e+01
   1.4800000000000000e+02   3.8583220214843800e+03
   1.4900000000000000e+02   9.0605517578125000e+02
   1.4900000000000000e+02   1.8723464355468800e+03
   1.4919999999999999e+02   3.9574279785156300e+01
   1.5000000000000000e+02   3.8761286621093800e+03
   1.5109999999999999e+02   7.2944476318359398e+02
   1.5180000000000001e+02   8.0712715148925795e+01
   1.5200000000000000e+02   2.1309724807739300e+01
   1.5209999999999999e+02   2.4062501907348601e+01
   1.5290000000000001e+02   1.6874929428100600e+01
   1.5409999999999999e+02   1.6324708938598601e+01
   1.5430000000000001e+02   1.2683105468750000e+01
   1.5509999999999999e+02   1.0989362716674799e+01
   1.5600000000000000e+02   3.6019687652587898e+01
   1.5609999999999999e+02   5.0518196105957003e+01
   1.5790000000000001e+02   1.3810338020324700e+01
   1.5800000000000000e+02   9.4008369445800795e+01
   1.5819999999999999e+02   4.7953639984130902e+01
   1.5869999999999999e+02   1.5662946701049799e+01
   1.5880000000000001e+02   1.1546004295349100e+01
   1.5900000000000000e+02   1.5625431823730500e+02
   1.5980000000000001e+02   1.4901406288146999e+01
   1.6009999999999999e+02   8.9764514160156295e+02
   1.6069999999999999e+02   1.0899866104126000e+01
   1.6100000000000000e+02   1.4540559387207000e+02
   1.6109999999999999e+02   9.7004585266113295e+01
   1.6200000000000000e+02   6.5459020996093795e+02
   1.6300000000000000e+02   2.0099217224121099e+02
   1.6309999999999999e+02   6.0531024169921898e+02
   1.6409999999999999e+02   1.4957647460937500e+04
   1.6490000000000001e+02   2.2903377532958999e+01
   1.6509999999999999e+02   1.7884504394531300e+03
   1.6590000000000001e+02   5.1184883117675803e+01
   1.6600000000000000e+02   3.1071752929687500e+02
   1.6709999999999999e+02   1.5113527297973601e+01
   1.6800000000000000e+02   2.0407129287719702e+01
   1.7200000000000000e+02   1.0749344825744600e+01
   1.7209999999999999e+02   1.3392519950866699e+01
   1.7300000000000000e+02   1.3923451423645000e+01
   1.7390000000000001e+02   1.2280420303344700e+01
   1.7409999999999999e+02   2.3620794296264599e+01
   1.7490000000000001e+02   3.1732553482055700e+01
   1.7500000000000000e+02   3.3084552764892599e+01
   1.7600000000000000e+02   4.8279293823242199e+02
   1.7619999999999999e+02   6.7501518249511705e+01
   1.7680000000000001e+02   3.1698499679565401e+01
   1.7700000000000000e+02   3.4668942260742199e+02
   1.7709999999999999e+02   2.3778027343750000e+02
   1.7790000000000001e+02   8.8351631164550795e+01
   1.7800000000000000e+02   2.9202462768554699e+02
   1.7890000000000001e+02   1.1953987121581999e+01
   1.7900000000000000e+02   2.5889554977416999e+01
   1.7919999999999999e+02   1.9547529220581101e+01
   1.8090000000000001e+02   8.4163764953613295e+01
   1.8100000000000000e+02   1.9056945800781301e+02
   1.8119999999999999e+02   3.7448722839355497e+01
   1.8190000000000001e+02   3.1206964492797901e+01
   1.8200000000000000e+02   1.4845365905761699e+02
   1.8219999999999999e+02   8.2034523010253906e+01
   1.8390000000000001e+02   5.5513515472412102e+01
   1.8400000000000000e+02   2.3681401062011699e+02
   1.8409999999999999e+02   4.0930621337890602e+02
   1.8480000000000001e+02   1.6146224975585898e+01
   1.8500000000000000e+02   1.2730895996093800e+02
   1.8509999999999999e+02   3.1759741210937500e+02
   1.8609999999999999e+02   1.5173704833984400e+03
   1.8690000000000001e+02   1.5152096557617199e+02
   1.8709999999999999e+02   2.1047415161132801e+02
   1.8800000000000000e+02   1.1845671844482401e+02
   1.8809999999999999e+02   1.0957779541015600e+03
   1.8819999999999999e+02   2.8211050415039102e+02
   1.8900000000000000e+02   6.6499023437500000e+01
   1.8909999999999999e+02   1.2692067718505901e+02
   1.8930000000000001e+02   3.2986946105957003e+01
   1.9000000000000000e+02   7.0527893066406307e+01
   1.9009999999999999e+02   3.9789882659912102e+01
   1.9090000000000001e+02   4.8174682617187500e+01
   1.9100000000000000e+02   1.2138523864746099e+02
   1.9109999999999999e+02   9.4975112915039105e+01
   1.9169999999999999e+02   1.3108362197876000e+01
   1.9209999999999999e+02   2.6800180435180700e+01
   1.9309999999999999e+02   1.3548768043518100e+01
   2.0190000000000001e+02   1.1439964294433601e+01
   2.0300000000000000e+02   1.3884758949279799e+01
   2.0409999999999999e+02   3.5768859863281300e+01
   2.0509999999999999e+02   7.4147814941406295e+02
   2.0519999999999999e+02   2.4944332885742199e+02
   2.0609999999999999e+02   1.1900114746093800e+03
   2.0709999999999999e+02   1.3042687500000000e+04
   2.0790000000000001e+02   4.1738529205322301e+01
   2.0809999999999999e+02   1.9254960937500000e+03
   2.0900000000000000e+02   5.1008949279785199e+01
   2.0909999999999999e+02   4.6214576721191399e+01
   2.0919999999999999e+02   3.7330802917480497e+01
   2.1080000000000001e+02   4.5409160614013700e+01
   2.1480000000000001e+02   1.1058064270019500e+02
   2.1500000000000000e+02   1.2313346862793001e+01
   2.1580000000000001e+02   1.3456673622131300e+01
   2.1600000000000000e+02   1.2171564102172900e+01
   2.1690000000000001e+02   1.3416864395141600e+01
   2.1790000000000001e+02   3.1888027191162099e+01
   2.1880000000000001e+02   1.1678946495056200e+01
   2.2190000000000001e+02   1.1031058311462401e+01
   2.3130000000000001e+02   1.6015985488891602e+01
   2.3290000000000001e+02   4.0257980346679702e+01
   2.3300000000000000e+02   1.8274215698242202e+01
   2.3319999999999999e+02   2.7795967102050799e+01
   2.3400000000000000e+02   1.3131019592285199e+02
   2.3409999999999999e+02   1.5630628662109400e+03
   2.3469999999999999e+02   1.5463212966918899e+01
   2.3490000000000001e+02   4.5225307464599602e+01
   2.3500000000000000e+02   8.9247062683105497e+01
   2.3509999999999999e+02   9.3263725280761705e+01
   2.3519999999999999e+02   4.6251152038574197e+01
   2.3659999999999999e+02   1.1955649375915501e+01
   2.3680000000000001e+02   8.1234741210937500e-01
   2.3700000000000000e+02   6.0088504791259801e+01
   2.3709999999999999e+02   6.8914642333984402e+00
   2.4800000000000000e+02   1.0650305938720700e+02
   2.4809999999999999e+02   8.3111381530761705e+01
   2.7510000000000002e+02   2.6870357513427699e+01
   2.7530000000000001e+02   5.9526416778564503e+01
   2.7600000000000000e+02   1.0911736488342299e+01
   2.7610000000000002e+02   1.0325573730468800e+02
   2.7630000000000001e+02   6.9266357421875000e+01
   2.7719999999999999e+02   3.5927308593750000e+04
   2.7819999999999999e+02   6.5634833984375000e+03
   2.7900000000000000e+02   8.8446205139160199e+01
   2.7919999999999999e+02   5.1606683349609398e+02
   2.8010000000000002e+02   1.3356911659240700e+01
   2.9700000000000000e+02   1.4140701293945300e+01
   2.9710000000000002e+02   4.2869514465332003e+01
   2.9719999999999999e+02   3.9804542541503899e+01
   2.9819999999999999e+02   1.5050078392028800e+01
   3.2530000000000001e+02   1.1994966506958001e+01
   3.6610000000000002e+02   4.4664882659912102e+01
   3.6619999999999999e+02   4.5272392272949197e+01
   3.6710000000000002e+02   1.1470320701599100e+01
