   4.0100000000000001e+01   7.2385688781738295e+01
   4.1100000000000001e+01   4.2143906250000000e+03
   4.2000000000000000e+01   1.0300276367187500e+04
   4.3000000000000000e+01   8.9994544982910199e+01
   4.3100000000000001e+01   1.1981417236328100e+03
   4.4000000000000000e+01   5.0960122070312500e+03
   4.5000000000000000e+01   7.2001266479492202e+01
   4.5000000000000000e+01   9.4457374572753906e+01
   4.6000000000000000e+01   4.3541996002197301e+01
   4.9000000000000000e+01   2.8092067718505898e+01
   4.9799999999999997e+01   1.5336007118225099e+01
   5.0000000000000000e+01   5.9358331298828102e+02
   5.1000000000000000e+01   4.6590634155273398e+02
   5.1100000000000001e+01   2.0892004013061499e+01
   5.1200000000000003e+01   1.2289891242981000e+01
   5.1899999999999999e+01   2.3055503845214801e+02
   5.2100000000000001e+01   4.2939151763916001e+01
   5.3000000000000000e+01   7.7040283203125000e+01
   5.3000000000000000e+01   1.6367757568359400e+03
   5.4000000000000000e+01   2.6970219726562500e+03
   5.5100000000000001e+01   3.5329467773437500e+03
   5.6100000000000001e+01   1.3582602539062500e+04
   5.6899999999999999e+01   2.4710798645019500e+02
   5.7100000000000001e+01   1.9774411621093800e+03
   5.8100000000000001e+01   4.1512236328125000e+03
   5.8899999999999999e+01   1.6911754608154300e+01
   5.9000000000000000e+01   2.1923643493652301e+02
   5.9100000000000001e+01   2.3504758834838899e+01
   6.0000000000000000e+01   2.7295154571533200e+01
   6.0799999999999997e+01   1.4137989997863800e+01
   6.1000000000000000e+01   1.5850241088867199e+02
   6.1799999999999997e+01   1.7501235961914102e+01
   6.1899999999999999e+01   6.0873069763183601e+01
   6.2899999999999999e+01   2.4624809265136699e+02
   6.3000000000000000e+01   7.6041320800781307e+01
   6.4000000000000000e+01   1.0944031715393100e+01
   6.4799999999999997e+01   2.5156574249267599e+01
   6.5000000000000000e+01   3.2519735717773398e+02
   6.5099999999999994e+01   2.4949734497070301e+02
   6.5900000000000006e+01   1.4359397888183599e+02
   6.6000000000000000e+01   3.1679794311523398e+02
   6.7000000000000000e+01   2.4373461914062500e+03
   6.8000000000000000e+01   5.0094145507812500e+03
   6.8900000000000006e+01   6.0562236785888700e+01
   6.9099999999999994e+01   3.1246987304687500e+03
   7.0099999999999994e+01   9.5431630859375000e+03
   7.1099999999999994e+01   7.5945888671875000e+03
   7.2099999999999994e+01   8.2075410156250000e+03
   7.3000000000000000e+01   4.1525802612304699e+02
   7.3000000000000000e+01   1.2363092041015600e+03
   7.4000000000000000e+01   4.0778381347656300e+03
   7.4099999999999994e+01   1.2935449218750000e+02
   7.5000000000000000e+01   5.8201616210937500e+03
   7.5799999999999997e+01   3.7799255371093800e+01
   7.6000000000000000e+01   5.2931011962890602e+02
   7.6200000000000003e+01   1.0906092643737800e+01
   7.7000000000000000e+01   1.4472204589843800e+03
   7.7900000000000006e+01   1.5488752746582000e+02
   7.8000000000000000e+01   2.8150311279296898e+02
   7.8900000000000006e+01   6.5183601379394503e+01
   7.9000000000000000e+01   4.5680952148437500e+03
   7.9900000000000006e+01   4.0296184539794901e+01
   8.0000000000000000e+01   1.8609909667968800e+03
   8.1099999999999994e+01   5.3869165039062500e+03
   8.2099999999999994e+01   6.9029755859375000e+03
   8.3099999999999994e+01   4.4661430664062500e+03
   8.4099999999999994e+01   2.1736412109375000e+04
   8.5000000000000000e+01   1.6189226074218800e+03
   8.5099999999999994e+01   1.0779188232421900e+03
   8.6099999999999994e+01   1.7962394531250000e+04
   8.7099999999999994e+01   1.5534942626953100e+03
   8.7900000000000006e+01   1.2431508064270000e+01
   8.8799999999999997e+01   3.5532318115234403e+01
   8.8900000000000006e+01   1.5324925231933599e+02
   9.0000000000000000e+01   5.2632411956787102e+01
   9.0900000000000006e+01   1.5173963928222699e+02
   9.1000000000000000e+01   1.3781848144531301e+02
   9.1099999999999994e+01   7.3688522338867202e+01
   9.1900000000000006e+01   7.3344032287597699e+01
   9.2799999999999997e+01   2.6510965347290000e+01
   9.2900000000000006e+01   1.1222599792480500e+02
   9.3099999999999994e+01   3.4755868530273398e+02
   9.4000000000000000e+01   9.1048162841796898e+02
   9.4099999999999994e+01   6.9918829345703102e+02
   9.5000000000000000e+01   1.8146973876953100e+03
   9.6000000000000000e+01   4.5759604492187500e+03
   9.6200000000000003e+01   9.0143592834472699e+01
   9.7000000000000000e+01   2.5433225097656300e+03
   9.8099999999999994e+01   7.1788125000000000e+03
   9.9099999999999994e+01   1.3793458007812500e+04
   9.9900000000000006e+01   9.0975769042968807e+01
   1.0009999999999999e+02   1.5795291748046900e+03
   1.0080000000000000e+02   2.6533451080322301e+01
   1.0100000000000000e+02   2.0484414672851599e+02
   1.0180000000000000e+02   3.2119052886962898e+01
   1.0190000000000001e+02   1.1368039703369099e+02
   1.0209999999999999e+02   7.9382949829101605e+01
   1.0290000000000001e+02   3.2273336791992199e+02
   1.0300000000000000e+02   2.4032408142089801e+02
   1.0390000000000001e+02   1.1994664001464800e+02
   1.0409999999999999e+02   8.7586975097656306e-01
   1.0500000000000000e+02   6.3850555419921903e+01
   1.0509999999999999e+02   4.2347309112548800e+01
   1.0580000000000000e+02   1.0299169921875000e+02
   1.0600000000000000e+02   1.6587062072753901e+02
   1.0680000000000000e+02   8.0259872436523395e+01
   1.0690000000000001e+02   1.2368801116943401e+02
   1.0709999999999999e+02   5.1046501159667997e+01
   1.0730000000000000e+02   2.3318115234375000e+01
   1.0809999999999999e+02   2.5971525878906300e+03
   1.0900000000000000e+02   1.1375125976562500e+04
   1.1000000000000000e+02   2.0291216796875000e+04
   1.1100000000000000e+02   8.2299716796875000e+03
   1.1209999999999999e+02   1.2349790625000000e+05
   1.1309999999999999e+02   1.1023460937500000e+04
   1.1390000000000001e+02   2.6683046340942401e+01
   1.1400000000000000e+02   5.8107928466796898e+02
   1.1470000000000000e+02   1.5367600440979000e+01
   1.1490000000000001e+02   3.5799980163574197e+01
   1.1500000000000000e+02   2.4378778076171901e+02
   1.1509999999999999e+02   4.2712909698486300e+01
   1.1590000000000001e+02   3.1353391647338899e+01
   1.1590000000000001e+02   1.2000951385498000e+02
   1.1620000000000000e+02   3.1972293853759801e+01
   1.1700000000000000e+02   5.5379402160644503e+01
   1.1880000000000000e+02   8.1972824096679702e+01
   1.1890000000000001e+02   1.2088996887207000e+02
   1.1900000000000000e+02   3.9291984558105497e+01
   1.2000000000000000e+02   1.4319242858886699e+02
   1.2020000000000000e+02   1.0937929153442401e+01
   1.2080000000000000e+02   1.1691142272949200e+02
   1.2100000000000000e+02   7.1802177429199205e+01
   1.2109999999999999e+02   6.3638278961181598e+01
   1.2180000000000000e+02   1.9980957031250000e+01
   1.2200000000000000e+02   1.2211756134033200e+02
   1.2209999999999999e+02   1.1644201660156300e+03
   1.2300000000000000e+02   1.2010081787109400e+03
   1.2409999999999999e+02   6.9499482421875000e+03
   1.2509999999999999e+02   3.8036628417968800e+03
   1.2520000000000000e+02   5.4856101989746101e+01
   1.2600000000000000e+02   3.6535131835937500e+02
   1.2609999999999999e+02   6.6921103515625000e+03
   1.2709999999999999e+02   1.5860299072265600e+03
   1.2790000000000001e+02   3.8111816406250000e+01
   1.2800000000000000e+02   2.0219909667968801e+02
   1.2819999999999999e+02   5.3705928802490199e+01
   1.2900000000000000e+02   1.0020938873291000e+02
   1.2919999999999999e+02   2.1715768814086900e+01
   1.3100000000000000e+02   1.0047245025634799e+01
   1.3309999999999999e+02   1.3138756752014199e+01
   1.3400000000000000e+02   4.3116943359375000e+01
   1.3419999999999999e+02   1.2847447395324700e+01
   1.3500000000000000e+02   1.0428667449951200e+02
   1.3509999999999999e+02   1.3784788131713899e+01
   1.3580000000000001e+02   1.6197980880737301e+01
   1.3600000000000000e+02   6.7952136230468795e+02
   1.3680000000000001e+02   1.8081920623779300e+01
   1.3700000000000000e+02   6.4135510253906295e+02
   1.3709999999999999e+02   3.8549963378906301e+02
   1.3809999999999999e+02   6.5514658203125000e+03
   1.3900000000000000e+02   2.0450870361328100e+03
   1.4009999999999999e+02   2.9860683593750000e+03
   1.4080000000000001e+02   2.1073343276977500e+01
   1.4100000000000000e+02   3.9557696533203102e+02
   1.4109999999999999e+02   3.7866033935546898e+02
   1.4180000000000001e+02   1.5367148399353001e+01
   1.4200000000000000e+02   8.7522926330566406e+01
   1.4219999999999999e+02   7.2730400085449205e+01
   1.4280000000000001e+02   1.2637359619140600e+01
   1.4300000000000000e+02   2.2746997833251999e+01
   1.4309999999999999e+02   7.9092147827148395e+01
   1.4390000000000001e+02   2.5958026123046898e+02
   1.4400000000000000e+02   7.2114849853515602e+02
   1.4500000000000000e+02   3.4476304687500000e+04
   1.4580000000000001e+02   1.3107124328613301e+02
   1.4600000000000000e+02   2.9541105957031300e+03
   1.4690000000000001e+02   2.2901662109375000e+04
   1.4780000000000001e+02   1.7443530273437500e+02
   1.4790000000000001e+02   1.6863389892578100e+03
   1.4890000000000001e+02   1.3743983154296900e+03
   1.4890000000000001e+02   2.5232416992187500e+03
   1.4990000000000001e+02   2.2174569702148401e+02
   1.5000000000000000e+02   6.3302539062500000e+02
   1.5090000000000001e+02   2.9285600662231399e+01
   1.5109999999999999e+02   7.3125213623046898e+02
   1.5119999999999999e+02   2.0806604003906301e+02
   1.5209999999999999e+02   1.2346255859375000e+04
   1.5309999999999999e+02   2.6163220703125000e+04
   1.5409999999999999e+02   4.2391987304687500e+03
   1.5490000000000001e+02   3.8775849342346200e+00
   1.5509999999999999e+02   4.9272164916992199e+02
   1.5590000000000001e+02   3.0179935455322301e+01
   1.5680000000000001e+02   1.4400741577148400e+01
   1.5700000000000000e+02   2.8894290924072301e+01
   1.5800000000000000e+02   1.3247496604919400e+01
   1.5809999999999999e+02   2.6671283721923800e+01
   1.5890000000000001e+02   5.7458465576171898e+02
   1.5909999999999999e+02   6.3448657989501998e+00
   1.5990000000000001e+02   3.7410259246826200e+01
   1.6000000000000000e+02   1.3497460365295399e+01
   1.6090000000000001e+02   3.7295086669921898e+02
   1.6200000000000000e+02   7.2136238098144503e+01
   1.6269999999999999e+02   1.1361432075500501e+01
   1.6290000000000001e+02   1.1288468170166000e+02
   1.6300000000000000e+02   4.7922973632812500e+01
   1.6400000000000000e+02   9.1188644409179702e+01
   1.6409999999999999e+02   1.4212739944458001e+01
   1.6469999999999999e+02   2.2162586212158200e+01
   1.6490000000000001e+02   3.0579549789428700e+01
   1.6500000000000000e+02   2.3481130981445301e+02
   1.6509999999999999e+02   8.9639663696289105e+01
   1.6590000000000001e+02   8.3015769958496094e+01
   1.6609999999999999e+02   7.6928649902343807e+01
   1.6619999999999999e+02   1.1975581169128400e+01
   1.6709999999999999e+02   9.0485931396484398e+02
   1.6719999999999999e+02   1.4785372314453100e+03
   1.6790000000000001e+02   1.1464149475097701e+01
   1.6800000000000000e+02   2.7258395385742199e+02
   1.6819999999999999e+02   9.7525901794433594e+01
   1.6900000000000000e+02   2.3062683105468801e+02
   1.6919999999999999e+02   7.3983009338378906e+01
   1.7000000000000000e+02   3.4295356750488303e+01
   1.7009999999999999e+02   3.6812320709228501e+01
   1.7080000000000001e+02   8.2820457458496094e+01
   1.7090000000000001e+02   2.9659503173828102e+02
   1.7119999999999999e+02   3.5883930206298800e+01
   1.7169999999999999e+02   1.1346216201782200e+01
   1.7190000000000001e+02   8.3377784729003906e+01
   1.7200000000000000e+02   7.4963543701171898e+02
   1.7290000000000001e+02   4.0865511718750000e+04
   1.7390000000000001e+02   3.7326135253906300e+03
   1.7490000000000001e+02   2.5991769531250000e+04
   1.7580000000000001e+02   3.9178546905517599e+01
   1.7590000000000001e+02   2.1761364746093800e+03
   1.7680000000000001e+02   7.0483428955078097e+01
   1.7690000000000001e+02   4.3248847656250000e+03
   1.7780000000000001e+02   1.5729478454589801e+02
   1.7800000000000000e+02   2.7484735107421898e+02
   1.7890000000000001e+02   1.1663586616516101e+01
   1.7909999999999999e+02   2.1821464538574199e+02
   1.7969999999999999e+02   1.1912568092346200e+01
   1.8000000000000000e+02   9.3819541931152301e+01
   1.8019999999999999e+02   8.7665756225585895e+01
   1.8069999999999999e+02   1.2233993530273400e+01
   1.8100000000000000e+02   2.7682723999023398e+02
   1.8109999999999999e+02   3.4407510375976602e+02
   1.8190000000000001e+02   1.4565787315368700e+01
   1.8200000000000000e+02   1.4636691284179699e+02
   1.8219999999999999e+02   1.1443499755859401e+02
   1.8319999999999999e+02   5.2380468750000000e+03
   1.8400000000000000e+02   1.4111552238464400e+01
   1.8409999999999999e+02   7.8640435791015602e+02
   1.8480000000000001e+02   2.9820236206054702e+01
   1.8500000000000000e+02   7.6316108703613295e+01
   1.8580000000000001e+02   1.8226306915283200e+01
   1.8590000000000001e+02   1.0862913818359400e+03
   1.8609999999999999e+02   7.3536254882812500e+01
   1.8680000000000001e+02   5.8011894226074197e+01
   1.8690000000000001e+02   2.3154490661621099e+02
   1.8780000000000001e+02   7.8271034240722699e+01
   1.8790000000000001e+02   5.7382891845703102e+02
   1.8800000000000000e+02   2.2480287170410199e+02
   1.8880000000000001e+02   6.8802467346191406e+01
   1.8900000000000000e+02   5.7209899902343800e+01
   1.8990000000000001e+02   1.6744953918457000e+02
   1.9009999999999999e+02   1.9184251785278299e+01
   1.9100000000000000e+02   5.8689270019531300e+01
   1.9109999999999999e+02   1.4870568275451699e+01
   1.9209999999999999e+02   1.0881364822387701e+01
   1.9300000000000000e+02   1.6181616210937500e+02
   1.9319999999999999e+02   1.4519627380371099e+02
   1.9330000000000001e+02   2.4169494628906300e+01
   1.9390000000000001e+02   2.0209579467773398e+01
   1.9409999999999999e+02   1.2411402893066401e+02
   1.9500000000000000e+02   1.1670433044433599e+02
   1.9509999999999999e+02   2.2437496948242199e+02
   1.9590000000000001e+02   1.3612471580505400e+01
   1.9609999999999999e+02   2.3742122650146499e+01
   1.9700000000000000e+02   4.7360092163085898e+02
   1.9709999999999999e+02   7.5532427978515602e+02
   1.9790000000000001e+02   3.7276256561279297e+01
   1.9809999999999999e+02   1.6417404174804699e+02
   1.9890000000000001e+02   2.6634120941162099e+01
   1.9909999999999999e+02   1.2470637321472200e+01
   1.9930000000000001e+02   2.0837629318237301e+01
   1.9990000000000001e+02   7.5753280639648395e+01
   2.0000000000000000e+02   1.8537769317626999e+01
   2.0080000000000001e+02   4.8408569335937500e+01
   2.0190000000000001e+02   1.7050228881835901e+02
   2.0200000000000000e+02   2.2502066040039099e+02
   2.0280000000000001e+02   1.1641610145568800e+01
   2.0290000000000001e+02   6.1504840850830099e+01
   2.0380000000000001e+02   7.1275108337402301e+01
   2.0390000000000001e+02   7.4944885253906295e+02
   2.0480000000000001e+02   5.6065055847167997e+01
   2.0500000000000000e+02   1.3250550842285199e+02
   2.0580000000000001e+02   2.5848971557617199e+02
   2.0600000000000000e+02   1.8407551574707000e+02
   2.0690000000000001e+02   6.8149681091308594e+01
   2.0709999999999999e+02   3.1157567977905298e+01
   2.0800000000000000e+02   1.2779673004150401e+02
   2.0809999999999999e+02   1.5019037246704100e+01
   2.0890000000000001e+02   2.3190942764282202e+01
   2.1090000000000001e+02   4.2030883789062500e+01
   2.1100000000000000e+02   3.7584865570068402e+01
   2.1180000000000001e+02   1.1108087539672900e+01
   2.1190000000000001e+02   4.3556159973144503e+01
   2.1209999999999999e+02   5.3471973419189503e+01
   2.1269999999999999e+02   2.3361377716064499e+01
   2.1380000000000001e+02   1.9486951828002901e+01
   2.1400000000000000e+02   2.1935081481933599e+02
   2.1409999999999999e+02   6.2168674468994098e+01
   2.1469999999999999e+02   1.0562794685363800e+01
   2.1490000000000001e+02   4.8677650451660199e+01
   2.1509999999999999e+02   1.5726286315918000e+02
   2.1590000000000001e+02   1.9508308410644500e+02
   2.1600000000000000e+02   2.7835562133789102e+02
   2.1680000000000001e+02   1.8470455169677699e+01
   2.1700000000000000e+02   6.9068702697753906e+01
   2.1709999999999999e+02   4.3974815368652301e+01
   2.1769999999999999e+02   1.3419732093811000e+01
   2.1790000000000001e+02   8.2641532897949205e+01
   2.1800000000000000e+02   1.6288430786132801e+02
   2.1880000000000001e+02   5.4406257629394503e+01
   2.1900000000000000e+02   3.9221740722656300e+01
   2.1909999999999999e+02   1.1426155090331999e+01
   2.1980000000000001e+02   1.3930197715759300e+01
   2.2000000000000000e+02   3.1823856353759801e+01
   2.2080000000000001e+02   1.1182068824768100e+01
   2.2100000000000000e+02   1.4077748298645000e+01
   2.2119999999999999e+02   1.3913101196289100e+01
   2.2200000000000000e+02   1.1754346847534199e+01
   2.2400000000000000e+02   3.9040508270263700e+01
   2.2590000000000001e+02   5.3388645172119098e+01
   2.2600000000000000e+02   8.8537399291992202e+01
   2.2690000000000001e+02   6.7855567932128906e+01
   2.2709999999999999e+02   1.3530899047851600e+01
   2.2790000000000001e+02   9.4995216369628906e+01
   2.2800000000000000e+02   2.1044682312011699e+02
   2.2809999999999999e+02   5.5150325775146499e+01
   2.2900000000000000e+02   1.1923219299316401e+02
   2.2980000000000001e+02   1.5173208236694300e+01
   2.2990000000000001e+02   1.9303361511230500e+02
   2.3000000000000000e+02   5.2213779449462898e+01
   2.3190000000000001e+02   1.1715924263000501e+01
   2.3280000000000001e+02   4.4417179107666001e+01
   2.3290000000000001e+02   1.5231616973876999e+01
   2.3590000000000001e+02   1.5889732360839799e+01
   2.3659999999999999e+02   1.4299311637878400e+01
   2.3690000000000001e+02   1.0242037200927700e+02
   2.3790000000000001e+02   2.6240419387817401e+01
   2.3809999999999999e+02   3.7846824645996101e+01
   2.3900000000000000e+02   1.1299010276794400e+01
   2.3969999999999999e+02   1.2016865730285600e+01
   2.3990000000000001e+02   1.0282262420654300e+02
   2.4000000000000000e+02   4.4344848632812500e+01
   2.4100000000000000e+02   3.3150989532470703e+01
   2.4190000000000001e+02   8.9847801208496094e+01
   2.4200000000000000e+02   7.2424049377441406e+01
   2.4380000000000001e+02   1.5270988464355501e+01
   2.4390000000000001e+02   3.8477313995361300e+01
   2.4409999999999999e+02   3.3533958435058601e+01
   2.4600000000000000e+02   1.1420318603515600e+01
   2.4890000000000001e+02   2.6155605316162099e+01
   2.5300000000000000e+02   1.3676068305969199e+01
   2.5369999999999999e+02   3.0972682952880898e+01
   2.5390000000000001e+02   7.3701408386230497e+01
   2.5400000000000000e+02   2.5972894287109398e+02
   2.5490000000000001e+02   1.6754251098632801e+02
   2.5509999999999999e+02   1.5874858093261699e+02
   2.5600000000000000e+02   7.0423370361328102e+02
   2.5610000000000002e+02   2.0935816955566401e+02
   2.5680000000000001e+02   5.0143283843994098e+01
   2.5700000000000000e+02   1.6143162536621099e+02
   2.5710000000000002e+02   3.2640033721923800e+01
   2.5780000000000001e+02   5.3769073486328097e+01
   2.5800000000000000e+02   2.8564431762695301e+02
   2.5810000000000002e+02   1.2162910461425800e+02
   2.5889999999999998e+02   3.3266601562500000e+01
   2.5900000000000000e+02   3.3020408630371101e+01
   2.5919999999999999e+02   1.1553766250610400e+01
   2.5989999999999998e+02   1.3338450431823700e+01
   2.6010000000000002e+02   1.2945162773132299e+01
   2.6889999999999998e+02   2.4495052337646499e+01
   2.6989999999999998e+02   4.9936473846435497e+01
   2.7000000000000000e+02   1.4201258850097699e+02
   2.7089999999999998e+02   1.8046392440795898e+01
   2.7110000000000002e+02   1.1299021720886200e+01
   2.7189999999999998e+02   1.4555135726928700e+01
   2.7200000000000000e+02   8.0745903015136705e+01
   2.8189999999999998e+02   7.4741394042968807e+01
   2.8200000000000000e+02   1.0392445373535200e+02
   2.8210000000000002e+02   1.7454814910888700e+01
   2.8280000000000001e+02   3.6633934020996101e+01
   2.8300000000000000e+02   5.0179882049560497e+01
   2.8319999999999999e+02   2.8083482742309599e+01
   2.8400000000000000e+02   1.4903708496093800e+03
   2.8419999999999999e+02   1.7519817352294901e+01
   2.8480000000000001e+02   1.9824005126953100e+01
   2.8500000000000000e+02   2.8242379760742199e+02
   2.8510000000000002e+02   1.4811740112304699e+02
   2.8589999999999998e+02   2.3288663864135700e+01
   2.8600000000000000e+02   1.0265474853515600e+03
   2.8689999999999998e+02   3.8620613098144503e+01
   2.8700000000000000e+02   9.5737770080566406e+01
   2.8710000000000002e+02   1.3735110473632801e+02
   2.8789999999999998e+02   6.9006309509277301e+01
   2.8800000000000000e+02   8.6471107482910199e+01
   2.8810000000000002e+02   2.1559505462646499e+01
   2.9589999999999998e+02   8.7701744079589801e+01
   2.9610000000000002e+02   3.6754962921142599e+01
   2.9680000000000001e+02   1.8979112625122099e+01
   2.9800000000000000e+02   1.1831047821044901e+02
   2.9810000000000002e+02   1.0982583999633800e+01
   2.9880000000000001e+02   1.5698648452758800e+01
   2.9889999999999998e+02   5.3562709808349602e+01
   2.9919999999999999e+02   2.8795669555664102e+01
   3.0000000000000000e+02   1.1354852676391600e+01
   3.0010000000000002e+02   3.0057674407958999e+01
   3.0089999999999998e+02   1.2861656188964799e+01
   3.0900000000000000e+02   1.1448003387451200e+02
   3.0910000000000002e+02   1.9020315551757801e+02
   3.0930000000000001e+02   4.5756244659423800e+01
   3.1000000000000000e+02   3.3259307861328097e+01
   3.1089999999999998e+02   1.2372547912597700e+02
   3.1100000000000000e+02   1.9850148010253901e+02
   3.1119999999999999e+02   1.8103321075439499e+01
   3.1210000000000002e+02   1.3502110481262200e+01
   3.1219999999999999e+02   1.1631308555603001e+01
   3.1310000000000002e+02   7.2444740295410199e+01
   3.1330000000000001e+02   1.9751049041748001e+01
   3.2089999999999998e+02   1.1143941879272500e+01
   3.2319999999999999e+02   1.1610493659973100e+01
   3.2710000000000002e+02   2.6173347167968800e+03
   3.2789999999999998e+02   3.8709499359130902e+01
   3.2810000000000002e+02   4.3623583984375000e+02
   3.2819999999999999e+02   1.9177968978881800e+01
   3.2889999999999998e+02   4.2884044647216797e+01
   3.2910000000000002e+02   1.6467421875000000e+03
   3.2989999999999998e+02   4.3566535949707003e+01
   3.3010000000000002e+02   2.7177810668945301e+02
   3.3089999999999998e+02   7.0954734802246094e+01
   3.3110000000000002e+02   1.9109120178222699e+02
   3.3119999999999999e+02   5.4008029937744098e+01
   3.3789999999999998e+02   1.2431303024291999e+01
   3.3810000000000002e+02   1.1120429992675801e+01
   3.3900000000000000e+02   1.1391830444335900e+01
   3.4010000000000002e+02   4.0461456298828097e+01
   3.4089999999999998e+02   1.3675721740722699e+02
   3.4110000000000002e+02   5.6784948730468795e+02
   3.4119999999999999e+02   1.6322341918945301e+02
   3.4180000000000001e+02   1.6605686187744102e+01
   3.4200000000000000e+02   1.1807940483093301e+01
   3.4210000000000002e+02   1.5843444824218801e+02
   3.4289999999999998e+02   4.3551425933837898e+01
   3.4310000000000002e+02   3.9636767578125000e+02
   3.4319999999999999e+02   1.4350387573242199e+02
   3.4400000000000000e+02   6.8365242004394503e+01
   3.4410000000000002e+02   2.6045286178588899e+01
   3.5510000000000002e+02   1.7553508300781300e+03
   3.5519999999999999e+02   4.4122677612304699e+02
   3.5610000000000002e+02   1.8411002197265600e+03
   3.5619999999999999e+02   4.1100909423828102e+02
   3.5719999999999999e+02   1.8030817871093800e+03
   3.5800000000000000e+02   5.1275672912597699e+01
   3.5819999999999999e+02   1.5426472167968800e+03
   3.5900000000000000e+02   1.6267933654785199e+02
   3.5910000000000002e+02   3.8528710937500000e+02
   3.5989999999999998e+02   5.3458507537841797e+01
   3.6010000000000002e+02   1.8322216796875000e+02
   3.6030000000000001e+02   2.4744272232055700e+01
   3.6089999999999998e+02   1.9108457565307599e+01
   3.6100000000000000e+02   1.2194306373596200e+01
