   4.0100000000000001e+01   6.3198230743408203e+01
   4.1100000000000001e+01   4.3234453125000000e+03
   4.2100000000000001e+01   1.7972730468750000e+04
   4.2899999999999999e+01   1.9139312744140599e+02
   4.3000000000000000e+01   2.7564277343750000e+03
   4.4100000000000001e+01   1.1387720703125000e+04
   4.5000000000000000e+01   2.4599272155761699e+02
   4.5100000000000001e+01   1.2556558990478500e+02
   4.9899999999999999e+01   1.9753429412841800e+01
   5.0000000000000000e+01   5.5830499267578102e+02
   5.0100000000000001e+01   3.3832721710205099e+01
   5.0799999999999997e+01   1.6626653671264599e+01
   5.1000000000000000e+01   5.6394427490234398e+02
   5.1000000000000000e+01   9.5604187011718795e+02
   5.1899999999999999e+01   3.7964035034179702e+01
   5.2000000000000000e+01   5.7219610595703102e+02
   5.3000000000000000e+01   1.1153034667968800e+03
   5.3200000000000003e+01   5.3735633850097699e+01
   5.4000000000000000e+01   1.5070278320312500e+03
   5.5000000000000000e+01   3.9805798339843800e+03
   5.6100000000000001e+01   3.3214545898437500e+03
   5.7000000000000000e+01   2.7099199218750000e+04
   5.7899999999999999e+01   5.0053180694580099e+01
   5.8000000000000000e+01   1.1188020019531300e+03
   5.9000000000000000e+01   2.0932818603515599e+02
   5.9100000000000001e+01   7.1969192504882798e+01
   6.0799999999999997e+01   1.4381392478942900e+01
   6.1000000000000000e+01   7.8263793945312500e+01
   6.1799999999999997e+01   7.6175865173339801e+01
   6.1899999999999999e+01   1.5854241943359401e+02
   6.2000000000000000e+01   1.0905020141601599e+02
   6.2899999999999999e+01   1.5460940551757801e+02
   6.3000000000000000e+01   1.1544785156250000e+03
   6.3899999999999999e+01   5.5425823211669901e+01
   6.4000000000000000e+01   3.6031649780273398e+02
   6.4099999999999994e+01   9.3772308349609403e+01
   6.5000000000000000e+01   5.5042333984375000e+03
   6.5900000000000006e+01   9.6526206970214801e+01
   6.6099999999999994e+01   5.0021957397460898e+02
   6.7000000000000000e+01   3.5628512573242199e+02
   6.7000000000000000e+01   2.3728874511718800e+03
   6.8099999999999994e+01   3.9530437011718800e+03
   6.9000000000000000e+01   4.1323564453125000e+03
   7.0099999999999994e+01   6.2613535156250000e+03
   7.1000000000000000e+01   5.0535012817382801e+02
   7.1099999999999994e+01   9.5753417968750000e+01
   7.2000000000000000e+01   9.2986251831054702e+01
   7.3000000000000000e+01   6.1647634506225604e+00
   7.3900000000000006e+01   1.1614233398437500e+02
   7.4000000000000000e+01   1.9960702514648401e+02
   7.4900000000000006e+01   7.6642677307128906e+01
   7.5000000000000000e+01   2.6090354003906300e+03
   7.6000000000000000e+01   7.2162182617187500e+02
   7.6200000000000003e+01   2.8844018936157202e+01
   7.7000000000000000e+01   7.6710468750000000e+03
   7.8000000000000000e+01   2.6159057617187500e+03
   7.8900000000000006e+01   8.2837013244628906e+01
   7.9000000000000000e+01   6.3412832031250000e+03
   7.9900000000000006e+01   5.2575389862060497e+01
   8.0000000000000000e+01   1.3711972656250000e+03
   8.1000000000000000e+01   5.2388824462890602e+02
   8.1099999999999994e+01   3.7363299560546898e+02
   8.1200000000000003e+01   3.7403625488281300e+01
   8.2000000000000000e+01   1.0923962402343800e+02
   8.2099999999999994e+01   3.4733911132812500e+03
   8.3000000000000000e+01   6.5757489013671898e+02
   8.3099999999999994e+01   1.6105993652343800e+03
   8.3900000000000006e+01   1.1178224182128901e+02
   8.4000000000000000e+01   1.4823947753906300e+03
   8.4900000000000006e+01   1.6548357009887699e+01
   8.5000000000000000e+01   1.7941856384277301e+02
   8.5099999999999994e+01   3.5130100250244098e+01
   8.5299999999999997e+01   1.3580636024475099e+01
   8.5799999999999997e+01   3.5148094177246101e+01
   8.6000000000000000e+01   1.4658285522460901e+02
   8.6200000000000003e+01   2.1001678466796900e+01
   8.6900000000000006e+01   2.4761192321777301e+01
   8.7000000000000000e+01   1.0805936813354499e+01
   8.7900000000000006e+01   4.5412403106689503e+01
   8.8099999999999994e+01   6.6267364501953097e+01
   8.9000000000000000e+01   8.1851257324218795e+02
   8.9000000000000000e+01   7.9306597900390602e+02
   8.9900000000000006e+01   5.2619201660156300e+01
   9.0000000000000000e+01   3.3782177734375000e+02
   9.0200000000000003e+01   6.3970751953125000e+02
   9.1000000000000000e+01   2.5233617187500000e+04
   9.2000000000000000e+01   5.4524029541015602e+02
   9.2099999999999994e+01   1.8826591796875000e+03
   9.2599999999999994e+01   1.3856864929199199e+01
   9.3000000000000000e+01   2.9454360961914102e+02
   9.3099999999999994e+01   2.7254302978515602e+02
   9.4000000000000000e+01   1.6486162109375000e+03
   9.4099999999999994e+01   7.1508898925781295e+02
   9.5000000000000000e+01   1.1912824218750000e+04
   9.6099999999999994e+01   1.4316791015625000e+04
   9.7099999999999994e+01   2.3560222167968800e+03
   9.7900000000000006e+01   1.7555568695068398e+01
   9.8000000000000000e+01   5.7650695800781295e+02
   9.8200000000000003e+01   1.9184646606445301e+02
   9.9099999999999994e+01   1.3852898597717299e+01
   1.0020000000000000e+02   1.3373690605163601e+01
   1.0070000000000000e+02   1.0286178588867200e+01
   1.0090000000000001e+02   8.0746871948242202e+01
   1.0100000000000000e+02   2.7799194335937500e+02
   1.0120000000000000e+02   5.3314002990722699e+01
   1.0190000000000001e+02   1.8417169189453099e+02
   1.0200000000000000e+02   6.8078637695312500e+02
   1.0220000000000000e+02   2.7593955993652301e+01
   1.0290000000000001e+02   2.3422480773925801e+02
   1.0300000000000000e+02   5.9915249023437500e+03
   1.0400000000000000e+02   3.6690317382812500e+03
   1.0509999999999999e+02   2.0327740234375000e+04
   1.0590000000000001e+02   2.1926971435546900e+01
   1.0609999999999999e+02   2.0027001953125000e+03
   1.0680000000000000e+02   4.4927597045898402e+01
   1.0690000000000001e+02   2.1042573547363301e+02
   1.0709999999999999e+02   1.1155198669433599e+02
   1.0720000000000000e+02   2.3032392501831101e+01
   1.0790000000000001e+02   1.0869161987304700e+02
   1.0800000000000000e+02   4.7260864257812500e+02
   1.0809999999999999e+02   1.6246362304687500e+02
   1.0900000000000000e+02   4.2245888671875000e+03
   1.0980000000000000e+02   6.5830139160156307e+01
   1.0990000000000001e+02   1.0483879089355500e+02
   1.1000000000000000e+02   1.4617391357421900e+03
   1.1100000000000000e+02   4.3339238281250000e+03
   1.1190000000000001e+02   4.6422601318359398e+02
   1.1200000000000000e+02   6.7455517578125000e+02
   1.1300000000000000e+02   4.9162666320800803e+01
   1.1309999999999999e+02   5.5359245300292997e+01
   1.1480000000000000e+02   1.9346975326538100e+01
   1.1500000000000000e+02   5.9476019287109398e+02
   1.1520000000000000e+02   1.6330015182495099e+01
   1.1580000000000000e+02   2.7984491348266602e+01
   1.1600000000000000e+02   2.5899822998046898e+02
   1.1609999999999999e+02   8.7741577148437500e+01
   1.1700000000000000e+02   8.9447705078125000e+02
   1.1709999999999999e+02   3.0467315673828102e+02
   1.1790000000000001e+02   7.7660560607910199e+01
   1.1800000000000000e+02   2.6082403564453102e+02
   1.1809999999999999e+02   7.5155937194824205e+01
   1.1880000000000000e+02   2.0470188140869102e+01
   1.1900000000000000e+02   7.7071502685546903e+01
   1.1909999999999999e+02   2.3268714904785199e+01
   1.1990000000000001e+02   1.0426065444946300e+01
   1.2009999999999999e+02   1.2920614624023401e+02
   1.2100000000000000e+02   9.2797326660156295e+02
   1.2109999999999999e+02   8.6773178100585895e+01
   1.2200000000000000e+02   7.6156782226562500e+03
   1.2300000000000000e+02   5.0455880737304699e+02
   1.2300000000000000e+02   1.9023160400390600e+03
   1.2390000000000001e+02   7.6706909179687500e+01
   1.2400000000000000e+02   1.9507663574218800e+03
   1.2480000000000000e+02   4.1009078979492202e+01
   1.2490000000000001e+02   8.6905380249023395e+01
   1.2500000000000000e+02   1.2099078369140599e+02
   1.2609999999999999e+02   2.5421550750732401e+01
   1.2680000000000000e+02   1.1443490028381300e+01
   1.2690000000000001e+02   2.3898971557617202e+01
   1.2709999999999999e+02   2.6782333374023398e+01
   1.2780000000000000e+02   1.8290792465210000e+01
   1.2790000000000001e+02   1.3142526245117199e+02
   1.2809999999999999e+02   9.0777511596679702e+01
   1.2880000000000001e+02   3.7716754913330099e+01
   1.2900000000000000e+02   1.2380597686767599e+02
   1.2909999999999999e+02   1.8200093078613301e+02
   1.3000000000000000e+02   6.0117169189453102e+02
   1.3009999999999999e+02   1.8364183349609400e+03
   1.3100000000000000e+02   2.8852575683593801e+02
   1.3109999999999999e+02   4.4226998901367199e+02
   1.3180000000000001e+02   1.5277293205261200e+01
   1.3200000000000000e+02   1.1835650634765600e+03
   1.3219999999999999e+02   3.0703886032104499e+01
   1.3280000000000001e+02   3.6382781982421903e+01
   1.3300000000000000e+02   3.4472485351562500e+02
   1.3309999999999999e+02   6.8086029052734403e+01
   1.3390000000000001e+02   1.2827804565429699e+02
   1.3400000000000000e+02   7.8814624023437500e+02
   1.3409999999999999e+02   7.4324127197265597e+01
   1.3500000000000000e+02   1.6866824951171900e+03
   1.3509999999999999e+02   8.7209246826171898e+02
   1.3600000000000000e+02   7.2642504882812500e+03
   1.3700000000000000e+02   2.8656662597656300e+03
   1.3790000000000001e+02   4.9658432006835902e+01
   1.3800000000000000e+02   1.0315878906250000e+03
   1.3890000000000001e+02   1.0491632080078099e+02
   1.3909999999999999e+02   9.3272888183593795e+02
   1.3990000000000001e+02   3.3919677734375000e+01
   1.4000000000000000e+02   3.3283340454101598e+01
   1.4100000000000000e+02   8.8516777038574205e+01
   1.4119999999999999e+02   1.7607643127441399e+01
   1.4180000000000001e+02   2.5127012252807599e+01
   1.4209999999999999e+02   3.4963455200195298e+01
   1.4290000000000001e+02   3.3015743255615199e+01
   1.4309999999999999e+02   1.3595687866210901e+02
   1.4409999999999999e+02   5.9340869140625000e+02
   1.4409999999999999e+02   1.7500289916992199e+02
   1.4490000000000001e+02   4.1869529724121101e+01
   1.4500000000000000e+02   9.4464721679687500e+01
   1.4509999999999999e+02   6.1273559570312500e+01
   1.4519999999999999e+02   2.9914054870605501e+01
   1.4530000000000001e+02   1.6799602508544901e+01
   1.4609999999999999e+02   1.0177225341796900e+03
   1.4680000000000001e+02   4.1798793792724602e+01
   1.4690000000000001e+02   9.1550987243652301e+01
   1.4709999999999999e+02   1.6052320861816401e+02
   1.4800000000000000e+02   3.6912141113281300e+03
   1.4809999999999999e+02   4.3103134765625000e+03
   1.4909999999999999e+02   5.4598330078125000e+03
   1.5009999999999999e+02   1.1745606445312500e+04
   1.5100000000000000e+02   1.5451833496093800e+03
   1.5109999999999999e+02   2.4836441040039099e+02
   1.5200000000000000e+02   8.3476280212402301e+01
   1.5209999999999999e+02   1.5406660461425801e+02
   1.5300000000000000e+02   1.2192221641540501e+01
   1.5330000000000001e+02   9.7606506347656303e+00
   1.5400000000000000e+02   1.6776021957397500e+01
   1.5490000000000001e+02   1.2396016120910600e+01
   1.5500000000000000e+02   7.2655181884765597e+01
   1.5600000000000000e+02   9.1131576538085895e+01
   1.5619999999999999e+02   7.5066268920898395e+01
   1.5700000000000000e+02   2.1135545730590799e+01
   1.5709999999999999e+02   3.5480354309082003e+01
   1.5790000000000001e+02   4.4218223571777301e+01
   1.5800000000000000e+02   2.6871438598632801e+02
   1.5819999999999999e+02   1.0853494262695300e+02
   1.5880000000000001e+02   2.8250549316406300e+01
   1.5900000000000000e+02   1.5021505737304699e+02
   1.5909999999999999e+02   7.8789176940917997e+01
   1.5980000000000001e+02   2.0040235519409201e+01
   1.6000000000000000e+02   6.8506329345703102e+02
   1.6009999999999999e+02   9.2943688964843795e+02
   1.6090000000000001e+02   4.5948741912841797e+01
   1.6100000000000000e+02   2.8428942871093801e+02
   1.6109999999999999e+02   1.9262324523925801e+02
   1.6200000000000000e+02   7.7422137451171898e+02
   1.6209999999999999e+02   5.1590625000000000e+02
   1.6280000000000001e+02   4.2090408325195298e+01
   1.6300000000000000e+02   2.3074963378906301e+02
   1.6309999999999999e+02   1.3578790283203100e+03
   1.6409999999999999e+02   4.4434402343750000e+04
   1.6509999999999999e+02   4.9785698242187500e+03
   1.6590000000000001e+02   2.2473241806030298e+01
   1.6600000000000000e+02   6.5623083496093795e+02
   1.6630000000000001e+02   1.0435740470886200e+01
   1.6680000000000001e+02   5.7982742309570298e+01
   1.6700000000000000e+02   3.4627789306640602e+02
   1.6709999999999999e+02   4.8830921173095703e+01
   1.6790000000000001e+02   1.2298371887207000e+02
   1.6809999999999999e+02   3.4850451660156301e+02
   1.6990000000000001e+02   2.6944013595581101e+01
   1.7009999999999999e+02   5.8055736541747997e+01
   1.7019999999999999e+02   1.2858050346374499e+01
   1.7209999999999999e+02   2.7441257476806602e+01
   1.7390000000000001e+02   3.5685630798339801e+01
   1.7400000000000000e+02   7.8234527587890597e+01
   1.7409999999999999e+02   6.1882648468017599e+01
   1.7469999999999999e+02   2.8865003585815401e+01
   1.7480000000000001e+02   1.8294307708740199e+01
   1.7500000000000000e+02   1.0184652709960901e+02
   1.7509999999999999e+02   1.2268540954589800e+02
   1.7590000000000001e+02   2.6670282363891602e+01
   1.7609999999999999e+02   2.7002365722656300e+03
   1.7690000000000001e+02   5.0156581878662102e+01
   1.7709999999999999e+02   1.3584624023437500e+03
   1.7719999999999999e+02   1.0646352767944300e+01
   1.7790000000000001e+02   5.4927528381347699e+01
   1.7800000000000000e+02   3.3366180419921898e+02
   1.7809999999999999e+02   2.2404403686523401e+02
   1.7890000000000001e+02   4.4485054016113303e+01
   1.7900000000000000e+02   5.1789691925048800e+01
   1.7909999999999999e+02   9.3091552734375000e+01
   1.8009999999999999e+02   1.0755269050598100e+01
   1.8019999999999999e+02   1.3759531974792500e+01
   1.8190000000000001e+02   3.9337791442871101e+01
   1.8200000000000000e+02   2.2962501525878899e+01
   1.8209999999999999e+02   1.0077270507812500e+01
   1.8290000000000001e+02   1.6062572479248001e+01
   1.8409999999999999e+02   9.0432049560546898e+02
   1.8419999999999999e+02   9.2079917907714801e+01
   1.8469999999999999e+02   1.3076333045959499e+01
   1.8490000000000001e+02   3.6286457061767599e+01
   1.8500000000000000e+02   3.6294046020507801e+02
   1.8509999999999999e+02   1.8740545654296901e+02
   1.8609999999999999e+02   1.9651589355468800e+03
   1.8619999999999999e+02   5.1118615722656301e+02
   1.8700000000000000e+02   3.3537573242187500e+02
   1.8709999999999999e+02   3.6062960815429699e+02
   1.8800000000000000e+02   1.7933416748046901e+02
   1.8809999999999999e+02   1.7227939453125000e+03
   1.8900000000000000e+02   2.1282506942748999e+01
   1.8909999999999999e+02   4.1076940917968801e+02
   1.8909999999999999e+02   3.1962899780273398e+02
   1.9000000000000000e+02   1.6787355041503901e+02
   1.9009999999999999e+02   2.0019708251953099e+02
   1.9090000000000001e+02   3.7236259460449197e+01
   1.9100000000000000e+02   3.5796688842773398e+02
   1.9109999999999999e+02   9.1913024902343807e+01
   1.9130000000000001e+02   1.2458036422729499e+01
   1.9180000000000001e+02   1.4260347366333001e+01
   1.9190000000000001e+02   4.4779418945312500e+01
   1.9209999999999999e+02   7.5661643981933594e+01
   1.9309999999999999e+02   1.2074862480163601e+01
   1.9319999999999999e+02   1.0177068710327100e+01
   2.0090000000000001e+02   1.2532676696777299e+01
   2.0180000000000001e+02   1.2302560806274400e+01
   2.0200000000000000e+02   1.2920723915100099e+01
   2.0300000000000000e+02   8.0427619934082003e+01
   2.0319999999999999e+02   1.3900081634521500e+01
   2.0380000000000001e+02   9.7899093627929705e+00
   2.0400000000000000e+02   2.3788639068603501e+01
   2.0409999999999999e+02   3.9537338256835902e+01
   2.0419999999999999e+02   2.6499683380126999e+01
   2.0500000000000000e+02   4.6109115600585898e+02
   2.0509999999999999e+02   1.1294637451171900e+03
   2.0519999999999999e+02   8.6689758300781307e+01
   2.0600000000000000e+02   1.3197634887695301e+02
   2.0609999999999999e+02   1.8986824951171900e+03
   2.0619999999999999e+02   1.3292977905273401e+02
   2.0709999999999999e+02   2.1656250000000000e+04
   2.0800000000000000e+02   1.6094226074218801e+02
   2.0809999999999999e+02   2.9016933593750000e+03
   2.0890000000000001e+02   7.3794883728027301e+01
   2.0909999999999999e+02   1.1934970855712901e+02
   2.1090000000000001e+02   2.8446451187133800e+01
   2.1390000000000001e+02   2.2951293945312500e+01
   2.1490000000000001e+02   1.8482315063476599e+02
   2.1590000000000001e+02   3.5846107482910199e+01
   2.1609999999999999e+02   3.1323646545410199e+01
   2.1780000000000001e+02   2.9244068145751999e+01
   2.1809999999999999e+02   5.7730655670166001e+01
   2.1830000000000001e+02   2.4914459228515600e+01
   2.1880000000000001e+02   1.1296889305114700e+01
   2.1900000000000000e+02   1.4205197143554699e+02
   2.1909999999999999e+02   5.5539695739746101e+01
   2.2009999999999999e+02   1.0150482421875000e+04
   2.2090000000000001e+02   5.3081718444824197e+01
   2.2109999999999999e+02   1.5555042724609400e+03
   2.2200000000000000e+02   8.4118919372558594e+01
   2.2209999999999999e+02   1.1427777290344199e+01
   2.2909999999999999e+02   1.0086480140686000e+01
   2.3109999999999999e+02   2.6843433380126999e+01
   2.3290000000000001e+02   6.5809570312500000e+01
   2.3300000000000000e+02   3.0387836456298800e+01
   2.3319999999999999e+02   1.5129297256469700e+01
   2.3400000000000000e+02   2.1714195251464801e+02
   2.3419999999999999e+02   4.4589703369140602e+02
   2.3500000000000000e+02   4.2859596252441399e+01
   2.3519999999999999e+02   4.6026741027832003e+01
   2.3680000000000001e+02   7.5791992187500000e+01
   2.3700000000000000e+02   4.5608116149902301e+01
   2.4409999999999999e+02   1.1085378646850600e+01
   2.4500000000000000e+02   1.0632912635803200e+01
   2.4530000000000001e+02   1.1331315994262701e+01
   2.4719999999999999e+02   2.2383392333984400e+01
   2.5700000000000000e+02   6.1456115722656300e+01
   2.5710000000000002e+02   8.1577124023437500e+02
   2.5789999999999998e+02   3.7553047180175803e+01
   2.5800000000000000e+02   4.6470687866210902e+01
   2.5810000000000002e+02   7.6010513305664105e+01
   2.5830000000000001e+02   1.8554378509521499e+01
   2.5900000000000000e+02   1.2105937957763700e+01
   2.5910000000000002e+02   1.8476449966430700e+01
   2.6000000000000000e+02   1.4104824066162100e+01
   2.6019999999999999e+02   9.6181926727294904e+00
   2.6080000000000001e+02   3.6346183776855497e+01
   2.6100000000000000e+02   4.7360454559326200e+01
   2.6110000000000002e+02   1.0264764404296901e+02
   2.6130000000000001e+02   1.8644428253173800e+01
   2.6150000000000000e+02   4.0757587432861300e+01
   2.6180000000000001e+02   1.2337315559387200e+01
   2.6200000000000000e+02   6.0191123962402301e+01
   2.6219999999999999e+02   4.5720050048828102e+02
   2.6319999999999999e+02   8.3121812500000000e+04
   2.6419999999999999e+02   1.4807653320312500e+04
   2.6510000000000002e+02   4.5852578735351602e+02
   2.6519999999999999e+02   1.0381761474609400e+03
   2.6580000000000001e+02   1.0500436782836900e+01
   2.6619999999999999e+02   3.4470512390136697e+01
   2.9710000000000002e+02   1.7950088500976599e+02
   3.5200000000000000e+02   6.8588470458984403e+01
   3.5210000000000002e+02   4.2787933349609403e+01
   3.5219999999999999e+02   3.5627170562744098e+01
   3.5310000000000002e+02   4.7186943054199197e+01
   3.5319999999999999e+02   1.7067333221435501e+01
   3.5330000000000001e+02   1.0078791618347200e+01
