   4.0000000000000000e+01   5.3837156295776400e-01
   4.0899999999999999e+01   2.0650794982910199e+01
   4.1000000000000000e+01   3.8178001403808601e+01
   4.1100000000000001e+01   6.7233347892761204e+00
   4.1799999999999997e+01   1.3166102409362800e+01
   4.2000000000000000e+01   4.3094436645507798e+01
   4.2100000000000001e+01   6.5123481750488299e+00
   4.3799999999999997e+01   1.0489360809326200e+01
   4.4000000000000000e+01   6.7828056335449205e+01
   4.4200000000000003e+01   5.2563233375549299e+00
   4.4700000000000003e+01   6.0843667984008798e+00
   4.4899999999999999e+01   9.4832525253295898e+00
   4.5100000000000001e+01   6.0059313774108896e+00
   4.9000000000000000e+01   2.5062940120696999e+00
   4.9899999999999999e+01   2.8280944824218799e+00
   5.0000000000000000e+01   9.0770130157470703e+00
   5.0200000000000003e+01   3.2686419486999498e+00
   5.0799999999999997e+01   3.3747898101806598e+01
   5.1000000000000000e+01   1.0371980285644500e+02
   5.1100000000000001e+01   4.1124710083007798e+01
   5.1899999999999999e+01   1.0820736885070801e+01
   5.2000000000000000e+01   3.8481411933898899e+00
   5.2799999999999997e+01   2.6604344844818102e+00
   5.2899999999999999e+01   2.0917314529418899e+01
   5.3000000000000000e+01   1.7445623397827099e+01
   5.3200000000000003e+01   2.9962658882141100e+00
   5.4000000000000000e+01   2.7390093803405802e+00
   5.4799999999999997e+01   2.5959265232086199e+00
   5.4899999999999999e+01   4.9616081237792997e+01
   5.5000000000000000e+01   7.5281600952148395e+01
   5.5100000000000001e+01   4.4594047546386697e+01
   5.5200000000000003e+01   5.1818599700927699e+00
   5.5899999999999999e+01   1.0771529197692900e+01
   5.6000000000000000e+01   1.6774019241333001e+01
   5.6200000000000003e+01   2.8716416358947798e+00
   5.6899999999999999e+01   1.2334032440185500e+02
   5.7000000000000000e+01   3.4758795166015602e+02
   5.7100000000000001e+01   6.4581092834472699e+01
   5.7899999999999999e+01   6.0017571449279803e+00
   5.9000000000000000e+01   8.4750778198242202e+01
   6.3000000000000000e+01   2.5054063796997099e+01
   6.3100000000000001e+01   1.8022102355956999e+01
   6.4000000000000000e+01   2.8591201305389400e+00
   6.4700000000000003e+01   3.5162026882171600e+00
   6.4799999999999997e+01   3.5143646240234403e+01
   6.4900000000000006e+01   1.0767572784423800e+02
   6.5000000000000000e+01   1.0086915588378901e+02
   6.5099999999999994e+01   2.6363124847412099e+01
   6.5799999999999997e+01   2.9946732521057098e+00
   6.5900000000000006e+01   4.9053550720214801e+01
   6.6099999999999994e+01   1.6537179946899400e+01
   6.6799999999999997e+01   2.7663877010345499e+00
   6.6900000000000006e+01   9.3024721145629901e+00
   6.7000000000000000e+01   1.5005294799804700e+01
   6.7099999999999994e+01   5.5321798324584996e+00
   6.8000000000000000e+01   2.5898802280425999e+00
   6.8099999999999994e+01   1.0276836395263700e+01
   6.8700000000000003e+01   2.5293436050414999e+00
   6.8900000000000006e+01   3.3537834167480497e+01
   6.9099999999999994e+01   8.8175554275512695e+00
   7.0000000000000000e+01   3.1659832000732400e+00
   7.0900000000000006e+01   1.8291933059692401e+01
   7.1000000000000000e+01   1.6197055816650401e+01
   7.2900000000000006e+01   6.3989734649658203e+00
   7.3000000000000000e+01   1.3778600692749000e+01
   7.3099999999999994e+01   7.5717091560363796e+00
   7.4099999999999994e+01   2.5338420867919900e+00
   7.5000000000000000e+01   3.3765616416931201e+00
   7.5200000000000003e+01   2.9615468978881800e+00
   7.5900000000000006e+01   7.0651082992553702e+00
   7.6000000000000000e+01   6.3618979454040501e+00
   7.7000000000000000e+01   4.8396997070312500e+02
   7.7099999999999994e+01   8.6865188598632798e+01
   7.7900000000000006e+01   5.7386947631835902e+01
   7.8000000000000000e+01   6.4895874023437500e+01
   7.8099999999999994e+01   7.3927459716796903e+01
   7.8900000000000006e+01   2.6929611206054702e+01
   7.9000000000000000e+01   4.5391139984130902e+01
   7.9099999999999994e+01   2.0311830520629901e+01
   7.9200000000000003e+01   4.0085163116455096e+00
   7.9900000000000006e+01   1.4913264274597200e+01
   8.0000000000000000e+01   2.6028816223144499e+01
   8.0099999999999994e+01   4.4497180938720703e+01
   8.0799999999999997e+01   2.5369602203369102e+01
   8.1000000000000000e+01   4.1977611541747997e+01
   8.1099999999999994e+01   4.5945062637329102e+00
   8.1700000000000003e+01   1.1722149848938001e+01
   8.1900000000000006e+01   2.3449804306030298e+01
   8.2000000000000000e+01   4.4952709197997997e+01
   8.2099999999999994e+01   6.6022575378417997e+01
   8.2200000000000003e+01   4.2116236686706499e+00
   8.2799999999999997e+01   3.3925702571868901e+00
   8.2900000000000006e+01   1.1004314422607401e+01
   8.3099999999999994e+01   1.7113988876342798e+01
   8.3900000000000006e+01   1.9295993804931602e+01
   8.4099999999999994e+01   6.9276723861694300e+00
   8.8799999999999997e+01   3.6854557991027801e+00
   9.0799999999999997e+01   1.5640665054321300e+01
   9.0900000000000006e+01   8.2499641418457003e+01
   9.1000000000000000e+01   9.4797615051269503e+01
   9.1099999999999994e+01   2.1335014343261701e+01
   9.1900000000000006e+01   2.6513799667358398e+01
   9.2000000000000000e+01   3.3852504730224602e+01
   9.2200000000000003e+01   5.1203389167785600e+00
   9.2799999999999997e+01   1.2601064682006800e+01
   9.2900000000000006e+01   2.7648986816406301e+02
   9.3000000000000000e+01   2.0342698669433599e+02
   9.3900000000000006e+01   2.8499126434326200e+01
   9.4000000000000000e+01   6.9261886596679702e+01
   9.4200000000000003e+01   1.7656850814819300e+00
   9.5799999999999997e+01   3.4350943565368701e+00
   9.5900000000000006e+01   2.6921150207519499e+01
   9.6799999999999997e+01   8.0100898742675799e+00
   9.6900000000000006e+01   8.3775123596191406e+01
   9.6900000000000006e+01   1.7742430114746099e+02
   9.7000000000000000e+01   8.7127212524414105e+01
   9.7200000000000003e+01   1.2504111289978001e+01
   9.7900000000000006e+01   2.6442360877990700e+00
   9.8000000000000000e+01   5.4276194572448704e+00
   1.0280000000000000e+02   2.6660127639770499e+00
   1.0300000000000000e+02   6.4536781311035201e+00
   1.0309999999999999e+02   1.0866277694702100e+01
   1.0370000000000000e+02   3.1622602939605700e+00
   1.0380000000000000e+02   2.7365537643432599e+01
   1.0400000000000000e+02   1.3714685058593801e+02
   1.0400000000000000e+02   4.9704017639160199e+01
   1.0420000000000000e+02   1.7928928375244102e+01
   1.0490000000000001e+02   2.5416627883911101e+01
   1.0500000000000000e+02   2.3359346389770501e+01
   1.0600000000000000e+02   5.2278289794921903e+01
   1.0609999999999999e+02   2.5315995216369598e+00
   1.0690000000000001e+02   2.5642383098602299e+00
   1.0770000000000000e+02   3.2145884037017800e+00
   1.0790000000000001e+02   1.9207736968994102e+01
   1.0809999999999999e+02   1.9012866973876999e+01
   1.0880000000000000e+02   3.2940448760986300e+01
   1.0890000000000001e+02   9.5011077880859403e+01
   1.0900000000000000e+02   1.4267395019531301e+02
   1.0909999999999999e+02   3.5600898742675803e+01
   1.0990000000000001e+02   9.5382293701171903e+01
   1.1000000000000000e+02   3.5695120239257801e+02
   1.1000000000000000e+02   2.0152615356445301e+02
   1.1070000000000000e+02   7.6011085510253897e+00
   1.1080000000000000e+02   4.7592727661132798e+01
   1.1100000000000000e+02   5.1292072296142599e+01
   1.1109999999999999e+02   8.6858243942260707e+00
   1.1120000000000000e+02   2.9898691177368200e+00
   1.1170000000000000e+02   4.1450729370117196e+00
   1.1190000000000001e+02   9.3432435989379901e+00
   1.1509999999999999e+02   3.3198847770690900e+00
   1.1680000000000000e+02   9.8192291259765607e+00
   1.1690000000000001e+02   7.8940528869628906e+01
   1.1700000000000000e+02   3.8818408966064503e+01
   1.1709999999999999e+02   3.9091930389404297e+01
   1.1780000000000000e+02   1.1061388015747101e+01
   1.1790000000000001e+02   9.5691696166992202e+01
   1.1800000000000000e+02   1.3816314697265599e+02
   1.1809999999999999e+02   2.8316511154174801e+01
   1.1880000000000000e+02   6.6222915649414098e+00
   1.1900000000000000e+02   8.2313819885253906e+01
   1.1909999999999999e+02   6.4927246093750000e+01
   1.1920000000000000e+02   3.5498113632202100e+00
   1.2000000000000000e+02   2.5188785552978501e+01
   1.2009999999999999e+02   8.4763660430908203e+00
   1.2020000000000000e+02   3.9271955490112300e+00
   1.2080000000000000e+02   7.2533788681030300e+00
   1.2200000000000000e+02   2.0133188247680700e+01
   1.2270000000000000e+02   4.6266407966613796e+00
   1.2290000000000001e+02   6.5650993347167997e+01
   1.2300000000000000e+02   5.2796520233154297e+01
   1.2309999999999999e+02   6.4602952003479004e+00
   1.2400000000000000e+02   5.9809651374816903e+00
   1.2490000000000001e+02   9.0151004791259801e+00
   1.2990000000000001e+02   5.9920619964599602e+01
   1.3000000000000000e+02   1.7665570068359401e+02
   1.3009999999999999e+02   4.6248905181884801e+01
   1.3090000000000001e+02   5.5384304046630902e+01
   1.3109999999999999e+02   3.2604923248291001e+01
   1.3180000000000001e+02   9.1340131759643608e+00
   1.3190000000000001e+02   1.3299511718750000e+02
   1.3209999999999999e+02   1.6484710693359401e+02
   1.3290000000000001e+02   3.9924454689025901e+00
   1.3309999999999999e+02   2.0077836990356399e+01
   1.3500000000000000e+02   9.9204359054565394e+00
   1.3580000000000001e+02   3.6879916191101101e+00
   1.3590000000000001e+02   1.1292712402343800e+02
   1.3600000000000000e+02   2.9102447509765602e+02
   1.3609999999999999e+02   7.5109771728515597e+01
   1.3690000000000001e+02   1.8531698608398401e+02
   1.3700000000000000e+02   2.2522354125976602e+01
   1.3780000000000001e+02   1.9508787155151399e+01
   1.3800000000000000e+02   6.0143215179443402e+01
   1.3809999999999999e+02   2.6655879974365199e+01
   1.4400000000000000e+02   7.7797002792358398e+00
   1.4409999999999999e+02   1.5593365669250501e+01
   1.4419999999999999e+02   2.7506086826324498e+00
   1.4580000000000001e+02   2.5171720981597900e+00
   1.4600000000000000e+02   1.6703458786010700e+01
   1.4600000000000000e+02   1.1785088539123500e+01
   1.4619999999999999e+02   1.0205496788024901e+01
   1.4700000000000000e+02   2.5856838226318399e+00
   1.4709999999999999e+02   6.5489363670349103e+00
   1.4880000000000001e+02   1.5055355072021500e+01
   1.4900000000000000e+02   5.2721771240234403e+01
   1.4909999999999999e+02   2.3978076934814499e+01
   1.4990000000000001e+02   2.1412260055541999e+01
   1.5000000000000000e+02   1.0122323989868200e+01
   1.5009999999999999e+02   7.5997753143310502e+00
   1.5190000000000001e+02   2.6047780513763401e+00
   1.5419999999999999e+02   3.2101218700408900e+00
   1.5490000000000001e+02   2.6893441677093501e+00
   1.5580000000000001e+02   3.0047392845153800e+00
   1.5590000000000001e+02   1.1773545265197800e+01
   1.5600000000000000e+02   3.1845117568969702e+01
   1.5690000000000001e+02   6.1279163360595703e+00
   1.5709999999999999e+02   6.6852235794067401e+00
   1.5780000000000001e+02   2.1451141357421900e+01
   1.5800000000000000e+02   9.4817253112792997e+01
   1.5809999999999999e+02   6.2824108123779297e+01
   1.5830000000000001e+02   9.6859149932861293e+00
   1.5890000000000001e+02   3.9922924041747997e+01
   1.5900000000000000e+02   7.0925346374511705e+01
   1.5909999999999999e+02   9.4923553466796893e+00
   1.5990000000000001e+02   3.4487457275390598e+00
   1.6000000000000000e+02   3.3504798412322998e+00
   1.6009999999999999e+02   3.0747289657592800e+00
   1.6180000000000001e+02   1.2694005966186500e+01
   1.6200000000000000e+02   2.1765748977661101e+01
   1.6209999999999999e+02   5.1627359390258798e+00
   1.6300000000000000e+02   2.2780166625976602e+01
   1.6380000000000001e+02   6.1261582374572798e+00
   1.6390000000000001e+02   8.8851959228515597e+01
   1.6400000000000000e+02   1.3567266845703099e+02
   1.6690000000000001e+02   3.0872187614440900e+00
   1.7000000000000000e+02   5.4490151405334499e+00
   1.7280000000000001e+02   2.8776023387908900e+00
   1.7300000000000000e+02   2.5784342288970898e+00
   1.7400000000000000e+02   6.5381350517272896e+00
   1.7590000000000001e+02   5.3981604576110804e+00
   1.7609999999999999e+02   5.8495464324951199e+00
   1.8690000000000001e+02   2.5286929607391402e+00
   1.8700000000000000e+02   2.7457237243652299e+00
   1.8790000000000001e+02   2.2775592803955099e+01
   1.8800000000000000e+02   2.8269563674926800e+01
   1.8809999999999999e+02   9.3650083541870099e+00
   1.8890000000000001e+02   2.1207439422607401e+01
   1.8900000000000000e+02   3.2596838474273699e+00
   1.8919999999999999e+02   7.2873897552490199e+00
   1.8959999999999999e+02   6.2638301849365199e+00
   1.8980000000000001e+02   1.8376243591308601e+01
   1.8990000000000001e+02   1.1793759918212901e+02
   1.9000000000000000e+02   2.2230310058593801e+02
   1.9009999999999999e+02   1.1538860321044901e+02
   1.9080000000000001e+02   3.5946905612945601e+00
   1.9090000000000001e+02   9.8122072219848597e+00
   1.9100000000000000e+02   1.7840583801269500e+02
   1.9109999999999999e+02   1.9033972167968801e+02
   1.9180000000000001e+02   2.9204204082489000e+00
   1.9190000000000001e+02   1.4951306343078601e+01
   1.9209999999999999e+02   4.1267742156982401e+01
   1.9219999999999999e+02   3.6891126632690399e+00
   1.9290000000000001e+02   2.7052671909332302e+00
   1.9500000000000000e+02   2.8753523826599099e+00
   1.9900000000000000e+02   3.5583899021148699e+00
   1.9909999999999999e+02   2.9547176361084002e+00
   1.9990000000000001e+02   2.5156545639038099e+00
   2.0009999999999999e+02   3.5118291378021200e+00
   2.0709999999999999e+02   3.4690740108489999e+00
   2.1080000000000001e+02   1.6298721313476602e+01
   2.1090000000000001e+02   1.7394542694091799e+00
   2.1119999999999999e+02   3.1139426231384300e+00
   2.1480000000000001e+02   4.5902950286865199e+01
   2.1490000000000001e+02   4.6154273986816399e+01
   2.1600000000000000e+02   1.1401662826538100e+01
   2.1680000000000001e+02   3.4251408576965301e+00
   2.1869999999999999e+02   1.0335521697998001e+01
   2.1890000000000001e+02   1.4652942657470700e+01
   2.1900000000000000e+02   6.8959794044494602e+00
   2.3269999999999999e+02   2.8975226879119900e+00
   2.3290000000000001e+02   5.2483974456787102e+01
   2.3300000000000000e+02   1.8236904144287099e+01
   2.3669999999999999e+02   2.5578725337982200e+00
   2.3680000000000001e+02   5.3160224914550803e+01
   2.3700000000000000e+02   2.4773490905761701e+01
   2.4500000000000000e+02   4.2898092269897496e+00
   2.9289999999999998e+02   3.3414835929870601e+00
   3.4010000000000002e+02   7.4747918701171898e+02
   3.4019999999999999e+02   6.9734405517578102e+02
   3.4110000000000002e+02   1.4787037658691401e+02
   3.4119999999999999e+02   1.7455332946777301e+02
   3.4130000000000001e+02   5.0849542617797896e+00
   3.4189999999999998e+02   3.5911562442779501e+00
   3.4210000000000002e+02   5.6922103881835902e+01
   3.4219999999999999e+02   1.7763553619384801e+01
