   4.0100000000000001e+01   1.0890589904785200e+02
   4.0200000000000003e+01   1.8481168746948200e+01
   4.1100000000000001e+01   4.7139487304687500e+03
   4.2100000000000001e+01   6.8923696289062500e+03
   4.3100000000000001e+01   1.8503531250000000e+04
   4.4100000000000001e+01   3.8291333007812500e+03
   4.4899999999999999e+01   1.5912948608398400e+01
   4.5000000000000000e+01   1.0941885948181200e+01
   5.0000000000000000e+01   1.6867398071289099e+02
   5.0100000000000001e+01   1.0525682830810500e+02
   5.1000000000000000e+01   4.4086361694335898e+02
   5.1100000000000001e+01   2.4794996643066401e+02
   5.2000000000000000e+01   2.5533833312988301e+02
   5.3000000000000000e+01   5.0691104125976602e+02
   5.4000000000000000e+01   5.2165258789062500e+02
   5.4100000000000001e+01   1.1592079925537099e+02
   5.4899999999999999e+01   4.4487403869628899e+01
   5.5000000000000000e+01   1.8376431884765600e+03
   5.6000000000000000e+01   1.5366700439453100e+03
   5.7000000000000000e+01   1.0879521484375000e+03
   5.7100000000000001e+01   1.2881666564941401e+02
   5.7799999999999997e+01   1.3934635162353500e+01
   5.7899999999999999e+01   6.2579963684082003e+01
   5.8100000000000001e+01   5.8078674316406300e+01
   5.8799999999999997e+01   9.7874698638915998e+00
   5.9000000000000000e+01   1.1206790161132800e+02
   6.1000000000000000e+01   1.1161572456359901e+01
   6.1899999999999999e+01   1.0828657531738300e+02
   6.2000000000000000e+01   4.1920383453369098e+01
   6.3000000000000000e+01   2.5618997192382801e+02
   6.3000000000000000e+01   2.8761312866210898e+02
   6.3200000000000003e+01   2.1125041961669901e+01
   6.3799999999999997e+01   1.4311855316162100e+01
   6.4000000000000000e+01   1.3990983581543000e+02
   6.4099999999999994e+01   2.3834680557251001e+01
   6.5000000000000000e+01   2.1805021972656300e+03
   6.6000000000000000e+01   2.1955287170410199e+02
   6.6900000000000006e+01   2.1135107421875000e+02
   6.7000000000000000e+01   1.0012871704101600e+03
   6.8000000000000000e+01   3.8339181518554699e+02
   6.8099999999999994e+01   1.5155083007812500e+03
   6.9000000000000000e+01   1.9968309326171900e+03
   6.9099999999999994e+01   2.7010959625244102e+01
   7.0000000000000000e+01   6.7813269042968795e+02
   7.0099999999999994e+01   2.5943479003906300e+03
   7.1099999999999994e+01   7.6511948242187500e+03
   7.2000000000000000e+01   3.9738186645507801e+02
   7.2900000000000006e+01   8.4336156845092791e+00
   7.3000000000000000e+01   1.1097638702392599e+02
   7.4000000000000000e+01   8.6913169860839801e+01
   7.4099999999999994e+01   6.5370750427246094e+01
   7.5000000000000000e+01   7.9873272705078102e+02
   7.5000000000000000e+01   3.9852957153320301e+02
   7.5799999999999997e+01   1.4717623710632299e+01
   7.5900000000000006e+01   1.9435014343261699e+02
   7.6099999999999994e+01   1.2737068939209000e+02
   7.7000000000000000e+01   3.3625922851562500e+03
   7.8000000000000000e+01   1.4422938232421900e+03
   7.9000000000000000e+01   3.0790249023437500e+03
   8.0000000000000000e+01   7.2293023681640602e+02
   8.1000000000000000e+01   3.6251739501953102e+02
   8.1099999999999994e+01   1.5149128723144500e+02
   8.2000000000000000e+01   1.5695566406250000e+03
   8.2099999999999994e+01   2.6787011718750000e+02
   8.3000000000000000e+01   1.2774064941406300e+03
   8.4000000000000000e+01   8.9818035888671898e+02
   8.4900000000000006e+01   3.0433958053588899e+01
   8.5200000000000003e+01   2.1385770797729499e+01
   8.8000000000000000e+01   2.2231775283813501e+01
   8.8900000000000006e+01   1.1029835510253901e+02
   8.9000000000000000e+01   5.1710827636718795e+02
   9.0000000000000000e+01   2.4384710693359401e+02
   9.0200000000000003e+01   1.9358273315429699e+02
   9.1099999999999994e+01   9.2479208984375000e+03
   9.1900000000000006e+01   1.2884542465210000e+01
   9.2000000000000000e+01   2.6927163696289102e+02
   9.2099999999999994e+01   6.1245501708984398e+02
   9.2799999999999997e+01   1.6884584426879901e+01
   9.2900000000000006e+01   7.6703987121582003e+01
   9.3099999999999994e+01   2.0336216735839801e+02
   9.4000000000000000e+01   7.6601019287109398e+02
   9.4099999999999994e+01   5.3700341796875000e+02
   9.5000000000000000e+01   5.8252153320312500e+03
   9.5900000000000006e+01   9.6307815551757798e+01
   9.6099999999999994e+01   7.5383247070312500e+03
   9.7000000000000000e+01   6.1215167236328102e+02
   9.7099999999999994e+01   7.0553533935546898e+02
   9.7900000000000006e+01   1.0926201820373500e+01
   9.8000000000000000e+01   3.7310617065429699e+02
   9.8200000000000003e+01   4.5555931091308601e+01
   9.8900000000000006e+01   1.1984624862670900e+01
   1.0000000000000000e+02   2.4995208740234400e+01
   1.0080000000000000e+02   3.4167316436767599e+01
   1.0100000000000000e+02   7.2071586608886705e+01
   1.0109999999999999e+02   3.3135520935058601e+01
   1.0190000000000001e+02   2.3553148269653299e+01
   1.0200000000000000e+02   2.3117790222168000e+02
   1.0220000000000000e+02   1.0820204162597700e+02
   1.0300000000000000e+02   8.7018688964843795e+02
   1.0309999999999999e+02   2.3823051757812500e+03
   1.0390000000000001e+02   5.3021072387695298e+01
   1.0400000000000000e+02   1.7005465087890600e+03
   1.0420000000000000e+02   6.7140060424804702e+01
   1.0509999999999999e+02   1.1757650390625000e+04
   1.0600000000000000e+02   6.4281182861328102e+02
   1.0609999999999999e+02   4.4811981201171898e+02
   1.0680000000000000e+02   1.0684075355529799e+01
   1.0700000000000000e+02   8.4739814758300795e+01
   1.0709999999999999e+02   8.0584190368652301e+01
   1.0780000000000000e+02   1.3311562538146999e+01
   1.0800000000000000e+02   1.7318896484375000e+02
   1.0809999999999999e+02   1.2630361938476599e+02
   1.0900000000000000e+02   2.0498859863281300e+03
   1.0990000000000001e+02   4.9865837097167997e+01
   1.1000000000000000e+02   9.0434320068359398e+02
   1.1020000000000000e+02   2.5844968795776399e+01
   1.1100000000000000e+02   2.3778681640625000e+03
   1.1200000000000000e+02   2.6271978759765602e+02
   1.1209999999999999e+02   1.5805523681640599e+02
   1.1309999999999999e+02   1.2680807113647500e+01
   1.1359999999999999e+02   1.0127244949340801e+01
   1.1490000000000001e+02   1.1616735076904300e+02
   1.1500000000000000e+02   1.5298860168457000e+02
   1.1509999999999999e+02   1.2363398742675800e+02
   1.1520000000000000e+02   1.4420845985412599e+01
   1.1590000000000001e+02   8.9122848510742202e+01
   1.1609999999999999e+02   1.0705502319335901e+02
   1.1680000000000000e+02   2.0894575119018601e+01
   1.1690000000000001e+02   8.5207130432128906e+01
   1.1700000000000000e+02   5.5619104003906295e+02
   1.1709999999999999e+02   3.9675270080566399e+01
   1.1790000000000001e+02   1.0611729621887200e+01
   1.1800000000000000e+02   2.1572076416015599e+02
   1.1900000000000000e+02   2.5294189453125000e+01
   1.1980000000000000e+02   1.2129289627075201e+01
   1.2000000000000000e+02   4.0852710723877003e+01
   1.2009999999999999e+02   1.4960607528686500e+01
   1.2070000000000000e+02   1.3827707290649400e+01
   1.2080000000000000e+02   3.5929077148437500e+01
   1.2100000000000000e+02   1.0718889617919901e+02
   1.2109999999999999e+02   3.3247686767578102e+02
   1.2130000000000000e+02   3.9849594116210902e+01
   1.2200000000000000e+02   4.6082822265625000e+03
   1.2300000000000000e+02   6.8513903808593795e+02
   1.2309999999999999e+02   7.1128985595703102e+02
   1.2400000000000000e+02   4.5429879760742199e+02
   1.2409999999999999e+02   4.7871237182617199e+02
   1.2480000000000000e+02   1.0711075782775900e+01
   1.2490000000000001e+02   4.3809276580810497e+01
   1.2700000000000000e+02   1.0216848373413100e+01
   1.2770000000000000e+02   1.4867823600769000e+01
   1.2800000000000000e+02   1.0383500671386700e+02
   1.2819999999999999e+02   2.3504175186157202e+01
   1.2890000000000001e+02   1.5334674835205099e+01
   1.2909999999999999e+02   1.4869146728515599e+02
   1.3000000000000000e+02   1.1853171386718800e+03
   1.3090000000000001e+02   1.5717298889160199e+02
   1.3109999999999999e+02   2.3483624267578099e+02
   1.3200000000000000e+02   5.6324743652343795e+02
   1.3209999999999999e+02   5.7613059997558601e+01
   1.3280000000000001e+02   4.7784469604492202e+01
   1.3300000000000000e+02   2.1732968139648401e+02
   1.3319999999999999e+02   1.2103381156921399e+01
   1.3380000000000001e+02   2.5994741439819300e+01
   1.3400000000000000e+02   4.6642898559570301e+02
   1.3490000000000001e+02   1.0564183044433599e+02
   1.3500000000000000e+02   1.2334349365234400e+03
   1.3600000000000000e+02   3.4961635742187500e+03
   1.3700000000000000e+02   1.7441982421875000e+03
   1.3790000000000001e+02   1.1238497924804700e+02
   1.3800000000000000e+02   3.8671572875976602e+02
   1.3809999999999999e+02   1.0381149291992200e+02
   1.3890000000000001e+02   7.9036666870117202e+01
   1.3900000000000000e+02   8.1976251220703102e+02
   1.3990000000000001e+02   2.8951696395873999e+01
   1.4009999999999999e+02   3.1523681640625000e+01
   1.4090000000000001e+02   3.2450675964355497e+01
   1.4100000000000000e+02   1.4866068840026900e+01
   1.4109999999999999e+02   2.9062780380248999e+01
   1.4280000000000001e+02   1.1094961166381800e+01
   1.4309999999999999e+02   6.0232051849365199e+01
   1.4400000000000000e+02   1.8725910949707000e+02
   1.4409999999999999e+02   9.8351806640625000e+01
   1.4480000000000001e+02   4.4329174041747997e+01
   1.4490000000000001e+02   2.6062818527221701e+01
   1.4509999999999999e+02   1.4505667686462401e+01
   1.4580000000000001e+02   1.2167849540710399e+01
   1.4590000000000001e+02   2.3192714691162099e+01
   1.4600000000000000e+02   3.6733154296875000e+02
   1.4680000000000001e+02   2.0941640853881800e+01
   1.4690000000000001e+02   6.4065582275390597e+01
   1.4700000000000000e+02   2.5304065704345700e+01
   1.4719999999999999e+02   5.0074893951416001e+01
   1.4800000000000000e+02   4.6608330078125000e+03
   1.4909999999999999e+02   3.7004165039062500e+03
   1.5000000000000000e+02   5.1506909179687500e+03
   1.5090000000000001e+02   5.1100078582763700e+01
   1.5109999999999999e+02   9.0400067138671898e+02
   1.5119999999999999e+02   1.0902395248413100e+01
   1.5190000000000001e+02   9.1700958251953097e+01
   1.5200000000000000e+02   1.1768708038330099e+02
   1.5219999999999999e+02   3.4774364471435497e+01
   1.5309999999999999e+02   1.7499811172485401e+01
   1.5400000000000000e+02   2.6498779296875000e+01
   1.5490000000000001e+02   4.1642002105712898e+01
   1.5509999999999999e+02   4.7906337738037102e+01
   1.5590000000000001e+02   3.7917888641357401e+01
   1.5600000000000000e+02   6.2537654876708999e+01
   1.5619999999999999e+02   4.1389041900634801e+01
   1.5709999999999999e+02   4.4278526306152301e+01
   1.5790000000000001e+02   3.4584819793701200e+01
   1.5800000000000000e+02   1.7316921997070301e+02
   1.5869999999999999e+02   6.0223517417907697e+00
   1.5890000000000001e+02   7.7698204040527301e+01
   1.5900000000000000e+02   9.8163154602050795e+01
   1.6000000000000000e+02   2.0166268920898401e+02
   1.6009999999999999e+02   8.4477166748046898e+02
   1.6100000000000000e+02   2.8895602416992199e+02
   1.6130000000000001e+02   1.5859391212463400e+01
   1.6180000000000001e+02   2.5547925949096701e+01
   1.6200000000000000e+02   2.3543345642089801e+02
   1.6209999999999999e+02   5.3633441162109398e+02
   1.6300000000000000e+02   2.8580731201171898e+02
   1.6309999999999999e+02   5.0535906982421898e+02
   1.6409999999999999e+02   2.1041072265625000e+04
   1.6500000000000000e+02   2.3339321289062500e+03
   1.6509999999999999e+02   1.8357539367675801e+02
   1.6600000000000000e+02   3.7364547729492202e+01
   1.6609999999999999e+02   3.3383062744140602e+02
   1.6619999999999999e+02   1.3352159500122101e+01
   1.6700000000000000e+02   2.5606754302978501e+01
   1.6800000000000000e+02   1.2302318572998001e+01
   1.6809999999999999e+02   2.3649255752563501e+01
   1.7000000000000000e+02   1.0523919105529799e+01
   1.7390000000000001e+02   8.5698104858398395e+01
   1.7409999999999999e+02   1.6554775238037099e+01
   1.7419999999999999e+02   1.6817150115966800e+01
   1.7490000000000001e+02   6.5864089965820298e+01
   1.7500000000000000e+02   1.2087213897705099e+02
   1.7590000000000001e+02   1.1697026062011700e+02
   1.7600000000000000e+02   4.0512353515625000e+02
   1.7609999999999999e+02   2.7656533813476602e+02
   1.7690000000000001e+02   7.7869796752929702e+01
   1.7700000000000000e+02   5.5178125000000000e+02
   1.7719999999999999e+02   4.7754352569580099e+01
   1.7800000000000000e+02   2.2277737426757801e+02
   1.7809999999999999e+02   9.8831489562988295e+01
   1.7819999999999999e+02   3.9895027160644503e+01
   1.7900000000000000e+02   1.0031717300415000e+01
   1.8009999999999999e+02   1.7446514129638700e+01
   1.8090000000000001e+02   2.2526177978515599e+02
   1.8100000000000000e+02   7.2443321228027301e+01
   1.8190000000000001e+02   5.1964187622070298e+01
   1.8200000000000000e+02   1.1193668365478500e+02
   1.8209999999999999e+02   1.0986711883544901e+02
   1.8290000000000001e+02   1.3340558052063001e+01
   1.8380000000000001e+02   2.0891569137573200e+01
   1.8390000000000001e+02   2.7436910629272500e+01
   1.8409999999999999e+02   6.2676324462890602e+02
   1.8500000000000000e+02   2.6485018920898398e+02
   1.8509999999999999e+02   9.7318611145019503e+01
   1.8530000000000001e+02   2.3772636413574201e+01
   1.8600000000000000e+02   2.8845455932617199e+02
   1.8609999999999999e+02   1.5308626708984400e+03
   1.8690000000000001e+02   6.9315917968750000e+01
   1.8700000000000000e+02   2.4821891784668000e+02
   1.8719999999999999e+02   1.2528933715820300e+02
   1.8809999999999999e+02   1.7937735595703100e+03
   1.8830000000000001e+02   3.2946632385253899e+01
   1.8900000000000000e+02   8.5440345764160199e+01
   1.8909999999999999e+02   1.8085391235351599e+02
   1.8990000000000001e+02   5.8986576080322301e+01
   1.9009999999999999e+02   4.4033023834228501e+01
   1.9019999999999999e+02   2.4887149810791001e+01
   1.9080000000000001e+02   7.4602569580078097e+01
   1.9100000000000000e+02   2.4206930541992199e+02
   1.9180000000000001e+02   1.4579105377197299e+01
   1.9200000000000000e+02   3.8228839874267599e+01
   1.9300000000000000e+02   2.3903284072876001e+01
   2.0090000000000001e+02   1.0148403167724600e+01
   2.0200000000000000e+02   1.0358759880065900e+01
   2.0300000000000000e+02   1.0687804222106900e+01
   2.0380000000000001e+02   1.1179736137390099e+01
   2.0409999999999999e+02   2.8989767074585000e+01
   2.0490000000000001e+02   2.5836042404174801e+01
   2.0509999999999999e+02   1.2323839111328100e+03
   2.0600000000000000e+02   1.1963455200195300e+02
   2.0609999999999999e+02   1.3489244384765600e+03
   2.0709999999999999e+02   1.9444666015625000e+04
   2.0809999999999999e+02   2.6452773437500000e+03
   2.0900000000000000e+02   5.4023323059082003e+01
   2.0909999999999999e+02   5.4941356658935497e+01
   2.1090000000000001e+02   5.4571727752685497e+01
   2.1490000000000001e+02   1.2351347351074200e+02
   2.1590000000000001e+02   2.3450599670410199e+01
   2.1809999999999999e+02   2.2790430068969702e+01
   2.1819999999999999e+02   2.2006786346435501e+01
   2.1880000000000001e+02   3.5081882476806598e+01
   2.1900000000000000e+02   1.6041992187500000e+01
   2.3100000000000000e+02   3.2427978515625000e+01
   2.3109999999999999e+02   4.4806339263916001e+01
   2.3200000000000000e+02   1.0530456542968800e+01
   2.3280000000000001e+02   5.5650562286377003e+01
   2.3290000000000001e+02   2.4175596237182599e+01
   2.3309999999999999e+02   3.0776885986328100e+01
   2.3390000000000001e+02   4.2625907897949197e+01
   2.3409999999999999e+02   3.9967092895507801e+02
   2.3409999999999999e+02   1.6781265869140600e+03
   2.3500000000000000e+02   1.3234098815918000e+02
   2.3509999999999999e+02   2.6204467773437500e+02
   2.3619999999999999e+02   1.1626388549804700e+01
   2.3690000000000001e+02   9.5038825988769503e+01
   2.4800000000000000e+02   7.9039161682128906e+01
   2.4809999999999999e+02   1.4137890625000000e+02
   2.5830000000000001e+02   1.1731707572936999e+01
   2.6100000000000000e+02   1.6429670333862301e+01
   2.7480000000000001e+02   1.1029239654541000e+01
   2.7500000000000000e+02   4.4538284301757798e+01
   2.7530000000000001e+02   4.6540714263916001e+01
   2.7569999999999999e+02   1.2831773757934601e+01
   2.7589999999999998e+02   2.5681518554687500e+01
   2.7610000000000002e+02   1.0507459259033200e+02
   2.7619999999999999e+02   2.3262960433960000e+01
   2.7719999999999999e+02   4.6179820312500000e+04
   2.7819999999999999e+02   8.3341816406250000e+03
   2.7900000000000000e+02   3.9286552429199197e+01
   2.7919999999999999e+02   6.8584967041015602e+02
   2.7930000000000001e+02   2.1627850341796901e+02
   2.9289999999999998e+02   1.1055731773376500e+01
   2.9500000000000000e+02   4.2313728332519503e+01
   2.9700000000000000e+02   2.3686021804809599e+01
   2.9719999999999999e+02   6.4242553710937500e+01
   3.2510000000000002e+02   2.1590604782104499e+01
   3.6610000000000002e+02   7.6662620544433594e+01
   3.6619999999999999e+02   7.8154785156250000e+01
   3.6639999999999998e+02   1.1501312255859400e+01
