   4.0100000000000001e+01   6.6936332702636705e+01
   4.1000000000000000e+01   3.2323620605468801e+02
   4.1100000000000001e+01   2.4290962219238301e+02
   4.2000000000000000e+01   1.8066053466796900e+03
   4.2899999999999999e+01   1.2947525024414099e+02
   4.3100000000000001e+01   9.1442214965820298e+01
   4.3200000000000003e+01   1.2637316703796399e+01
   4.4000000000000000e+01   5.7744812011718795e+02
   4.4899999999999999e+01   6.9436254501342800e+00
   4.9899999999999999e+01   1.9016628265380898e+01
   5.0000000000000000e+01   1.4359770202636699e+02
   5.0100000000000001e+01   2.9677743911743200e+01
   5.0899999999999999e+01   1.1168535232543899e+01
   5.1000000000000000e+01   5.3180529785156295e+02
   5.1100000000000001e+01   3.5543014526367202e+01
   5.1799999999999997e+01   4.4004863739013700e+01
   5.1899999999999999e+01   2.5927848815918001e+01
   5.2000000000000000e+01   9.9531326293945298e+01
   5.2200000000000003e+01   6.3790168762206996e+00
   5.2899999999999999e+01   2.7437097549438501e+01
   5.3000000000000000e+01   1.1275662231445300e+02
   5.3100000000000001e+01   4.1686050415039098e+01
   5.3899999999999999e+01   4.2772178649902301e+01
   5.4000000000000000e+01   1.4999922180175801e+02
   5.4899999999999999e+01   4.9823642730712898e+01
   5.5100000000000001e+01   3.6823364257812500e+02
   5.5899999999999999e+01   2.0416095733642599e+01
   5.6000000000000000e+01   2.2979916381835901e+02
   5.6100000000000001e+01   3.6915298461914098e+01
   5.6899999999999999e+01   2.8793312072753899e+01
   5.7000000000000000e+01   1.2562457275390599e+02
   5.7100000000000001e+01   9.9245920181274396e+00
   5.7799999999999997e+01   8.5773935317993200e+00
   5.8899999999999999e+01   5.4435958862304702e+01
   5.9000000000000000e+01   3.3112575531005902e+01
   5.9200000000000003e+01   9.0955286026000994e+00
   6.1000000000000000e+01   8.0322437286377006e+00
   6.1899999999999999e+01   4.5088088989257798e+01
   6.2100000000000001e+01   6.6126389503479004e+00
   6.2799999999999997e+01   1.3804073333740201e+01
   6.2899999999999999e+01   8.4909805297851605e+01
   6.3000000000000000e+01   1.9855593872070301e+02
   6.3100000000000001e+01   7.6612477302551296e+00
   6.3700000000000003e+01   7.9631543159484899e+00
   6.3899999999999999e+01   7.9468742370605497e+01
   6.4099999999999994e+01   4.7408092498779297e+01
   6.4700000000000003e+01   1.0693538665771500e+01
   6.4900000000000006e+01   8.1350143432617202e+01
   6.5000000000000000e+01   6.6985723876953102e+02
   6.5099999999999994e+01   2.4849531555175801e+02
   6.5900000000000006e+01   8.6183494567871094e+01
   6.6099999999999994e+01   8.7805023193359403e+01
   6.6799999999999997e+01   8.7748966217040998e+00
   6.6900000000000006e+01   8.4693412780761701e+00
   6.7000000000000000e+01   5.1696014404296898e+02
   6.7099999999999994e+01   1.6717039108276399e+01
   6.7799999999999997e+01   5.9606441497802699e+01
   6.8000000000000000e+01   2.0245606994628901e+02
   6.8099999999999994e+01   1.3694435119628901e+02
   6.8900000000000006e+01   1.1099931335449200e+02
   6.9000000000000000e+01   6.4264274597167997e+01
   6.9099999999999994e+01   1.5855020141601599e+02
   6.9900000000000006e+01   1.4950464248657200e+01
   7.0000000000000000e+01   3.1936645507812500e+02
   7.0099999999999994e+01   6.8778701782226605e+01
   7.0900000000000006e+01   2.5008752822876001e+01
   7.3000000000000000e+01   4.5871181488037100e+00
   7.3099999999999994e+01   1.3568420410156300e+01
   7.3700000000000003e+01   6.9076967239379901e+00
   7.3900000000000006e+01   4.9642566680908203e+01
   7.4900000000000006e+01   2.3831592559814499e+01
   7.5099999999999994e+01   2.9088754653930700e+01
   7.5900000000000006e+01   3.9978595733642599e+01
   7.6099999999999994e+01   7.2384864807128906e+01
   7.6299999999999997e+01   1.2934700012206999e+01
   7.7000000000000000e+01   2.1164196777343800e+03
   7.8000000000000000e+01   2.9530328369140602e+02
   7.8099999999999994e+01   3.1193841552734398e+02
   7.9000000000000000e+01   7.4831524658203102e+02
   7.9900000000000006e+01   2.7468145370483398e+01
   8.0000000000000000e+01   2.1897811889648401e+02
   8.0200000000000003e+01   8.0834903717040998e+00
   8.0799999999999997e+01   7.8165008544921903e+01
   8.1000000000000000e+01   1.1813260650634800e+02
   8.1099999999999994e+01   2.5087358474731399e+01
   8.2000000000000000e+01   2.3185835266113301e+02
   8.2099999999999994e+01   1.3525820922851599e+02
   8.2900000000000006e+01   3.5088302612304702e+01
   8.3099999999999994e+01   7.4827103614807102e+00
   8.3900000000000006e+01   9.5838155746459996e+00
   8.4000000000000000e+01   1.5042040824890099e+01
   8.4099999999999994e+01   3.2165077209472699e+01
   8.4200000000000003e+01   1.8181259155273398e+01
   8.8900000000000006e+01   9.8158828735351605e+01
   8.9000000000000000e+01   1.1488249969482401e+02
   8.9299999999999997e+01   1.3815391540527299e+01
   8.9900000000000006e+01   6.0669799804687500e+01
   9.0099999999999994e+01   6.5150779724121094e+01
   9.1000000000000000e+01   3.1693603515625000e+03
   9.1900000000000006e+01   1.4302829742431600e+01
   9.2000000000000000e+01   3.5361648559570301e+02
   9.2099999999999994e+01   9.8559745788574205e+01
   9.2900000000000006e+01   6.2228515625000000e+01
   9.3000000000000000e+01   2.4330624389648401e+02
   9.3900000000000006e+01   9.2419013977050795e+01
   9.4000000000000000e+01   3.0261032104492199e+02
   9.4099999999999994e+01   6.9933364868164105e+01
   9.5000000000000000e+01   1.1133505859375000e+04
   9.5900000000000006e+01   2.8262779235839801e+01
   9.6000000000000000e+01   2.3997373046875000e+03
   9.6799999999999997e+01   1.1903517723083500e+01
   9.6900000000000006e+01   7.8875755310058594e+01
   9.7000000000000000e+01   1.5281059265136699e+02
   9.7200000000000003e+01   3.8022117614746101e+01
   9.7900000000000006e+01   8.6642360687255895e+00
   9.8000000000000000e+01   1.5927160644531301e+02
   9.8200000000000003e+01   6.7401496887207003e+01
   9.8900000000000006e+01   6.9231653213501003e+00
   1.0190000000000001e+02   3.5507583618164098e+01
   1.0200000000000000e+02   1.7776351928710898e+01
   1.0209999999999999e+02   3.9076560974121101e+01
   1.0280000000000000e+02   4.5703811645507798e+01
   1.0300000000000000e+02   7.0329882812500000e+02
   1.0390000000000001e+02   9.0648223876953097e+01
   1.0400000000000000e+02   6.2422509765625000e+02
   1.0409999999999999e+02   2.8540090942382801e+02
   1.0500000000000000e+02   1.9077823486328100e+03
   1.0580000000000000e+02   4.5044864654541001e+01
   1.0600000000000000e+02   1.8912480163574199e+02
   1.0609999999999999e+02   4.3656822204589801e+01
   1.0690000000000001e+02   1.0474346160888700e+01
   1.0780000000000000e+02   6.7774705886840803e+00
   1.0800000000000000e+02   6.2033109664917001e+00
   1.1420000000000000e+02   6.6229925155639604e+00
   1.1480000000000000e+02   1.7500455856323200e+01
   1.1490000000000001e+02   3.4871250152587898e+01
   1.1500000000000000e+02   2.0205096435546901e+02
   1.1520000000000000e+02   7.7195835113525400e+00
   1.1580000000000000e+02   1.6067298889160199e+01
   1.1600000000000000e+02   1.4607990264892599e+01
   1.1609999999999999e+02   3.5187816619872997e+01
   1.1680000000000000e+02   3.0367202758789102e+01
   1.1700000000000000e+02   3.0815713500976602e+02
   1.1709999999999999e+02   5.7920253753662102e+01
   1.1770000000000000e+02   8.2539091110229492e+00
   1.1790000000000001e+02   1.8019002914428700e+01
   1.1800000000000000e+02   3.2005352783203102e+02
   1.1809999999999999e+02   1.1670536041259800e+02
   1.1890000000000001e+02   1.0931779861450201e+01
   1.1900000000000000e+02   1.7215522766113301e+02
   1.1920000000000000e+02   7.5611324310302699e+00
   1.2000000000000000e+02   1.4737846374511699e+01
   1.2009999999999999e+02   3.7697841644287102e+01
   1.2600000000000000e+02   6.4221949577331499e+00
   1.2690000000000001e+02   6.4808988571167001e+00
   1.2790000000000001e+02   1.0096356391906699e+01
   1.2809999999999999e+02   8.6231327056884801e+00
   1.2890000000000001e+02   2.2354579925537099e+01
   1.2909999999999999e+02   3.3817676544189503e+01
   1.2919999999999999e+02   1.9479066848754901e+01
   1.3000000000000000e+02   3.0403237915039102e+02
   1.3000000000000000e+02   5.5197778320312500e+02
   1.3009999999999999e+02   2.1854518127441401e+02
   1.3090000000000001e+02   1.2267369270324700e+01
   1.3100000000000000e+02   4.5112969970703102e+02
   1.3180000000000001e+02   2.6717828750610401e+01
   1.3200000000000000e+02   2.3269839477539099e+02
   1.3209999999999999e+02   4.4048602294921898e+02
   1.3290000000000001e+02   4.8205760955810497e+01
   1.3309999999999999e+02   8.6681465148925795e+01
   1.3380000000000001e+02   6.1100139617919904e+00
   1.3680000000000001e+02   3.7133731842041001e+01
   1.3700000000000000e+02   2.2024993896484401e+02
   1.3719999999999999e+02   2.8427637100219702e+01
   1.3790000000000001e+02   7.9699153900146502e+00
   1.3800000000000000e+02   3.4543762207031300e+01
   1.3890000000000001e+02   3.6615570068359403e+01
   1.3909999999999999e+02   2.9615100860595700e+01
   1.4090000000000001e+02   6.1017150878906303e+00
   1.4119999999999999e+02   6.1814122200012198e+00
   1.4169999999999999e+02   8.7731027603149396e+00
   1.4200000000000000e+02   2.4292917251586900e+01
   1.4219999999999999e+02   6.5625486373901403e+00
   1.4290000000000001e+02   6.1665868759155300e+00
   1.4300000000000000e+02   3.2648059844970703e+01
   1.4380000000000001e+02   1.9358951568603501e+01
   1.4390000000000001e+02   3.0119525909423800e+01
   1.4400000000000000e+02   1.1513222503662099e+02
   1.4419999999999999e+02   3.6827198028564503e+01
   1.4500000000000000e+02   4.7857295989990199e+01
   1.4509999999999999e+02   9.2322654724121094e+00
   1.4580000000000001e+02   4.5544834136962898e+01
   1.4600000000000000e+02   3.8427169799804702e+01
   1.4609999999999999e+02   1.2974534606933599e+02
   1.4630000000000001e+02   1.3292834281921399e+01
   1.4809999999999999e+02   1.9017114639282202e+01
   1.5409999999999999e+02   6.7707452774047896e+00
   1.5500000000000000e+02   1.8956830978393601e+01
   1.5590000000000001e+02   1.2057806015014600e+01
   1.5600000000000000e+02   1.3403621673584000e+01
   1.5609999999999999e+02   1.9634023666381800e+01
   1.5700000000000000e+02   2.0732549667358398e+01
   1.5800000000000000e+02   6.8934417724609403e+01
   1.5809999999999999e+02   8.7004882812500000e+02
   1.5890000000000001e+02   1.2647176742553700e+01
   1.5900000000000000e+02   2.6751467895507801e+02
   1.5909999999999999e+02   6.4840722084045401e+00
   1.5990000000000001e+02   9.3470237731933594e+01
   1.6009999999999999e+02   5.6849296569824197e+01
   1.6800000000000000e+02   1.5149822235107401e+01
   1.6990000000000001e+02   4.7693954467773402e+01
   1.7000000000000000e+02   5.2687176513671898e+02
   1.7009999999999999e+02   4.3597949981689503e+01
   1.7090000000000001e+02   1.0617702484130901e+02
   1.7109999999999999e+02   8.8607421875000000e+01
   1.7180000000000001e+02   9.3577537536621094e+00
   1.7209999999999999e+02   1.3840823173522899e+01
   1.7300000000000000e+02   1.0753686904907200e+01
   1.8190000000000001e+02   2.1506254196166999e+01
   1.8269999999999999e+02   1.6728063583373999e+01
   1.8290000000000001e+02   6.4430103302001998e+00
   1.8380000000000001e+02   1.0962861061096200e+01
   1.8400000000000000e+02   1.2265126800537099e+02
   1.8409999999999999e+02   1.5108964538574199e+02
   1.8490000000000001e+02   3.2427444458007798e+01
   1.8509999999999999e+02   1.1635207366943401e+02
   1.8519999999999999e+02   1.2255152702331500e+01
   1.8569999999999999e+02   6.6842956542968803e+00
   1.8580000000000001e+02   1.1997698783874499e+01
   1.8590000000000001e+02   3.7169086456298800e+01
   1.8600000000000000e+02   1.9037312316894500e+02
   1.8619999999999999e+02   1.4541525268554699e+02
   1.8690000000000001e+02   1.9254316329956101e+01
   1.8700000000000000e+02   7.7262744140625000e+02
   1.8719999999999999e+02   2.5743188858032202e+01
   1.8800000000000000e+02   1.7197439575195301e+02
   1.8809999999999999e+02   2.6697268676757801e+02
   1.8890000000000001e+02   9.2269678115844709e+00
   1.8909999999999999e+02   1.1624749755859401e+02
   1.9590000000000001e+02   6.7420177459716797e+00
   1.9900000000000000e+02   6.2187047004699698e+00
   2.0690000000000001e+02   6.6191768646240199e+00
   2.0980000000000001e+02   9.4734077453613299e+00
   2.1000000000000000e+02   3.1057323455810501e+01
   2.1090000000000001e+02   5.4231704711914098e+01
   2.1100000000000000e+02   3.7155479431152301e+01
   2.1109999999999999e+02   1.1015298843383800e+01
   2.1190000000000001e+02   2.3773675918579102e+01
   2.1200000000000000e+02   1.7485317993164099e+02
   2.1209999999999999e+02   1.7753096008300801e+02
   2.1300000000000000e+02   1.0316319465637200e+01
   2.1500000000000000e+02   7.6952301025390597e+01
   2.1580000000000001e+02   7.0948486328125000e+00
   2.1600000000000000e+02   1.1562341690063500e+01
   2.1890000000000001e+02   1.6765022277832001e-01
   2.1900000000000000e+02   1.5099435806274400e+01
   2.1909999999999999e+02   6.5013861656189000e+00
   2.3280000000000001e+02   1.2002700805664100e+01
   2.3680000000000001e+02   9.7650356292724592e+00
   2.3780000000000001e+02   7.0121965408325204e+00
   2.3800000000000000e+02   6.7401380538940403e+00
   2.3900000000000000e+02   3.0318866729736300e+01
   2.4009999999999999e+02   4.2755864257812500e+03
   2.4100000000000000e+02   1.4525825500488301e+02
   2.4109999999999999e+02   6.2055700683593795e+02
   2.4200000000000000e+02   3.5802249908447301e+01
   2.4209999999999999e+02   2.4041664123535199e+01
   2.7910000000000002e+02   2.6310941696166999e+01
   2.7919999999999999e+02   3.0729209899902301e+01
   2.8219999999999999e+02   2.1437248229980501e+01
   2.8300000000000000e+02   8.1875617980957003e+01
   2.8310000000000002e+02   7.8584101562500000e+03
   2.8400000000000000e+02   1.7505165100097699e+01
   2.8410000000000002e+02   1.5428588867187500e+03
   2.8500000000000000e+02   6.3551548004150398e+01
   2.8510000000000002e+02   5.6053115844726598e+01
   2.8530000000000001e+02   8.1293935775756800e+00
