   4.0100000000000001e+01   3.5838291645050000e+00
   4.1000000000000000e+01   2.0021371841430700e+01
   4.1000000000000000e+01   6.2279496192932102e+00
   4.1799999999999997e+01   2.3864464759826700e+00
   4.1899999999999999e+01   2.4701890945434599e+01
   4.2000000000000000e+01   1.3235521316528301e+01
   4.3700000000000003e+01   4.4458794593811000e+00
   4.3799999999999997e+01   5.9464244842529297e+01
   4.4000000000000000e+01   7.1402221679687500e+01
   4.4799999999999997e+01   2.4246767044067401e+01
   4.4899999999999999e+01   1.9738891601562500e+01
   4.5100000000000001e+01   7.2125511169433603e+00
   4.9799999999999997e+01   2.2747006416320801e+00
   4.9899999999999999e+01   1.0083439826965300e+01
   5.0200000000000003e+01   2.4672949314117401e+00
   5.0899999999999999e+01   4.4321487426757798e+01
   5.1000000000000000e+01   1.3186962890625000e+02
   5.1899999999999999e+01   9.5542259216308594e+00
   5.2000000000000000e+01   5.9509057998657200e+00
   5.2899999999999999e+01   5.4920330047607404e+00
   5.3000000000000000e+01   1.5442547798156699e+01
   5.3100000000000001e+01   3.0468375682830802e+00
   5.3899999999999999e+01   1.3605574607849100e+01
   5.4000000000000000e+01   5.0336995124816903e+00
   5.4799999999999997e+01   2.8138463497161901e+00
   5.5000000000000000e+01   1.3494590759277301e+02
   5.5100000000000001e+01   5.8677783012390101e+00
   5.5899999999999999e+01   7.7838468551635698e+00
   5.6100000000000001e+01   1.4797326087951699e+01
   5.6200000000000003e+01   2.6756157875061000e+00
   5.6799999999999997e+01   3.3687507629394503e+01
   5.7000000000000000e+01   3.6794488525390602e+02
   5.7100000000000001e+01   1.4989331054687500e+02
   5.7799999999999997e+01   2.4526102542877202e+00
   5.8799999999999997e+01   5.0553855895996103e+00
   5.8899999999999999e+01   1.2010307312011699e+01
   5.9000000000000000e+01   6.5363807678222699e+01
   6.2100000000000001e+01   2.4923691749572798e+00
   6.2899999999999999e+01   5.8571176528930700e+00
   6.3000000000000000e+01   2.0784763336181602e+01
   6.3100000000000001e+01   9.9689044952392596e+00
   6.3899999999999999e+01   8.3480987548828107e+00
   6.4799999999999997e+01   9.9767713546752894e+00
   6.4900000000000006e+01   1.5066178894043000e+02
   6.5000000000000000e+01   8.6561378479003906e+01
   6.5200000000000003e+01   1.0441949844360400e+01
   6.5900000000000006e+01   1.0294593811035201e+01
   6.6000000000000000e+01   3.4785652160644503e+01
   6.6099999999999994e+01   7.3146920204162598e+00
   6.6799999999999997e+01   1.1488327980041500e+01
   6.7000000000000000e+01   1.6590999603271499e+01
   6.7099999999999994e+01   1.5381821393966699e+00
   6.7900000000000006e+01   5.5957236289978001e+00
   6.8000000000000000e+01   7.9335956573486301e+00
   6.8799999999999997e+01   7.9140014648437500e+00
   6.8900000000000006e+01   9.1724491119384801e+00
   6.9000000000000000e+01   2.6858259201049801e+01
   7.0700000000000003e+01   5.2412457466125497e+00
   7.0799999999999997e+01   1.1423282623291000e+01
   7.0900000000000006e+01   1.3436111450195300e+01
   7.1099999999999994e+01   3.0155608654022199e+00
   7.2900000000000006e+01   8.0555849075317401e+00
   7.3000000000000000e+01   1.0680268287658700e+01
   7.3799999999999997e+01   2.4731085300445601e+00
   7.4000000000000000e+01   2.4099242687225302e+00
   7.5200000000000003e+01   5.3706841468811000e+00
   7.6000000000000000e+01   7.0451631546020499e+00
   7.6900000000000006e+01   3.3081478881835898e+02
   7.7000000000000000e+01   2.1333190917968801e+02
   7.7900000000000006e+01   8.8432998657226598e+00
   7.8000000000000000e+01   1.3217399597168000e+02
   7.8900000000000006e+01   1.6463327407836900e+01
   7.9000000000000000e+01   2.8537267684936499e+01
   7.9099999999999994e+01   1.4871188163757299e+01
   7.9299999999999997e+01   2.5903565883636501e+00
   7.9799999999999997e+01   5.8935918807983398e+00
   7.9900000000000006e+01   3.7860870361328097e+01
   8.0099999999999994e+01   4.6856960296630902e+01
   8.0200000000000003e+01   1.5544919967651399e+01
   8.0700000000000003e+01   5.8068137168884304e+00
   8.0900000000000006e+01   1.2425636291503899e+01
   8.1000000000000000e+01   5.4219478607177699e+01
   8.1900000000000006e+01   4.6446559906005902e+01
   8.2000000000000000e+01   8.7954963684082003e+01
   8.2200000000000003e+01   2.9614385604858398e+01
   8.3000000000000000e+01   1.5633397102356000e+01
   8.3900000000000006e+01   1.5821677207946800e+01
   8.4000000000000000e+01   1.9404022216796900e+01
   8.9000000000000000e+01   3.4191894531250000e+00
   9.0799999999999997e+01   9.6599788665771502e+00
   9.0900000000000006e+01   1.0877404785156300e+02
   9.1000000000000000e+01   7.5618217468261705e+01
   9.1200000000000003e+01   7.2495069503784197e+00
   9.1900000000000006e+01   2.2407840728759801e+01
   9.2000000000000000e+01   3.1634208679199201e+01
   9.2200000000000003e+01   1.2891229629516600e+01
   9.2900000000000006e+01   3.7711387634277301e+01
   9.3000000000000000e+01   1.9002131652832000e+02
   9.3099999999999994e+01   2.3161181640625000e+02
   9.3200000000000003e+01   1.6699821472168001e+01
   9.3799999999999997e+01   3.9810249805450399e+00
   9.3900000000000006e+01   3.5081398010253899e+01
   9.4000000000000000e+01   4.8143493652343800e+01
   9.4099999999999994e+01   9.2658824920654297e+00
   9.5799999999999997e+01   6.5771775245666504e+00
   9.6000000000000000e+01   3.1494602203369102e+01
   9.6200000000000003e+01   9.7306613922119105e+00
   9.6900000000000006e+01   1.6484934997558599e+02
   9.7000000000000000e+01   1.6807691955566401e+02
   9.7099999999999994e+01   4.3434997558593800e+01
   9.7799999999999997e+01   2.3846085071563698e+00
   9.7900000000000006e+01   4.9346275329589799e+00
   1.0280000000000000e+02   6.0083785057067898e+00
   1.0300000000000000e+02   1.5018114089965801e+01
   1.0309999999999999e+02   2.2275648117065401e+01
   1.0390000000000001e+02   1.3076840209960901e+02
   1.0409999999999999e+02   1.1649929809570300e+02
   1.0420000000000000e+02   1.1358888626098601e+01
   1.0490000000000001e+02   2.3430238723754901e+01
   1.0590000000000001e+02   1.8394016265869102e+01
   1.0600000000000000e+02   2.4317537307739300e+01
   1.0609999999999999e+02   1.4144024848938001e+01
   1.0690000000000001e+02   2.5057685375213601e+00
   1.0720000000000000e+02   2.3878390789032000e+00
   1.0780000000000000e+02   1.7152700424194300e+01
   1.0790000000000001e+02   2.6227399826049801e+01
   1.0820000000000000e+02   5.6113820075988796e+00
   1.0880000000000000e+02   2.4699552059173602e+00
   1.0890000000000001e+02   1.5388171386718801e+02
   1.0900000000000000e+02   1.0866558074951200e+02
   1.0909999999999999e+02   2.6858798980712901e+01
   1.0990000000000001e+02   2.3208920288085901e+02
   1.1000000000000000e+02   3.3561343383789102e+02
   1.1009999999999999e+02   3.4032032012939503e+01
   1.1080000000000000e+02   2.2759410858154300e+01
   1.1090000000000001e+02   4.7631065368652301e+01
   1.1100000000000000e+02   4.1252403259277301e+01
   1.1109999999999999e+02   4.6501178741455096e+00
   1.1190000000000001e+02   5.6130518913268999e+00
   1.1209999999999999e+02   6.2391710281372097e+00
   1.1500000000000000e+02   5.6637015342712402e+00
   1.1509999999999999e+02   4.2336764335632298e+00
   1.1680000000000000e+02   2.5099058151245099e+01
   1.1700000000000000e+02   7.6052703857421903e+01
   1.1709999999999999e+02   2.7525753021240199e+01
   1.1780000000000000e+02   1.7108694076538100e+01
   1.1790000000000001e+02   1.1516374969482401e+02
   1.1809999999999999e+02   7.9669418334960895e+01
   1.1820000000000000e+02   2.1182600021362301e+01
   1.1870000000000000e+02   2.4621148109436000e+00
   1.1890000000000001e+02   3.5495365142822301e+01
   1.1900000000000000e+02   9.4076728820800795e+01
   1.1909999999999999e+02   1.4149168968200700e+01
   1.1930000000000000e+02   2.9161689281463601e+00
   1.1990000000000001e+02   1.4136180877685501e+01
   1.2009999999999999e+02   9.6026468276977504e+00
   1.2080000000000000e+02   2.5491280555725102e+00
   1.2190000000000001e+02   6.5109562873840297e+00
   1.2200000000000000e+02   1.1432278633117701e+01
   1.2280000000000000e+02   1.9501138687133800e+01
   1.2290000000000001e+02   7.3232025146484403e+01
   1.2300000000000000e+02   2.5545198440551800e+01
   1.2320000000000000e+02   2.8158206939697301e+00
   1.2790000000000001e+02   2.3526222705841100e+00
   1.2980000000000001e+02   1.8297594070434599e+01
   1.2990000000000001e+02   1.0866491699218800e+02
   1.3000000000000000e+02   1.2887245178222699e+02
   1.3009999999999999e+02   3.6670196533203097e+01
   1.3069999999999999e+02   4.9813890457153303e+00
   1.3090000000000001e+02   1.8205564498901399e+01
   1.3109999999999999e+02   9.3001548767089801e+01
   1.3190000000000001e+02   5.5148582458496101e+01
   1.3200000000000000e+02   1.6543244934082000e+02
   1.3209999999999999e+02   5.5531459808349602e+01
   1.3300000000000000e+02   9.2620296478271502e+00
   1.3309999999999999e+02   9.8695068359375000e+00
   1.3409999999999999e+02   2.7391285896301301e+00
   1.3480000000000001e+02   9.5822620391845703e+00
   1.3490000000000001e+02   1.6542325973510700e+01
   1.3509999999999999e+02   1.0897399902343800e+01
   1.3580000000000001e+02   8.5965644836425795e+01
   1.3590000000000001e+02   2.8122558593750000e+02
   1.3609999999999999e+02   5.6309459686279297e+01
   1.3690000000000001e+02   6.8468231201171903e+01
   1.3700000000000000e+02   1.5505171203613301e+02
   1.3780000000000001e+02   1.0794104576110801e+01
   1.3790000000000001e+02   5.9081581115722699e+01
   1.3809999999999999e+02   3.7412130832672101e+00
   1.3880000000000001e+02   2.5390813350677499e+00
   1.3890000000000001e+02   2.8767673969268799e+00
   1.3919999999999999e+02   2.4244513511657702e+00
   1.4400000000000000e+02   7.2149620056152299e+00
   1.4409999999999999e+02   5.9764523506164604e+00
   1.4590000000000001e+02   4.7338471412658700e+00
   1.4600000000000000e+02   2.1889390945434599e+01
   1.4609999999999999e+02   1.8921854019165000e+01
   1.4700000000000000e+02   6.7403612136840803e+00
   1.4800000000000000e+02   2.3719835281372101e+00
   1.4880000000000001e+02   7.7408308982849103e+00
   1.4900000000000000e+02   3.3981494903564503e+01
   1.4909999999999999e+02   2.4561756134033200e+01
   1.4919999999999999e+02   2.4541978836059601e+00
   1.4990000000000001e+02   2.7561788558960000e+01
   1.5000000000000000e+02   5.9246678352356001e+00
   1.5019999999999999e+02   2.4270596504211399e+00
   1.5190000000000001e+02   7.7749872207641602e+00
   1.5500000000000000e+02   7.2773466110229501e+00
   1.5519999999999999e+02   2.3895561695098899e+00
   1.5590000000000001e+02   1.7790569305419901e+01
   1.5619999999999999e+02   2.3896863460540798e+00
   1.5690000000000001e+02   7.6310954093933097e+00
   1.5700000000000000e+02   1.3892848014831500e+01
   1.5719999999999999e+02   2.6310369968414302e+00
   1.5790000000000001e+02   5.0017799377441399e+01
   1.5800000000000000e+02   6.5049468994140597e+01
   1.5809999999999999e+02   3.8678821563720703e+01
   1.5819999999999999e+02   2.3460669517517099e+00
   1.5890000000000001e+02   1.0863432312011700e+02
   1.5900000000000000e+02   9.6320114135742205e+00
   1.5980000000000001e+02   2.6358957290649401e+00
   1.6000000000000000e+02   2.5251846313476598e+00
   1.6180000000000001e+02   4.4064636230468803e+00
   1.6190000000000001e+02   3.4651130676269503e+01
   1.6209999999999999e+02   1.3550251960754400e+01
   1.6280000000000001e+02   9.6479854583740199e+00
   1.6300000000000000e+02   2.0957866668701200e+01
   1.6380000000000001e+02   1.1904124259948700e+01
   1.6390000000000001e+02   6.7995895385742202e+01
   1.6400000000000000e+02   1.1162403106689500e+02
   1.6409999999999999e+02   3.9507534027099602e+01
   1.6500000000000000e+02   2.8083000183105500e+00
   1.6959999999999999e+02   2.7159566879272501e+00
   1.6990000000000001e+02   5.1348996162414604e+00
   1.7569999999999999e+02   2.3781762123107901e+00
   1.7600000000000000e+02   2.7394895553588898e+00
   1.8769999999999999e+02   2.7067987918853800e+00
   1.8790000000000001e+02   1.8006738662719702e+01
   1.8800000000000000e+02   1.1199436187744100e+01
   1.8809999999999999e+02   1.2824554443359400e+01
   1.8880000000000001e+02   2.4041080474853498e+00
   1.8900000000000000e+02   1.2628302574157701e+01
   1.8909999999999999e+02   2.3129501342773402e+00
   1.8980000000000001e+02   3.1618318557739298e+00
   1.9000000000000000e+02   2.4911488342285199e+02
   1.9009999999999999e+02   1.6081326293945301e+02
   1.9019999999999999e+02   3.2566905975341797e+01
   1.9080000000000001e+02   6.9863510131835902e+00
   1.9090000000000001e+02   6.8731918334960895e+01
   1.9100000000000000e+02   1.6057189941406301e+02
   1.9109999999999999e+02   8.3992225646972699e+01
   1.9119999999999999e+02   2.9086585998535199e+01
   1.9130000000000001e+02   3.7449653148651101e+00
   1.9190000000000001e+02   3.0577568054199201e+01
   1.9200000000000000e+02   3.7458782196044901e+01
   1.9209999999999999e+02   2.4910980224609400e+01
   1.9280000000000001e+02   8.7227606773376498e-01
   1.9290000000000001e+02   2.3159959316253702e+00
   2.0690000000000001e+02   2.4133698940277100e+00
   2.1109999999999999e+02   3.4790973663330100e+00
   2.1190000000000001e+02   2.4970893859863299e+00
   2.1459999999999999e+02   2.3542752265930198e+00
   2.1490000000000001e+02   2.8348129272460898e+01
   2.1500000000000000e+02   1.1645950317382800e+01
   2.1880000000000001e+02   3.7443342208862300e+00
   2.1890000000000001e+02   1.3070909976959200e+00
   2.1909999999999999e+02   2.8592061996460001e+00
   2.3290000000000001e+02   1.1947082519531300e+01
   2.3309999999999999e+02   3.2554367065429702e+01
   2.3680000000000001e+02   3.7591400146484402e+00
   2.3700000000000000e+02   2.6676006317138700e+01
   2.3709999999999999e+02   3.8042993545532200e+00
   2.3780000000000001e+02   2.4415192604064901e+00
   2.8889999999999998e+02   2.8206133842468302e+00
   3.4000000000000000e+02   5.9414024353027301e+01
   3.4010000000000002e+02   6.9978448486328102e+02
   3.4019999999999999e+02   5.4801928710937500e+02
   3.4089999999999998e+02   9.0078992843627894e+00
   3.4110000000000002e+02   1.9583474731445301e+02
   3.4119999999999999e+02   7.8881980895996094e+01
   3.4130000000000001e+02   2.9052854537963899e+01
   3.4200000000000000e+02   1.1947421073913601e+01
   3.4210000000000002e+02   2.3642732620239300e+01
   3.4230000000000001e+02   8.3152933120727504e+00
   3.4239999999999998e+02   3.0317888259887700e+00
