   4.0100000000000001e+01   2.0650105285644500e+02
   4.1100000000000001e+01   4.2401689453125000e+03
   4.2100000000000001e+01   1.0653261718750000e+04
   4.3000000000000000e+01   1.2934936523437500e+03
   4.4000000000000000e+01   4.6350869140625000e+03
   4.4899999999999999e+01   1.4748430252075201e+01
   4.5100000000000001e+01   7.1483810424804702e+01
   4.6000000000000000e+01   3.3056236267089801e+01
   4.8899999999999999e+01   1.3977076530456500e+01
   4.9000000000000000e+01   1.9709251403808601e+01
   4.9700000000000003e+01   1.7085208892822301e+01
   5.0000000000000000e+01   3.9410433959960898e+02
   5.0100000000000001e+01   1.5850401306152301e+02
   5.0899999999999999e+01   2.2139753341674801e+01
   5.1000000000000000e+01   3.6476837158203102e+02
   5.1100000000000001e+01   9.0134017944335895e+01
   5.1799999999999997e+01   7.9476142883300795e+01
   5.2000000000000000e+01   1.0992262268066401e+02
   5.2000000000000000e+01   6.0044460296630902e+01
   5.2899999999999999e+01   3.6120170593261697e+01
   5.3000000000000000e+01   1.6583353271484400e+03
   5.3899999999999999e+01   4.6825313568115199e+01
   5.4000000000000000e+01   2.5214152832031300e+03
   5.4899999999999999e+01   1.5256100463867199e+02
   5.5000000000000000e+01   3.4281718750000000e+03
   5.6100000000000001e+01   1.2504287109375000e+04
   5.6899999999999999e+01   3.3259544372558601e+01
   5.7000000000000000e+01   2.1766166992187500e+03
   5.8000000000000000e+01   4.2447666015625000e+03
   5.8899999999999999e+01   2.4882586669921901e+02
   5.9100000000000001e+01   9.8081253051757798e+01
   6.0799999999999997e+01   5.2879459381103501e+01
   6.1000000000000000e+01   9.7787101745605497e+01
   6.1799999999999997e+01   2.3982322692871101e+01
   6.2000000000000000e+01   3.8328651428222699e+01
   6.2700000000000003e+01   3.7204013824462898e+01
   6.2899999999999999e+01   1.2207212829589800e+02
   6.3000000000000000e+01   1.7992825317382801e+02
   6.4000000000000000e+01   1.4984653472900400e+01
   6.4900000000000006e+01   1.9772673034668000e+02
   6.5000000000000000e+01   4.1291714477539102e+02
   6.5799999999999997e+01   1.5929865837097200e+01
   6.5900000000000006e+01   3.4589302062988303e+01
   6.6000000000000000e+01   2.5993203735351602e+02
   6.6099999999999994e+01   2.2407292175293000e+02
   6.7000000000000000e+01   2.4725412597656300e+03
   6.8000000000000000e+01   4.8302475585937500e+03
   6.9000000000000000e+01   2.9404001464843800e+03
   7.0099999999999994e+01   8.8023271484375000e+03
   7.1099999999999994e+01   6.9839541015625000e+03
   7.2099999999999994e+01   7.6869926757812500e+03
   7.2900000000000006e+01   1.3893068313598601e+01
   7.3000000000000000e+01   1.5177458496093800e+03
   7.3900000000000006e+01   3.8135076904296898e+02
   7.4000000000000000e+01   3.5554255371093800e+03
   7.5000000000000000e+01   5.5691962890625000e+03
   7.6000000000000000e+01   4.6066345214843801e+02
   7.6099999999999994e+01   1.4618063354492199e+02
   7.7000000000000000e+01   1.4636398925781300e+03
   7.7900000000000006e+01   2.9663391113281300e+01
   7.8000000000000000e+01   2.2696972656250000e+02
   7.8099999999999994e+01   1.3298117065429699e+02
   7.9099999999999994e+01   4.2230009765625000e+03
   8.0000000000000000e+01   1.7955885009765600e+03
   8.1000000000000000e+01   4.7894389648437500e+03
   8.2099999999999994e+01   6.6251787109375000e+03
   8.3000000000000000e+01   2.1093100585937500e+03
   8.3099999999999994e+01   1.9757619628906300e+03
   8.4099999999999994e+01   1.8994123046875000e+04
   8.5000000000000000e+01   2.4090258789062500e+03
   8.6099999999999994e+01   1.6828589843750000e+04
   8.6900000000000006e+01   3.1651062011718800e+01
   8.7000000000000000e+01   1.2786245117187500e+03
   8.7799999999999997e+01   1.5357909202575700e+01
   8.8000000000000000e+01   2.0145063400268601e+01
   8.8799999999999997e+01   1.1958385467529300e+01
   8.9000000000000000e+01   1.8933496093750000e+02
   8.9099999999999994e+01   4.4589050292968800e+01
   8.9900000000000006e+01   1.7814838409423800e+01
   9.0000000000000000e+01   4.4167152404785199e+01
   9.0900000000000006e+01   1.9059283447265599e+02
   9.1000000000000000e+01   8.9497451782226605e+01
   9.1099999999999994e+01   5.8918849945068402e+01
   9.1900000000000006e+01   2.5241544723510700e+01
   9.2000000000000000e+01   1.2568060874939000e+01
   9.2099999999999994e+01   1.0719494628906300e+02
   9.2200000000000003e+01   1.2055207252502401e+01
   9.2799999999999997e+01   1.6249525070190401e+01
   9.3000000000000000e+01   3.2453616333007801e+02
   9.3099999999999994e+01   1.0744959259033200e+02
   9.4000000000000000e+01   1.4281274414062500e+02
   9.4099999999999994e+01   1.3267332763671900e+03
   9.5000000000000000e+01   2.2139923095703099e+02
   9.5099999999999994e+01   1.4024631347656300e+03
   9.6099999999999994e+01   4.2037416992187500e+03
   9.7000000000000000e+01   5.5492242431640602e+02
   9.7099999999999994e+01   1.8306121826171900e+03
   9.8099999999999994e+01   6.6685009765625000e+03
   9.9099999999999994e+01   1.2585389648437500e+04
   1.0009999999999999e+02   1.2960524902343800e+03
   1.0020000000000000e+02   2.5471292495727500e+01
   1.0090000000000001e+02   1.9826039123535199e+02
   1.0109999999999999e+02   4.7475593566894503e+01
   1.0190000000000001e+02   9.3360687255859403e+01
   1.0200000000000000e+02   2.2821079254150401e+01
   1.0209999999999999e+02   1.1599645233154300e+02
   1.0290000000000001e+02   1.1169560241699200e+02
   1.0300000000000000e+02   4.0989675903320301e+02
   1.0380000000000000e+02   3.7393947601318402e+01
   1.0390000000000001e+02   6.7019248962402301e+01
   1.0490000000000001e+02   6.4349990844726605e+01
   1.0500000000000000e+02   7.4140495300292997e+01
   1.0600000000000000e+02   8.8097908020019503e+01
   1.0609999999999999e+02   1.0570587921142599e+02
   1.0670000000000000e+02   1.9360893249511701e+01
   1.0700000000000000e+02   1.5737487792968801e+02
   1.0709999999999999e+02   8.7045707702636705e+01
   1.0809999999999999e+02   2.3209584960937500e+03
   1.0900000000000000e+02   1.0522344726562500e+04
   1.1000000000000000e+02   1.7299970703125000e+04
   1.1090000000000001e+02   1.2751345825195300e+02
   1.1100000000000000e+02   7.3574877929687500e+03
   1.1209999999999999e+02   1.1347381250000000e+05
   1.1309999999999999e+02   9.8742324218750000e+03
   1.1390000000000001e+02   8.3735633850097699e+01
   1.1409999999999999e+02   3.5360412597656301e+02
   1.1490000000000001e+02   1.4119653320312500e+02
   1.1500000000000000e+02   1.8820727539062500e+02
   1.1590000000000001e+02   8.5858749389648395e+01
   1.1609999999999999e+02   1.3196713256835901e+02
   1.1690000000000001e+02   1.3054607391357401e+01
   1.1700000000000000e+02   7.0923416137695298e+01
   1.1790000000000001e+02   1.6023817062377901e+01
   1.1890000000000001e+02   2.4695654296875000e+02
   1.1909999999999999e+02   1.3944813728332500e+01
   1.1980000000000000e+02   2.0899156570434599e+01
   1.2000000000000000e+02   8.0775100708007798e+01
   1.2030000000000000e+02   1.4380547523498500e+01
   1.2070000000000000e+02   2.2094240188598601e+01
   1.2080000000000000e+02   4.4999427795410199e+01
   1.2090000000000001e+02   1.3820855712890599e+02
   1.2109999999999999e+02   2.5679496765136701e+01
   1.2209999999999999e+02   1.1895773925781300e+03
   1.2300000000000000e+02   7.0561352539062500e+02
   1.2309999999999999e+02   2.6100982666015602e+02
   1.2320000000000000e+02   4.9635322570800803e+01
   1.2400000000000000e+02   1.2835754394531301e+02
   1.2409999999999999e+02   5.9926850585937500e+03
   1.2509999999999999e+02   3.5316293945312500e+03
   1.2609999999999999e+02   6.5552607421875000e+03
   1.2709999999999999e+02   9.0908361816406295e+02
   1.2709999999999999e+02   4.7985711669921898e+02
   1.2800000000000000e+02   2.1831234741210901e+02
   1.2809999999999999e+02   1.5510145568847699e+02
   1.2890000000000001e+02   4.8809822082519503e+01
   1.2900000000000000e+02   2.0681880950927699e+01
   1.3000000000000000e+02   1.3421244621276900e+01
   1.3100000000000000e+02   5.4576942443847699e+01
   1.3390000000000001e+02   2.8354188919067401e+01
   1.3400000000000000e+02   3.4416942596435497e+01
   1.3500000000000000e+02   1.0003562927246099e+02
   1.3590000000000001e+02   2.4920011901855500e+02
   1.3609999999999999e+02   3.8356341552734398e+02
   1.3619999999999999e+02   3.9149868011474602e+01
   1.3700000000000000e+02   6.7409234619140602e+02
   1.3709999999999999e+02   3.5425280761718801e+02
   1.3809999999999999e+02   5.6056899414062500e+03
   1.3900000000000000e+02   1.7920123291015600e+03
   1.4009999999999999e+02   2.4962243652343800e+03
   1.4080000000000001e+02   3.4003677368164098e+01
   1.4100000000000000e+02   3.6416021728515602e+02
   1.4109999999999999e+02   2.3106259155273401e+02
   1.4190000000000001e+02   5.4843112945556598e+01
   1.4209999999999999e+02   1.0797248077392599e+02
   1.4269999999999999e+02   1.2363966941833500e+01
   1.4290000000000001e+02   3.1910024642944300e+01
   1.4380000000000001e+02   6.5390213012695298e+01
   1.4400000000000000e+02   5.2658349609375000e+02
   1.4409999999999999e+02   2.3731130981445301e+02
   1.4500000000000000e+02   3.1928433593750000e+04
   1.4580000000000001e+02   2.2865798950195301e+02
   1.4600000000000000e+02   2.7420534667968800e+03
   1.4690000000000001e+02   2.0802023437500000e+04
   1.4800000000000000e+02   1.6523332519531300e+03
   1.4890000000000001e+02   3.4825915527343800e+03
   1.4980000000000001e+02   3.4317173004150398e+01
   1.4990000000000001e+02   1.3439291381835901e+02
   1.5000000000000000e+02   6.9125946044921898e+02
   1.5019999999999999e+02   2.9100727081298800e+01
   1.5090000000000001e+02   1.1556300354003901e+02
   1.5100000000000000e+02   4.7211627197265602e+02
   1.5119999999999999e+02   4.3639434814453102e+02
   1.5209999999999999e+02   1.0160803710937500e+04
   1.5309999999999999e+02   2.1057498046875000e+04
   1.5400000000000000e+02   2.1493251037597699e+02
   1.5409999999999999e+02   3.3886196289062500e+03
   1.5500000000000000e+02   1.3056138610839801e+02
   1.5509999999999999e+02   1.1832299804687500e+02
   1.5519999999999999e+02   1.4585585021972699e+02
   1.5790000000000001e+02   3.6744747161865199e+01
   1.5809999999999999e+02   6.1540594100952104e+00
   1.5890000000000001e+02   5.8329870605468795e+02
   1.5900000000000000e+02   3.9618679046630902e+01
   1.5990000000000001e+02   2.5011442184448200e+01
   1.6080000000000001e+02   2.1476100158691401e+02
   1.6100000000000000e+02   1.6070460510253901e+02
   1.6180000000000001e+02   5.1459373474121101e+01
   1.6200000000000000e+02   4.9992233276367202e+01
   1.6290000000000001e+02   9.6618522644042997e+01
   1.6309999999999999e+02   4.6366996765136697e+01
   1.6380000000000001e+02   7.6179679870605497e+01
   1.6400000000000000e+02   7.5344032287597699e+01
   1.6419999999999999e+02   1.9336566925048800e+01
   1.6500000000000000e+02   2.3003735351562500e+02
   1.6519999999999999e+02   7.7613090515136705e+01
   1.6590000000000001e+02   4.7257858276367202e+01
   1.6609999999999999e+02   1.2316034698486300e+02
   1.6709999999999999e+02   2.1969243164062500e+03
   1.6800000000000000e+02   2.4164552307128901e+02
   1.6809999999999999e+02   1.7061906433105500e+02
   1.6890000000000001e+02   3.9408023834228501e+01
   1.6900000000000000e+02   1.3891116333007801e+02
   1.6919999999999999e+02   7.7559669494628906e+01
   1.6990000000000001e+02   5.4801151275634801e+01
   1.7000000000000000e+02   3.2367977142333999e+01
   1.7009999999999999e+02   2.8589687347412099e+01
   1.7090000000000001e+02   2.0377862548828099e+02
   1.7100000000000000e+02   2.2027497863769500e+02
   1.7180000000000001e+02   2.0504417419433599e+02
   1.7200000000000000e+02   6.1980938720703102e+02
   1.7219999999999999e+02   1.1121773529052700e+02
   1.7290000000000001e+02   3.6766171875000000e+04
   1.7390000000000001e+02   3.2439675292968800e+03
   1.7409999999999999e+02   7.0605583190917997e+01
   1.7490000000000001e+02   2.3966722656250000e+04
   1.7590000000000001e+02   1.2499470214843800e+03
   1.7590000000000001e+02   5.7493481445312500e+02
   1.7690000000000001e+02   3.8652656250000000e+03
   1.7769999999999999e+02   1.9952608108520501e+01
   1.7790000000000001e+02   1.8851512145996099e+02
   1.7800000000000000e+02   1.8817871093750000e+02
   1.7890000000000001e+02   5.0439689636230497e+01
   1.7900000000000000e+02   9.9699256896972699e+01
   1.7980000000000001e+02   2.9891368865966800e+01
   1.8000000000000000e+02   1.2675020599365200e+02
   1.8009999999999999e+02   1.7049259948730500e+02
   1.8109999999999999e+02   3.2524557495117199e+02
   1.8119999999999999e+02   1.9522659301757801e+02
   1.8180000000000001e+02   1.7834045410156300e+01
   1.8190000000000001e+02   9.5186088562011705e+01
   1.8209999999999999e+02   9.1521270751953097e+01
   1.8219999999999999e+02   4.7389381408691399e+01
   1.8319999999999999e+02   4.4089863281250000e+03
   1.8400000000000000e+02   1.2305648803710901e+02
   1.8419999999999999e+02   6.4416314697265602e+02
   1.8469999999999999e+02   1.4608211517334000e+01
   1.8490000000000001e+02   7.3236686706542997e+01
   1.8500000000000000e+02   4.6399581909179702e+01
   1.8590000000000001e+02   7.1629058837890602e+02
   1.8600000000000000e+02   4.8874664306640602e+02
   1.8690000000000001e+02   1.7981312561035199e+02
   1.8700000000000000e+02   8.7193481445312500e+01
   1.8790000000000001e+02   7.6326306152343795e+02
   1.8809999999999999e+02   4.2314601898193402e+01
   1.8900000000000000e+02   4.7462459564208999e+01
   1.8909999999999999e+02   2.8273874282836900e+01
   1.8980000000000001e+02   3.2656642913818402e+01
   1.8990000000000001e+02   1.3208737182617199e+02
   1.9090000000000001e+02   1.7231473922729499e+01
   1.9100000000000000e+02   5.2193332672119098e+01
   1.9180000000000001e+02   2.3966335296630898e+01
   1.9200000000000000e+02   4.4854560852050803e+01
   1.9300000000000000e+02   3.7908912658691399e+01
   1.9309999999999999e+02   2.4051368713378901e+02
   1.9390000000000001e+02   1.6475879669189499e+01
   1.9409999999999999e+02   3.2383789062500000e+01
   1.9419999999999999e+02   2.9076477050781300e+01
   1.9480000000000001e+02   1.2246591567993200e+01
   1.9500000000000000e+02   1.3038606262207000e+02
   1.9509999999999999e+02   1.1912676239013700e+02
   1.9519999999999999e+02   1.7454814910888700e+01
   1.9690000000000001e+02   1.9156541824340799e+01
   1.9709999999999999e+02   5.0818557739257801e+02
   1.9719999999999999e+02   3.2796725463867199e+02
   1.9790000000000001e+02   2.8172588348388700e+01
   1.9800000000000000e+02   1.2052287292480500e+02
   1.9819999999999999e+02   1.2693400382995600e+01
   1.9890000000000001e+02   3.9780788421630902e+01
   1.9969999999999999e+02   1.8000490188598601e+01
   1.9980000000000001e+02   3.0523006439208999e+01
   1.9990000000000001e+02   4.7649066925048800e+01
   2.0009999999999999e+02   1.7646919250488299e+01
   2.0090000000000001e+02   2.9776376724243200e+01
   2.0200000000000000e+02   3.5209381103515602e+02
   2.0280000000000001e+02   3.5701042175292997e+01
   2.0290000000000001e+02   1.9696582794189499e+01
   2.0309999999999999e+02   4.8847347259521499e+01
   2.0380000000000001e+02   1.3390435791015599e+02
   2.0400000000000000e+02   5.1931500244140602e+02
   2.0409999999999999e+02   1.3420174598693800e+01
   2.0480000000000001e+02   4.8394203186035199e+01
   2.0500000000000000e+02   3.1421123504638700e+01
   2.0590000000000001e+02   1.0647718048095700e+02
   2.0600000000000000e+02   2.4354721069335901e+02
   2.0680000000000001e+02   2.6430240631103501e+01
   2.0700000000000000e+02   9.4868247985839801e+01
   2.0709999999999999e+02   8.7896804809570298e+01
   2.0790000000000001e+02   6.0602760314941399e+01
   2.0809999999999999e+02   1.5510582923889199e+01
   2.0890000000000001e+02   3.2464218139648402e+01
   2.1090000000000001e+02   3.9152553558349602e+01
   2.1190000000000001e+02   4.3339946746826200e+01
   2.1200000000000000e+02   6.1694355010986300e+01
   2.1290000000000001e+02   4.8996574401855497e+01
   2.1309999999999999e+02   1.5660051345825201e+01
   2.1369999999999999e+02   2.4498537063598601e+01
   2.1380000000000001e+02   1.0764132690429700e+02
   2.1400000000000000e+02   1.1344268035888700e+02
   2.1409999999999999e+02   1.9667364120483398e+01
   2.1480000000000001e+02   1.2706629943847700e+02
   2.1500000000000000e+02   7.4150588989257798e+01
   2.1509999999999999e+02   4.2661151885986300e+01
   2.1580000000000001e+02   2.8191923141479499e+01
   2.1590000000000001e+02   1.6895336914062500e+02
   2.1600000000000000e+02   2.4594210815429699e+02
   2.1680000000000001e+02   1.5388144493103001e+01
   2.1690000000000001e+02   9.0368560791015597e+01
   2.1709999999999999e+02   1.1627668380737299e+01
   2.1790000000000001e+02   1.0403933715820300e+02
   2.1900000000000000e+02   4.6373306274414098e+01
   2.1909999999999999e+02   1.2386747360229499e+01
   2.2000000000000000e+02   1.2819271087646500e+01
   2.2130000000000001e+02   1.3063394546508800e+01
   2.2200000000000000e+02   1.9030656814575199e+01
   2.2309999999999999e+02   2.0445333480835000e+01
   2.2400000000000000e+02   1.3367250442504901e+01
   2.2569999999999999e+02   1.8259447097778299e+01
   2.2590000000000001e+02   5.3510723114013700e+01
   2.2600000000000000e+02   4.4806678771972699e+01
   2.2680000000000001e+02   4.6175022125244098e+01
   2.2709999999999999e+02   5.0873359680175803e+01
   2.2780000000000001e+02   1.5780628204345700e+01
   2.2800000000000000e+02   2.8974658203125000e+02
   2.2809999999999999e+02   8.2697319030761705e+01
   2.2830000000000001e+02   1.3137527465820300e+01
   2.2900000000000000e+02   7.9741287231445298e+01
   2.2990000000000001e+02   1.8071784973144500e+02
   2.3009999999999999e+02   7.7705146789550795e+01
   2.3200000000000000e+02   4.5151981353759801e+01
   2.3290000000000001e+02   6.3926044464111300e+01
   2.3690000000000001e+02   7.5314170837402301e+01
   2.3790000000000001e+02   1.8272966384887699e+01
   2.3890000000000001e+02   1.5301725387573200e+01
   2.3900000000000000e+02   1.1779694557189901e+01
   2.3990000000000001e+02   1.0621315002441401e+02
   2.4009999999999999e+02   5.4875297546386697e+01
   2.4100000000000000e+02   3.3987785339355497e+01
   2.4200000000000000e+02   1.3970822143554699e+02
   2.4200000000000000e+02   4.3190544128417997e+01
   2.4300000000000000e+02   1.2260828971862800e+01
   2.4390000000000001e+02   3.4340816497802699e+01
   2.4409999999999999e+02   1.5177527427673301e+01
   2.5209999999999999e+02   1.2626658439636200e+01
   2.5380000000000001e+02   1.2694625854492200e+01
   2.5390000000000001e+02   1.7632672119140599e+02
   2.5409999999999999e+02   6.4511810302734403e+01
   2.5500000000000000e+02   1.6058851623535199e+02
   2.5509999999999999e+02   9.3632530212402301e+01
   2.5590000000000001e+02   2.5833677291870099e+01
   2.5600000000000000e+02   4.6108908081054699e+02
   2.5610000000000002e+02   2.0143009948730500e+02
   2.5689999999999998e+02   7.3894515991210895e+01
   2.5700000000000000e+02   1.6932673645019500e+02
   2.5719999999999999e+02   3.0976741790771499e+01
   2.5789999999999998e+02   1.2463407897949200e+02
   2.5800000000000000e+02   1.6556387329101599e+02
   2.5810000000000002e+02   7.6860916137695298e+01
   2.5900000000000000e+02   2.0616168975830099e+01
   2.5910000000000002e+02   3.8449138641357401e+01
   2.5989999999999998e+02   1.4621272087097200e+01
   2.6780000000000001e+02   1.4519446372985801e+01
   2.7000000000000000e+02   6.9510848999023395e+01
   2.7010000000000002e+02   7.7658409118652301e+01
   2.7019999999999999e+02   5.4770320892333999e+01
   2.7100000000000000e+02   1.9156919479370099e+01
   2.7210000000000002e+02   3.1370004653930700e+01
   2.8180000000000001e+02   2.6604738235473601e+01
   2.8200000000000000e+02   6.5198455810546903e+01
   2.8289999999999998e+02   3.6317337036132798e+01
   2.8300000000000000e+02   5.1051750183105497e+01
   2.8310000000000002e+02   4.2382209777832003e+01
   2.8400000000000000e+02   1.2792680664062500e+03
   2.8500000000000000e+02   1.7197573852539099e+02
   2.8510000000000002e+02   1.5255435180664099e+02
   2.8589999999999998e+02   2.7649020385742199e+02
   2.8600000000000000e+02   4.0169918823242199e+02
   2.8610000000000002e+02   1.0562194061279300e+02
   2.8689999999999998e+02   7.8500953674316406e+01
   2.8710000000000002e+02   8.9331832885742202e+01
   2.8780000000000001e+02   7.2354560852050795e+01
   2.8800000000000000e+02   2.7649465560913100e+01
   2.8810000000000002e+02   9.2782196044921903e+01
   2.8910000000000002e+02   1.2258985519409199e+01
   2.9580000000000001e+02   5.5633304595947301e+01
   2.9600000000000000e+02   4.0075920104980497e+01
   2.9619999999999999e+02   1.2816742897033700e+01
   2.9700000000000000e+02   1.3285538673400900e+01
   2.9800000000000000e+02   3.9062759399414098e+01
   2.9810000000000002e+02   3.1809421539306602e+01
   2.9900000000000000e+02   1.4360688209533700e+01
   2.9980000000000001e+02   1.4463358879089400e+01
   2.9989999999999998e+02   1.6707084655761701e+01
   3.0010000000000002e+02   2.7918029785156300e+01
   3.0900000000000000e+02   1.2413516235351599e+02
   3.0910000000000002e+02   1.2998385620117199e+02
   3.1000000000000000e+02   3.5914653778076200e+01
   3.1010000000000002e+02   1.6168354034423800e+01
   3.1089999999999998e+02   3.1768066406250000e+01
   3.1100000000000000e+02   1.4590733337402301e+02
   3.1110000000000002e+02   6.1135738372802699e+01
   3.1200000000000000e+02   1.2229933738708500e+01
   3.1219999999999999e+02   1.2456888198852500e+01
   3.1310000000000002e+02   6.4033821105957003e+01
   3.1510000000000002e+02   1.7761009216308601e+01
   3.2110000000000002e+02   1.6346452713012699e+01
   3.2310000000000002e+02   2.7926883697509801e+01
   3.2710000000000002e+02   2.0199334716796900e+03
   3.2789999999999998e+02   1.0812859344482401e+02
   3.2810000000000002e+02   3.4836822509765602e+02
   3.2900000000000000e+02   4.8019775390625000e+02
   3.2910000000000002e+02   8.6152429199218795e+02
   3.2980000000000001e+02   1.3140860557556200e+01
   3.2989999999999998e+02   3.7562206268310497e+01
   3.3000000000000000e+02   8.7715423583984403e+01
   3.3010000000000002e+02   3.7790603637695298e+01
   3.3030000000000001e+02   3.7032531738281300e+01
   3.3089999999999998e+02   5.7213474273681598e+01
   3.3100000000000000e+02   1.7154837036132801e+02
   3.3689999999999998e+02   1.1662489891052200e+01
   3.3800000000000000e+02   2.5311475753784201e+01
   3.4019999999999999e+02   1.4909353256225600e+01
   3.4100000000000000e+02   2.3291302490234401e+02
   3.4110000000000002e+02   4.9829425048828102e+02
   3.4210000000000002e+02   6.7981025695800795e+01
   3.4210000000000002e+02   7.4561569213867202e+01
   3.4289999999999998e+02   4.5198322296142599e+01
   3.4310000000000002e+02   4.3544299316406301e+02
   3.4410000000000002e+02   5.3721050262451200e+01
   3.4430000000000001e+02   1.4954717636108400e+01
   3.4510000000000002e+02   6.0745719909667997e+01
   3.5500000000000000e+02   4.0632882690429699e+02
   3.5519999999999999e+02   1.2532375488281300e+03
   3.5600000000000000e+02   6.5090286254882798e+01
   3.5610000000000002e+02   1.8831444091796900e+03
   3.5710000000000002e+02   1.5712590332031300e+03
   3.5819999999999999e+02   1.1157878417968800e+03
   3.5830000000000001e+02   6.2508121490478501e+01
   3.5889999999999998e+02   1.8308170318603501e+01
   3.5900000000000000e+02   1.9191671752929699e+02
   3.5910000000000002e+02   1.7220391845703099e+02
   3.5919999999999999e+02   2.4585130691528299e+01
   3.6000000000000000e+02   6.4951614379882798e+01
   3.6010000000000002e+02   1.5064724731445301e+02
   3.6100000000000000e+02   1.2258676528930700e+01
