   4.0100000000000001e+01   9.0749267578125000e+01
   4.1100000000000001e+01   2.5589272460937500e+03
   4.2000000000000000e+01   6.2757285156250000e+03
   4.3000000000000000e+01   9.8275329589843795e+02
   4.4000000000000000e+01   2.4245832519531300e+03
   4.9799999999999997e+01   3.7755008697509801e+01
   5.0000000000000000e+01   3.6369180297851602e+02
   5.1000000000000000e+01   1.2975585937500000e+03
   5.1799999999999997e+01   3.0312694549560501e+01
   5.2000000000000000e+01   2.0087988281250000e+02
   5.2100000000000001e+01   1.3085618591308599e+02
   5.2200000000000003e+01   1.0447671890258800e+01
   5.2899999999999999e+01   1.2218998908996600e+01
   5.3000000000000000e+01   3.5300424194335898e+02
   5.3100000000000001e+01   1.3419404602050801e+02
   5.3899999999999999e+01   1.6004749298095700e+01
   5.4000000000000000e+01   4.6142416381835898e+02
   5.5000000000000000e+01   4.2578384399414102e+02
   5.5000000000000000e+01   1.1246143798828100e+03
   5.6100000000000001e+01   1.1040100097656300e+03
   5.7000000000000000e+01   9.7991289062500000e+03
   5.7899999999999999e+01   1.0236122894287099e+02
   5.8100000000000001e+01   1.0277175292968800e+03
   5.8200000000000003e+01   1.3437443733215300e+01
   5.8899999999999999e+01   6.6013580322265597e+01
   5.9100000000000001e+01   6.1331378936767599e+01
   6.0799999999999997e+01   1.1087965965271000e+01
   6.1899999999999999e+01   6.9183914184570298e+01
   6.2000000000000000e+01   9.0342575073242202e+01
   6.2100000000000001e+01   2.5165721893310501e+01
   6.2799999999999997e+01   4.0899581909179702e+01
   6.3000000000000000e+01   5.4426525878906295e+02
   6.3100000000000001e+01   1.0636853027343800e+02
   6.4000000000000000e+01   3.7158905029296898e+02
   6.5000000000000000e+01   2.6128566894531300e+03
   6.5900000000000006e+01   3.7150973510742199e+02
   6.6099999999999994e+01   1.1588599395752000e+02
   6.6200000000000003e+01   2.4038114547729499e+01
   6.6900000000000006e+01   1.1810990905761700e+02
   6.7000000000000000e+01   7.3946917724609398e+02
   6.7900000000000006e+01   3.1900765991210898e+02
   6.8000000000000000e+01   9.3246325683593795e+02
   6.8200000000000003e+01   6.9483657836914105e+01
   6.8799999999999997e+01   1.0972744941711399e+01
   6.9000000000000000e+01   1.4421145629882801e+02
   6.9099999999999994e+01   1.1303970947265600e+03
   6.9200000000000003e+01   1.1281029701232899e+01
   7.0099999999999994e+01   1.3446778564453100e+03
   7.0900000000000006e+01   4.6299259185791001e+01
   7.1099999999999994e+01   2.3603573608398401e+02
   7.3000000000000000e+01   1.3992659568786600e+01
   7.3700000000000003e+01   9.8970603942871094e+00
   7.3900000000000006e+01   7.0152542114257798e+01
   7.4099999999999994e+01   1.0169119262695300e+02
   7.4799999999999997e+01   3.8472572326660199e+01
   7.4900000000000006e+01   7.9963546752929702e+01
   7.5099999999999994e+01   8.7869865417480497e+01
   7.5900000000000006e+01   1.5029862976074199e+02
   7.6099999999999994e+01   2.2953517150878901e+02
   7.6200000000000003e+01   8.5130516052246094e+01
   7.7000000000000000e+01   8.2060390625000000e+03
   7.8000000000000000e+01   1.7509649658203100e+03
   7.8200000000000003e+01   2.2984788894653299e+01
   7.9000000000000000e+01   2.7789199829101602e+02
   7.9000000000000000e+01   2.5352939453125000e+03
   7.9799999999999997e+01   2.0335216522216800e+01
   7.9900000000000006e+01   2.8854150390625000e+02
   8.0000000000000000e+01   2.3288449096679699e+02
   8.0200000000000003e+01   1.4759676933288601e+01
   8.0799999999999997e+01   1.1147049903869600e+01
   8.1000000000000000e+01   2.7877359008789102e+02
   8.1000000000000000e+01   5.2785388183593795e+02
   8.2000000000000000e+01   1.7109617614746099e+02
   8.2099999999999994e+01   9.0380053710937500e+02
   8.2299999999999997e+01   1.1100433349609400e+01
   8.2900000000000006e+01   1.2312444686889600e+01
   8.3000000000000000e+01   2.4820025634765599e+02
   8.3200000000000003e+01   5.9464828491210902e+01
   8.3700000000000003e+01   1.4632444381713899e+01
   8.4099999999999994e+01   1.2152473144531300e+03
   8.4099999999999994e+01   3.0704763793945301e+02
   8.4700000000000003e+01   1.2557162284851101e+01
   8.5000000000000000e+01   1.3747770690918000e+02
   8.7000000000000000e+01   1.0283355712890600e+01
   8.9000000000000000e+01   5.7990911865234398e+02
   8.9799999999999997e+01   1.1923022270202599e+01
   9.0000000000000000e+01   4.3306765747070301e+02
   9.0099999999999994e+01   8.1704872131347699e+01
   9.1000000000000000e+01   1.0929318359375000e+04
   9.2000000000000000e+01   1.3834393310546900e+03
   9.2099999999999994e+01   1.8363064575195301e+02
   9.3000000000000000e+01   3.2831591796875000e+03
   9.4000000000000000e+01   1.5385336914062500e+03
   9.4700000000000003e+01   1.1405444145202599e+01
   9.4900000000000006e+01   8.6163871765136705e+01
   9.5099999999999994e+01   2.6043313598632801e+02
   9.6000000000000000e+01   2.8587930297851602e+02
   9.6099999999999994e+01   9.3520855712890602e+02
   9.7000000000000000e+01   1.1831050872802700e+02
   9.7900000000000006e+01   1.6317756652832000e+02
   9.8099999999999994e+01   1.6404132080078099e+02
   9.9099999999999994e+01   1.2826749801635700e+01
   9.9200000000000003e+01   1.1086185455322299e+01
   1.0109999999999999e+02   5.5056785583496101e+01
   1.0190000000000001e+02   1.9276116943359401e+02
   1.0209999999999999e+02   1.6462036132812500e+02
   1.0300000000000000e+02   2.8565778808593800e+03
   1.0400000000000000e+02   4.2863339843750000e+03
   1.0509999999999999e+02   9.1823115234375000e+03
   1.0590000000000001e+02   2.4653455734252901e+01
   1.0600000000000000e+02   1.7311995849609400e+03
   1.0609999999999999e+02   1.4595173645019500e+02
   1.0690000000000001e+02   1.2952626037597699e+02
   1.0709999999999999e+02   2.3078343200683599e+02
   1.0720000000000000e+02   1.6422903060913100e+01
   1.0790000000000001e+02   7.0815528869628906e+01
   1.0800000000000000e+02   6.5591503906250000e+02
   1.0809999999999999e+02   5.1327106475830099e+01
   1.0890000000000001e+02   5.8733188629150398e+01
   1.0900000000000000e+02   4.7680313110351602e+02
   1.0920000000000000e+02   2.0131488800048800e+01
   1.1009999999999999e+02   3.9639814453125000e+03
   1.1100000000000000e+02   4.0726876831054699e+02
   1.1120000000000000e+02   1.1252171325683599e+02
   1.1200000000000000e+02   1.4188618469238301e+02
   1.1209999999999999e+02   1.7536262512207000e+02
   1.1309999999999999e+02   1.0996310234069799e+01
   1.1500000000000000e+02   4.7639404296875000e+02
   1.1570000000000000e+02   2.7115819931030298e+01
   1.1600000000000000e+02   9.8792304992675795e+01
   1.1609999999999999e+02   1.5577032470703099e+02
   1.1620000000000000e+02   3.4271274566650398e+01
   1.1709999999999999e+02   1.6831398925781300e+03
   1.1800000000000000e+02   3.2191159667968800e+03
   1.1890000000000001e+02   8.3663047790527301e+01
   1.1900000000000000e+02   7.7019555664062500e+02
   1.1909999999999999e+02   2.7216793823242199e+02
   1.1990000000000001e+02   3.2759838104247997e+01
   1.2000000000000000e+02   5.8664862060546898e+02
   1.2100000000000000e+02   6.2368652343750000e+01
   1.2200000000000000e+02   2.7825122833251999e+01
   1.2400000000000000e+02   1.0913664817810099e+01
   1.2490000000000001e+02   2.5391267776489300e+01
   1.2680000000000000e+02   1.0046439170837401e+01
   1.2700000000000000e+02   2.6970207214355501e+01
   1.2790000000000001e+02   1.0166804504394500e+02
   1.2809999999999999e+02   9.8866500854492202e+01
   1.2830000000000001e+02   2.1488794326782202e+01
   1.2880000000000001e+02   1.5927202224731399e+01
   1.2900000000000000e+02   1.7419169616699199e+02
   1.2919999999999999e+02   2.4853174209594702e+01
   1.3000000000000000e+02   2.1483669433593800e+03
   1.3009999999999999e+02   9.7623931884765602e+02
   1.3100000000000000e+02   6.2920886230468795e+02
   1.3109999999999999e+02   1.4223231201171900e+03
   1.3190000000000001e+02   2.7201498413085898e+02
   1.3209999999999999e+02   5.3883100585937500e+03
   1.3290000000000001e+02   4.8443725585937500e+01
   1.3300000000000000e+02   5.8134155273437500e+02
   1.3309999999999999e+02   4.9558038330078102e+02
   1.3390000000000001e+02   6.5703323364257798e+01
   1.3409999999999999e+02   5.2921929931640602e+02
   1.3419999999999999e+02   2.0490865707397500e+01
   1.3690000000000001e+02   1.1995887756347700e+02
   1.3709999999999999e+02   4.3237522125244098e+01
   1.4190000000000001e+02   1.8254991531372099e+01
   1.4219999999999999e+02   1.0317684173584000e+01
   1.4300000000000000e+02   2.0381632995605500e+02
   1.4319999999999999e+02   9.4541107177734403e+01
   1.4390000000000001e+02   2.7124965667724599e+01
   1.4400000000000000e+02   1.1316566162109400e+03
   1.4409999999999999e+02   3.6097940063476602e+02
   1.4509999999999999e+02   8.9374877929687500e+02
   1.4609999999999999e+02   1.4616191406250000e+03
   1.4680000000000001e+02   1.9360237121581999e+01
   1.4700000000000000e+02   8.9372596740722699e+01
   1.4709999999999999e+02   1.5858276367187500e+02
   1.4780000000000001e+02   2.9541059494018601e+01
   1.4800000000000000e+02   1.8426675415039099e+02
   1.4809999999999999e+02   1.1829930877685500e+02
   1.4880000000000001e+02   1.0632394790649400e+01
   1.4900000000000000e+02   1.1775766754150401e+02
   1.4909999999999999e+02   2.0972114562988301e+02
   1.4919999999999999e+02   1.1929564476013200e+01
   1.4990000000000001e+02   3.4468509674072301e+01
   1.5000000000000000e+02   1.0571044921875000e+02
   1.5009999999999999e+02   2.6663412094116200e+01
   1.5300000000000000e+02   1.0184309387207000e+02
   1.5309999999999999e+02   1.5082356262207000e+02
   1.5380000000000001e+02   1.0554891586303700e+01
   1.5400000000000000e+02   4.9773105621337898e+01
   1.5490000000000001e+02   8.8010692596435494e+00
   1.5509999999999999e+02   1.1111407279968301e+01
   1.5590000000000001e+02   8.1051887512207003e+01
   1.5609999999999999e+02   1.1599513244628901e+02
   1.5619999999999999e+02   1.9197803497314499e+01
   1.5690000000000001e+02   6.5856590270996094e+01
   1.5700000000000000e+02   3.5840003967285199e+01
   1.5790000000000001e+02   8.5738403320312500e+01
   1.5800000000000000e+02   3.4328616333007801e+02
   1.5819999999999999e+02   2.1950608825683599e+02
   1.5880000000000001e+02   3.8234580993652301e+01
   1.5900000000000000e+02   2.5406648254394500e+02
   1.5909999999999999e+02   7.3950701904296898e+02
   1.6000000000000000e+02   1.9466374206543000e+02
   1.6009999999999999e+02   1.5273650390625000e+04
   1.6090000000000001e+02   3.6451522827148402e+01
   1.6109999999999999e+02   1.8413500976562500e+03
   1.6119999999999999e+02   1.4680253028869600e+01
   1.6190000000000001e+02   7.5199920654296903e+01
   1.6200000000000000e+02   1.5545703125000000e+02
   1.6219999999999999e+02   1.4156498908996600e+01
   1.6790000000000001e+02   2.2391504287719702e+01
   1.6990000000000001e+02   5.8176895141601598e+01
   1.7000000000000000e+02   1.0044910430908200e+02
   1.7019999999999999e+02   1.3476244926452599e+01
   1.7059999999999999e+02   1.2127511978149400e+01
   1.7109999999999999e+02   6.3643020629882798e+01
   1.7140000000000001e+02   2.1785251617431602e+01
   1.7200000000000000e+02   1.3078334045410199e+02
   1.7209999999999999e+02   1.5213293457031300e+03
   1.7300000000000000e+02   1.3126625061035199e+02
   1.7309999999999999e+02   2.4307987976074199e+02
   1.7400000000000000e+02   2.6895736694335898e+02
   1.7409999999999999e+02   6.9214862060546898e+02
   1.7490000000000001e+02   4.1403530120849602e+01
   1.7500000000000000e+02   3.6045719146728501e+01
   1.7519999999999999e+02   1.0690751075744600e+01
   1.8390000000000001e+02   8.9656784057617202e+01
   1.8409999999999999e+02   8.2507728576660199e+01
   1.8419999999999999e+02   9.0813552856445298e+01
   1.8430000000000001e+02   1.0755296707153301e+01
   1.8500000000000000e+02   2.2300933837890600e+01
   1.8509999999999999e+02   3.8320339202880902e+01
   1.8590000000000001e+02   7.4035163879394503e+01
   1.8600000000000000e+02   8.6822868347167997e+01
   1.8609999999999999e+02   1.2907489013671901e+02
   1.8680000000000001e+02   1.2952633857727101e+01
   1.8700000000000000e+02   1.2358524322509800e+02
   1.8709999999999999e+02   5.2767318725585902e+01
   1.9500000000000000e+02   1.1700283050537100e+01
   1.9609999999999999e+02   4.1300319671630902e+01
   1.9809999999999999e+02   6.6810314941406295e+02
   1.9900000000000000e+02   4.2823940277099602e+01
   1.9909999999999999e+02   3.4323709106445301e+02
   1.9990000000000001e+02   1.3759994506835900e+01
   2.0009999999999999e+02   3.7505642700195301e+02
   2.0019999999999999e+02   6.0636926269531295e+02
   2.0100000000000000e+02   7.4297271728515597e+01
   2.0109999999999999e+02   5.3296258544921898e+02
   2.0119999999999999e+02   2.3127880859375000e+02
   2.0200000000000000e+02   6.1129022216796898e+02
   2.0209999999999999e+02   7.6144891357421898e+02
   2.0309999999999999e+02   9.2183251953125000e+03
   2.0409999999999999e+02   1.3986561279296900e+03
   2.0490000000000001e+02   1.4592827796936000e+01
   2.1100000000000000e+02   4.9931402206420898e+00
   2.1390000000000001e+02   1.4109363555908200e+01
   2.1450000000000000e+02   1.7459270477294901e+01
   2.1469999999999999e+02   4.0341869354247997e+01
   2.1490000000000001e+02   2.6009925842285199e+01
   2.1500000000000000e+02   2.2936431884765599e+02
   2.1609999999999999e+02   7.4415947265625000e+03
   2.1690000000000001e+02   1.9861654281616200e+01
   2.1709999999999999e+02   1.2250280761718800e+03
   2.1790000000000001e+02   4.4662273406982401e+01
   2.1819999999999999e+02   4.4658226013183601e+01
   2.1890000000000001e+02   1.2721652984619100e+01
   2.2990000000000001e+02   1.7471784591674801e+01
   2.3009999999999999e+02   6.7446617126464801e+01
   2.3290000000000001e+02   4.7690502166747997e+01
   2.3300000000000000e+02   3.1228837966918901e+00
   2.3690000000000001e+02   1.6356225967407202e+01
   2.4100000000000000e+02   2.9147594451904300e+01
   2.4119999999999999e+02   4.0828201293945298e+01
   2.4309999999999999e+02   2.9080677032470700e+01
   2.5700000000000000e+02   3.6564640045166001e+01
   2.5710000000000002e+02   7.4130760192871094e+01
   2.5750000000000000e+02   1.6255931854248001e+01
   2.5800000000000000e+02   1.0133152008056599e+02
   2.5819999999999999e+02   1.2439621734619099e+02
   2.5919999999999999e+02   2.8963304687500000e+04
   2.6019999999999999e+02   3.6757666015625000e+03
   2.6019999999999999e+02   1.5477766113281300e+03
   2.6100000000000000e+02   5.0419742584228501e+01
   2.6110000000000002e+02   3.7366094970703102e+02
   2.6130000000000001e+02   5.5601448059082003e+01
   2.9289999999999998e+02   1.3551516532897899e+01
   2.9310000000000002e+02   6.2985580444335902e+01
   2.9419999999999999e+02   1.1249377250671399e+01
   3.4810000000000002e+02   1.4050489425659199e+01
   3.4830000000000001e+02   3.0311128616333001e+01
   3.4900000000000000e+02   1.2911733627319300e+01
   3.5100000000000000e+02   2.0218610763549801e+01
