   4.0100000000000001e+01   8.3442703247070298e+01
   4.1100000000000001e+01   3.2077871093750000e+03
   4.2000000000000000e+01   1.9910417480468800e+03
   4.3000000000000000e+01   3.0560906982421898e+02
   4.3100000000000001e+01   1.1997121429443401e+02
   4.4000000000000000e+01   3.9790747070312500e+02
   4.4100000000000001e+01   1.9194198608398401e+02
   4.9899999999999999e+01   4.9950202941894503e+01
   5.0100000000000001e+01   8.6700302124023395e+01
   5.0899999999999999e+01   1.4899121093750000e+02
   5.1000000000000000e+01   4.3070394897460898e+02
   5.2000000000000000e+01   1.0818196868896500e+02
   5.2100000000000001e+01   5.6076759338378899e+01
   5.2899999999999999e+01   1.3612234497070301e+02
   5.3000000000000000e+01   2.4383752441406301e+02
   5.3899999999999999e+01   1.1081986236572300e+02
   5.4000000000000000e+01   1.4009634399414099e+02
   5.4899999999999999e+01   6.1767089843750000e+01
   5.5000000000000000e+01   7.5901037597656295e+02
   5.5100000000000001e+01   7.9925125122070298e+01
   5.6000000000000000e+01   3.6484353637695301e+02
   5.6100000000000001e+01   2.9193426132202099e+01
   5.6899999999999999e+01   8.8739099502563494e+00
   5.7000000000000000e+01   1.6390856933593801e+02
   5.7100000000000001e+01   1.2513691711425800e+02
   5.8100000000000001e+01   1.1105305671691900e+01
   5.8799999999999997e+01   8.3646450042724592e+00
   5.8899999999999999e+01   6.0169589996337898e+01
   6.1899999999999999e+01   1.7455688476562500e+01
   6.2000000000000000e+01   9.2515020370483398e+00
   6.2799999999999997e+01   2.5038873672485401e+01
   6.2899999999999999e+01   1.1434477233886700e+02
   6.3000000000000000e+01   1.2608738708496099e+02
   6.3899999999999999e+01   8.0243431091308594e+01
   6.4099999999999994e+01   3.1838079452514599e+01
   6.4900000000000006e+01   7.7717370986938503e+00
   6.5000000000000000e+01   1.0438852539062500e+03
   6.5200000000000003e+01   1.6148159027099599e+01
   6.6000000000000000e+01   2.4340274047851599e+02
   6.6099999999999994e+01   5.6219051361083999e+01
   6.7000000000000000e+01   3.7615106201171898e+02
   6.7000000000000000e+01   7.6996276855468795e+02
   6.7799999999999997e+01   2.6918542861938501e+01
   6.8099999999999994e+01   8.2113818359375000e+02
   6.8299999999999997e+01   1.8864498138427699e+01
   6.9099999999999994e+01   1.1381232421875000e+04
   7.0000000000000000e+01   2.8698156738281301e+02
   7.0099999999999994e+01   1.2057900390625000e+03
   7.0799999999999997e+01   2.0106153488159201e+01
   7.1000000000000000e+01   4.0936653137207003e+01
   7.2799999999999997e+01   8.2809448242187500e+00
   7.2900000000000006e+01   3.0922649383544901e+01
   7.3099999999999994e+01   1.8088111877441400e+00
   7.3900000000000006e+01   2.0761943817138700e+01
   7.4900000000000006e+01   5.3942943572997997e+01
   7.5099999999999994e+01   1.7714450836181602e+01
   7.5799999999999997e+01   9.8769960403442401e+00
   7.6000000000000000e+01   1.2618548583984401e+02
   7.6099999999999994e+01   1.0283383369445801e+01
   7.7000000000000000e+01   2.9351838378906300e+03
   7.7900000000000006e+01   8.8763290405273395e+01
   7.8000000000000000e+01   6.0068646240234398e+02
   7.8900000000000006e+01   3.8442222595214801e+01
   7.9000000000000000e+01   3.4412408447265602e+02
   7.9099999999999994e+01   6.8019097900390602e+02
   7.9799999999999997e+01   1.2332283973693800e+01
   8.0000000000000000e+01   2.0657662963867199e+02
   8.0200000000000003e+01   4.3628486633300803e+01
   8.0900000000000006e+01   1.7003324890136699e+02
   8.1099999999999994e+01   4.5533390045166001e+01
   8.1799999999999997e+01   1.9631059646606399e+01
   8.2000000000000000e+01   2.5257908630371099e+02
   8.2099999999999994e+01   2.3037606811523401e+02
   8.2900000000000006e+01   6.1546775817871101e+01
   8.3000000000000000e+01   4.9540618896484403e+01
   8.3099999999999994e+01   1.5186902999877899e+01
   8.3200000000000003e+01   1.8734279632568398e+01
   8.3900000000000006e+01   7.1009750366210895e+01
   8.4099999999999994e+01   2.5089855957031301e+02
   8.4900000000000006e+01   1.0810197830200201e+01
   8.9000000000000000e+01   1.8550476074218801e+02
   8.9200000000000003e+01   9.6918268203735405e+00
   8.9900000000000006e+01   8.0669927597045898e+00
   9.0000000000000000e+01   9.9435043334960895e+01
   9.0200000000000003e+01   5.0030174255371101e+01
   9.1000000000000000e+01   4.6423257446289102e+02
   9.1000000000000000e+01   2.9711889648437500e+03
   9.1900000000000006e+01   1.0856939315795900e+01
   9.2000000000000000e+01   4.6268499755859398e+02
   9.2099999999999994e+01   1.1995660400390599e+02
   9.2299999999999997e+01   1.9072183609008800e+01
   9.3000000000000000e+01   1.6561289062500000e+03
   9.3900000000000006e+01   6.4097770690917997e+01
   9.4000000000000000e+01   7.1910858154296898e+02
   9.4900000000000006e+01   2.3623884201049801e+01
   9.5099999999999994e+01   4.4930117797851602e+02
   9.6099999999999994e+01   2.4437517089843800e+03
   9.7000000000000000e+01   7.9645391845703102e+02
   9.7099999999999994e+01   6.1096697998046898e+02
   9.7900000000000006e+01   2.0467391967773398e+01
   9.8000000000000000e+01   2.1931140136718801e+02
   9.8200000000000003e+01   8.8365806579589801e+01
   1.0100000000000000e+02   1.0019443511962900e+01
   1.0190000000000001e+02   1.1085630416870099e+01
   1.0200000000000000e+02   8.3883644104003906e+01
   1.0209999999999999e+02   7.8026185035705602e+00
   1.0280000000000000e+02   1.7485939025878899e+01
   1.0300000000000000e+02   6.3891729736328102e+02
   1.0309999999999999e+02   3.7780017089843801e+02
   1.0400000000000000e+02   1.6626719970703100e+03
   1.0420000000000000e+02   3.3825050354003899e+01
   1.0500000000000000e+02   4.0009550781250000e+03
   1.0520000000000000e+02   7.9655815124511705e+01
   1.0600000000000000e+02   3.1945819091796898e+02
   1.0609999999999999e+02   3.4028195190429699e+02
   1.0690000000000001e+02   7.6718683242797896e+00
   1.0790000000000001e+02   2.5035556793212901e+01
   1.0809999999999999e+02   9.3103933334350604e+00
   1.0870000000000000e+02   9.7796077728271502e+00
   1.0909999999999999e+02   9.3278131484985405e+00
   1.1090000000000001e+02   7.5356664657592800e+00
   1.1500000000000000e+02   1.5210113525390599e+02
   1.1509999999999999e+02   1.2182158470153800e+01
   1.1580000000000000e+02   2.7617828369140600e+01
   1.1600000000000000e+02   5.7716510772705099e+01
   1.1609999999999999e+02   1.8980550765991200e+01
   1.1630000000000000e+02   1.0631120681762701e+01
   1.1690000000000001e+02   2.6886578369140602e+02
   1.1700000000000000e+02   3.8793490600585898e+02
   1.1720000000000000e+02   1.3530476570129400e+01
   1.1780000000000000e+02   1.3001368522644000e+01
   1.1790000000000001e+02   1.1668414306640599e+02
   1.1800000000000000e+02   1.0586416015625000e+03
   1.1820000000000000e+02   1.5170076370239300e+01
   1.1880000000000000e+02   2.7299688339233398e+01
   1.1900000000000000e+02   3.2208108520507801e+02
   1.1909999999999999e+02   7.3641906738281307e+01
   1.1990000000000001e+02   9.7682411193847699e+01
   1.2000000000000000e+02   7.0977577209472699e+01
   1.2009999999999999e+02   4.9056144714355497e+01
   1.2190000000000001e+02   2.0102939605712901e+01
   1.2220000000000000e+02   9.0229816436767596e+00
   1.2780000000000000e+02   1.7325744628906300e+01
   1.2800000000000000e+02   6.8319412231445298e+01
   1.2890000000000001e+02   5.7237224578857401e+01
   1.2900000000000000e+02   6.0860424041747997e+01
   1.2930000000000001e+02   8.9639606475830096e+00
   1.3000000000000000e+02   1.5287623291015600e+03
   1.3009999999999999e+02   1.2255198669433599e+02
   1.3090000000000001e+02   2.2237753295898401e+02
   1.3100000000000000e+02   7.7763342285156295e+02
   1.3119999999999999e+02   4.9151981353759801e+01
   1.3190000000000001e+02   5.9891052246093800e+01
   1.3209999999999999e+02   1.7160103759765600e+03
   1.3219999999999999e+02   1.0310950279235801e+01
   1.3280000000000001e+02   4.7982006072997997e+01
   1.3300000000000000e+02   8.7241561889648395e+01
   1.3309999999999999e+02   1.9259521484375000e+02
   1.3319999999999999e+02   2.1905673980712901e+01
   1.3380000000000001e+02   3.0448724746704102e+01
   1.3400000000000000e+02   1.5037370300293000e+02
   1.3680000000000001e+02   3.2758995056152301e+01
   1.3700000000000000e+02   6.3769554138183601e+01
   1.3800000000000000e+02   6.3907127380371103e+00
   1.3869999999999999e+02   1.9964885711669901e+01
   1.3900000000000000e+02   1.7522962951660199e+02
   1.3909999999999999e+02   2.7963916778564499e+01
   1.4080000000000001e+02   9.3552188873290998e+00
   1.4100000000000000e+02   8.8230276107788104e+00
   1.4109999999999999e+02   8.3952856063842791e+00
   1.4209999999999999e+02   2.2437923431396499e+01
   1.4300000000000000e+02   4.0833770751953097e+01
   1.4309999999999999e+02   1.6431437683105500e+02
   1.4390000000000001e+02   6.1373096466064503e+01
   1.4400000000000000e+02   2.3701846313476599e+02
   1.4409999999999999e+02   8.6326164245605497e+01
   1.4490000000000001e+02   1.9474519729614300e+01
   1.4500000000000000e+02   2.2602722167968801e+02
   1.4519999999999999e+02   3.8823303222656300e+01
   1.4530000000000001e+02   3.9778961181640597e+01
   1.4609999999999999e+02   5.1809370117187500e+03
   1.4700000000000000e+02   2.5833496093750000e+02
   1.4709999999999999e+02   3.8750457763671898e+02
   1.4790000000000001e+02   4.8690879821777301e+01
   1.4809999999999999e+02   1.3612696838378901e+02
   1.5509999999999999e+02   7.3559265136718803e+00
   1.5600000000000000e+02   5.2628002166747997e+01
   1.5609999999999999e+02   2.7273870468139599e+01
   1.5690000000000001e+02   8.4039516448974592e+00
   1.5800000000000000e+02   2.3957405090332000e+02
   1.5819999999999999e+02   2.7294979095458999e+01
   1.5890000000000001e+02   1.2613825988769500e+02
   1.5909999999999999e+02   2.1901977539062500e+02
   1.5990000000000001e+02   5.7993507385253899e+01
   1.6000000000000000e+02   3.0646618652343801e+02
   1.6009999999999999e+02   2.2291479492187500e+02
   1.6090000000000001e+02   8.2271366119384801e+00
   1.6109999999999999e+02   4.4568321228027301e+01
   1.6200000000000000e+02   1.1502408027648899e+01
   1.6709999999999999e+02   1.0200315475463899e+01
   1.6990000000000001e+02   3.7361148834228501e+01
   1.7000000000000000e+02   1.2568565368652300e+02
   1.7009999999999999e+02   3.9896354675292997e+01
   1.7100000000000000e+02   3.0085983276367202e+01
   1.7119999999999999e+02   1.5605227470397899e+01
   1.7200000000000000e+02   2.4231531143188501e+01
   1.7209999999999999e+02   6.1338897705078097e+01
   1.7290000000000001e+02   1.8195999145507798e+01
   1.7300000000000000e+02   1.1527817535400401e+02
   1.7319999999999999e+02   2.0059642791748001e+01
   1.7400000000000000e+02   1.9629653930664102e+01
   1.8190000000000001e+02   8.0488328933715803e+00
   1.8200000000000000e+02   9.2617559432983398e+00
   1.8219999999999999e+02   1.0649953842163100e+01
   1.8390000000000001e+02   1.2648962020874000e+01
   1.8400000000000000e+02   8.5077224731445298e+01
   1.8409999999999999e+02   2.9617446899414102e+02
   1.8469999999999999e+02   1.1289782524108899e+01
   1.8490000000000001e+02   3.6620044708252003e+01
   1.8509999999999999e+02   1.7148770141601599e+02
   1.8519999999999999e+02   1.2335632324218800e+01
   1.8600000000000000e+02   4.6234855651855497e+01
   1.8609999999999999e+02   5.7813507080078102e+02
   1.8700000000000000e+02   1.9414198303222699e+02
   1.8709999999999999e+02   3.9332147216796898e+02
   1.8719999999999999e+02   2.3717662811279300e+01
   1.8800000000000000e+02   1.4176745605468801e+02
   1.8809999999999999e+02   1.0602302246093800e+03
   1.8909999999999999e+02   6.0923969726562500e+03
   1.9000000000000000e+02   4.6924960327148398e+02
   1.9009999999999999e+02   4.4276773071289102e+02
   1.9019999999999999e+02   1.0271907806396500e+01
   1.9080000000000001e+02   9.3270406723022496e+00
   1.9100000000000000e+02   8.8250741958618200e+00
   1.9119999999999999e+02   9.5334396362304705e+00
   2.0009999999999999e+02   7.7515668869018599e+00
   2.0690000000000001e+02   2.0031175613403298e+00
   2.1100000000000000e+02   3.8660346984863303e+01
   2.1469999999999999e+02   5.7818174362182599e+00
   2.1480000000000001e+02   6.4925872802734403e+01
   2.1490000000000001e+02   1.3436782836914100e+01
   2.1600000000000000e+02   7.1879510879516602e+00
   2.1709999999999999e+02   7.7180776596069300e+00
   2.1890000000000001e+02   1.4768722534179700e+01
   2.3100000000000000e+02   7.7503824234008798e+00
   2.3119999999999999e+02   1.4568130493164100e+01
   2.3269999999999999e+02   1.7738119125366200e+01
   2.3280000000000001e+02   1.8135147094726602e+01
   2.3300000000000000e+02   3.1238517761230501e+01
   2.3309999999999999e+02   3.1245861053466801e+00
   2.3319999999999999e+02   5.9596118927001998e+00
   2.3680000000000001e+02   3.2640090942382798e+01
   2.3700000000000000e+02   2.8790496826171900e+01
   2.4200000000000000e+02   4.2710903167724602e+01
   2.4209999999999999e+02   1.4464598083496099e+02
   2.5630000000000001e+02   8.6811075210571307e+00
   2.7900000000000000e+02   2.1110469818115199e+01
   2.8519999999999999e+02   1.1612260742187500e+04
   2.8610000000000002e+02   1.0260998535156300e+03
   2.8619999999999999e+02   1.4871857910156300e+03
   2.8700000000000000e+02   1.1441658020019499e+01
   2.8719999999999999e+02   2.2783442687988301e+02
   2.8900000000000000e+02   7.8124327659606898e+00
   2.8930000000000001e+02   7.8535447120666504e+00
   3.7419999999999999e+02   1.0880327224731399e+01
   3.7430000000000001e+02   1.2815505981445300e+01
