   4.0100000000000001e+01   3.9746044921875000e+02
   4.1100000000000001e+01   1.0650654296875000e+04
   4.2100000000000001e+01   1.6177584960937500e+04
   4.3100000000000001e+01   2.5637466796875000e+04
   4.4100000000000001e+01   8.4849667968750000e+03
   4.5000000000000000e+01   2.1326980590820301e+02
   4.5200000000000003e+01   1.2131391525268601e+01
   4.8899999999999999e+01   1.1990119934081999e+01
   5.0000000000000000e+01   4.5370358276367199e+02
   5.0100000000000001e+01   2.4930888366699199e+02
   5.1000000000000000e+01   2.5668806152343800e+03
   5.1899999999999999e+01   1.8807046508789099e+02
   5.2100000000000001e+01   5.4453216552734398e+02
   5.2899999999999999e+01   7.3157661437988295e+01
   5.3000000000000000e+01   7.7725738525390602e+02
   5.3100000000000001e+01   1.7970046997070301e+02
   5.4000000000000000e+01   1.4453242187500000e+03
   5.4200000000000003e+01   1.0693900108337401e+01
   5.5000000000000000e+01   3.7914833984375000e+03
   5.6000000000000000e+01   8.0197113037109398e+02
   5.6100000000000001e+01   1.9108750000000000e+03
   5.7100000000000001e+01   2.1805793457031300e+03
   5.7899999999999999e+01   1.5192140197753901e+02
   5.8100000000000001e+01   1.3835543823242199e+02
   5.8799999999999997e+01   3.7501770019531300e+01
   5.9000000000000000e+01   1.8555970764160199e+02
   6.0799999999999997e+01   2.2803585052490199e+01
   6.0899999999999999e+01   5.5207458496093800e+01
   6.1799999999999997e+01   1.0473989486694300e+01
   6.2000000000000000e+01   1.4438746643066401e+02
   6.2100000000000001e+01   7.5295272827148395e+01
   6.2899999999999999e+01   5.1072963714599602e+01
   6.3000000000000000e+01   1.3520649414062500e+03
   6.4000000000000000e+01   6.9596612548828102e+02
   6.4099999999999994e+01   6.4926315307617202e+01
   6.5000000000000000e+01   5.8476127929687500e+03
   6.5900000000000006e+01   2.3949941635131800e+01
   6.6000000000000000e+01   1.0318532714843800e+03
   6.6900000000000006e+01   2.6743129730224599e+01
   6.7000000000000000e+01   2.4134335937500000e+03
   6.8099999999999994e+01   3.6007238769531300e+03
   6.9000000000000000e+01   3.7463598632812500e+03
   7.0099999999999994e+01   6.2281401367187500e+03
   7.1099999999999994e+01   1.4424426757812500e+04
   7.2000000000000000e+01   7.8697113037109398e+02
   7.2799999999999997e+01   5.4201797485351598e+01
   7.2900000000000006e+01   3.6558853149414098e+01
   7.3799999999999997e+01   6.9133872985839801e+01
   7.3799999999999997e+01   3.5058605194091797e+01
   7.4000000000000000e+01   5.6472446441650398e+01
   7.4099999999999994e+01   8.3401039123535199e+01
   7.4700000000000003e+01   1.9147695541381800e+01
   7.5000000000000000e+01   1.8199101257324199e+02
   7.5099999999999994e+01   1.7978550720214801e+02
   7.5900000000000006e+01   2.4734910583496099e+02
   7.6099999999999994e+01   2.7378863525390602e+02
   7.6200000000000003e+01   3.2066726684570301e+02
   7.7000000000000000e+01   1.8456275390625000e+04
   7.8000000000000000e+01   3.8564360351562500e+03
   7.9000000000000000e+01   6.2593774414062500e+03
   8.0000000000000000e+01   1.3124678955078100e+03
   8.0900000000000006e+01   8.8426902770996094e+01
   8.1000000000000000e+01   1.2911328125000000e+02
   8.1099999999999994e+01   4.4935186767578102e+02
   8.2099999999999994e+01   2.9025637207031300e+03
   8.2900000000000006e+01   4.6795345306396499e+01
   8.3000000000000000e+01   5.6282226562500000e+02
   8.3099999999999994e+01   1.2850221252441401e+02
   8.4000000000000000e+01   1.1863819580078100e+03
   8.4099999999999994e+01   2.0947607421875000e+02
   8.5000000000000000e+01   1.1079068756103500e+02
   8.5099999999999994e+01   2.3243246078491200e+01
   8.5200000000000003e+01   2.9763475418090799e+01
   8.6000000000000000e+01   1.3036784172058100e+01
   8.6799999999999997e+01   4.2474700927734403e+01
   8.7099999999999994e+01   2.7385759353637699e+01
   8.9000000000000000e+01   4.0232144165039102e+02
   8.9000000000000000e+01   8.8855804443359398e+02
   8.9799999999999997e+01   1.3609403610229499e+01
   9.0000000000000000e+01   1.1174566650390599e+02
   9.0099999999999994e+01   9.7792297363281295e+02
   9.1099999999999994e+01   2.6482031250000000e+04
   9.2000000000000000e+01   3.6060180664062500e+03
   9.3099999999999994e+01   6.1591699218750000e+03
   9.4099999999999994e+01   3.8998735351562500e+03
   9.5000000000000000e+01   1.7523632812500000e+02
   9.5099999999999994e+01   2.2394116210937500e+03
   9.6099999999999994e+01   1.3766647460937500e+04
   9.7099999999999994e+01   2.3229536132812500e+03
   9.8000000000000000e+01   3.2982913208007801e+02
   9.8099999999999994e+01   4.3835006713867199e+02
   9.9000000000000000e+01   2.6254676818847699e+01
   9.9900000000000006e+01   1.4290389060974100e+01
   1.0000000000000000e+02   6.8699104309082003e+01
   1.0070000000000000e+02   1.1020547866821300e+01
   1.0100000000000000e+02   9.4146430969238295e+01
   1.0109999999999999e+02   7.4236724853515597e+01
   1.0120000000000000e+02   3.4878067016601598e+01
   1.0180000000000000e+02   2.8911506652831999e+01
   1.0200000000000000e+02   3.7916152954101602e+02
   1.0209999999999999e+02   3.2183297729492199e+02
   1.0300000000000000e+02   6.2133403320312500e+03
   1.0409999999999999e+02   9.6471191406250000e+03
   1.0509999999999999e+02   2.3731208984375000e+04
   1.0609999999999999e+02   4.1582661132812500e+03
   1.0700000000000000e+02   2.4698013305664099e+02
   1.0709999999999999e+02   1.9441149902343801e+02
   1.0720000000000000e+02   2.0585510253906300e+01
   1.0780000000000000e+02   2.6549400329589801e+01
   1.0790000000000001e+02   5.5805671691894503e+01
   1.0809999999999999e+02   1.7541806030273401e+02
   1.0830000000000000e+02   1.5937741279602101e+01
   1.0900000000000000e+02   1.1149381256103500e+02
   1.0909999999999999e+02   3.9413246154785199e+01
   1.0990000000000001e+02   5.0623146057128899e+01
   1.1009999999999999e+02   7.5549247741699205e+01
   1.1090000000000001e+02   3.2459529876708999e+01
   1.1100000000000000e+02   1.4497656250000000e+02
   1.1130000000000000e+02   2.8552845001220700e+01
   1.1190000000000001e+02   1.2844760894775400e+01
   1.1200000000000000e+02   2.8300155639648398e+01
   1.1290000000000001e+02   5.8990539550781300e+01
   1.1309999999999999e+02   3.7642704010009801e+01
   1.1390000000000001e+02   1.8860074996948200e+01
   1.1400000000000000e+02   2.4638389587402301e+01
   1.1409999999999999e+02   9.6907644271850604e+00
   1.1490000000000001e+02   3.8545623779296898e+02
   1.1509999999999999e+02   6.6168218994140602e+02
   1.1600000000000000e+02   5.5814672851562500e+02
   1.1620000000000000e+02   6.7385093688964801e+01
   1.1700000000000000e+02   4.0042309570312500e+03
   1.1800000000000000e+02   8.7712861328125000e+03
   1.1890000000000001e+02   9.7002777099609403e+01
   1.1900000000000000e+02   3.1856887207031300e+03
   1.1990000000000001e+02   1.5253100395202599e+01
   1.2000000000000000e+02   2.7895907592773398e+02
   1.2000000000000000e+02   1.2002869873046900e+03
   1.2100000000000000e+02   5.7912597656250000e+01
   1.2109999999999999e+02   1.9548021316528299e+01
   1.2309999999999999e+02   2.4020454406738299e+01
   1.2700000000000000e+02   5.3919906616210902e+01
   1.2709999999999999e+02   2.7144241333007798e+01
   1.2790000000000001e+02   7.2452545166015597e+01
   1.2809999999999999e+02   3.5071459960937500e+02
   1.2900000000000000e+02   1.3776010131835901e+02
   1.2909999999999999e+02   3.1711700439453102e+02
   1.2919999999999999e+02   6.0067672729492202e+01
   1.3009999999999999e+02   1.0631540039062500e+04
   1.3109999999999999e+02   6.2834951171875000e+03
   1.3209999999999999e+02   1.2375958984375000e+04
   1.3300000000000000e+02   4.7723156738281301e+02
   1.3309999999999999e+02   1.5272114257812500e+03
   1.3319999999999999e+02   3.9847351074218800e+01
   1.3400000000000000e+02   7.9972892761230497e+01
   1.3409999999999999e+02   1.0634871826171900e+03
   1.3500000000000000e+02   9.8953155517578097e+01
   1.3509999999999999e+02   9.5332328796386705e+01
   1.3700000000000000e+02   3.0989166259765602e+02
   1.3809999999999999e+02   1.1487220764160201e+01
   1.3900000000000000e+02   1.2505085449218800e+03
   1.3919999999999999e+02   8.4302055358886705e+01
   1.3990000000000001e+02   2.9261116027831999e+01
   1.4009999999999999e+02   8.5415420532226605e+01
   1.4059999999999999e+02   1.0202078819274901e+01
   1.4090000000000001e+02   4.8335624694824197e+01
   1.4100000000000000e+02   1.1191776275634800e+02
   1.4109999999999999e+02   9.8686828613281303e+00
   1.4200000000000000e+02   5.3133636474609403e+01
   1.4209999999999999e+02   5.8991264343261697e+01
   1.4240000000000001e+02   1.1247817039489700e+01
   1.4290000000000001e+02   1.4718215942382801e+02
   1.4309999999999999e+02   4.3789718627929699e+02
   1.4390000000000001e+02   7.6976127624511705e+01
   1.4409999999999999e+02   1.9484080810546900e+03
   1.4490000000000001e+02   5.0578216552734403e+01
   1.4509999999999999e+02   9.0116662597656295e+02
   1.4519999999999999e+02   9.6780218505859398e+02
   1.4609999999999999e+02   4.8399851562500000e+04
   1.4709999999999999e+02   5.4595332031250000e+03
   1.4790000000000001e+02   4.9406505584716797e+01
   1.4800000000000000e+02   8.9217254638671898e+02
   1.4819999999999999e+02   5.6395843505859403e+01
   1.4900000000000000e+02   3.3972938537597699e+01
   1.4909999999999999e+02   9.9594984054565394e+00
   1.5300000000000000e+02   1.4312952041626000e+01
   1.5400000000000000e+02   7.2742744445800795e+01
   1.5409999999999999e+02   1.2964711189270000e+01
   1.5480000000000001e+02   1.3948952674865700e+01
   1.5490000000000001e+02   4.7887432098388700e+01
   1.5509999999999999e+02   2.7661203384399400e+01
   1.5590000000000001e+02   4.0640239715576200e+01
   1.5600000000000000e+02   1.8389451599121099e+02
   1.5609999999999999e+02   1.9168676757812500e+02
   1.5680000000000001e+02   1.3504662513732899e+01
   1.5700000000000000e+02   8.2860534667968807e+01
   1.5709999999999999e+02   2.4851121520996099e+02
   1.5790000000000001e+02   2.4280277252197301e+01
   1.5809999999999999e+02   2.2746660156250000e+03
   1.5819999999999999e+02   4.9763053894042997e+01
   1.5900000000000000e+02   6.1513842773437500e+02
   1.5909999999999999e+02   9.0157702636718795e+02
   1.6000000000000000e+02   2.0724678039550801e+02
   1.6009999999999999e+02   2.5359111328125000e+03
   1.6100000000000000e+02   4.0304953002929699e+02
   1.6119999999999999e+02   1.0255435180664099e+02
   1.6300000000000000e+02   9.6662712097167997e+01
   1.6300000000000000e+02   2.3140368652343801e+02
   1.6319999999999999e+02   1.9892974853515599e+02
   1.6390000000000001e+02   2.7280944824218800e+01
   1.6400000000000000e+02   2.1964321899414099e+02
   1.6409999999999999e+02   2.0476905822753901e+02
   1.6500000000000000e+02   5.6209121704101598e+01
   1.6590000000000001e+02   9.7806196212768608e+00
   1.6700000000000000e+02   1.5206300735473601e+01
   1.6800000000000000e+02   3.6687744140625000e+01
   1.6819999999999999e+02   1.0162442207336399e+01
   1.6980000000000001e+02   2.4077808380126999e+01
   1.7000000000000000e+02   5.0640472412109403e+01
   1.7009999999999999e+02   2.3297344207763700e+01
   1.7030000000000001e+02   4.6027023315429702e+01
   1.7090000000000001e+02   1.1099779129028301e+01
   1.7100000000000000e+02   4.8594581604003899e+01
   1.7200000000000000e+02   2.3830947875976599e+02
   1.7209999999999999e+02   2.2926119995117199e+02
   1.7290000000000001e+02   5.7961963653564503e+01
   1.7300000000000000e+02   3.2873056030273398e+02
   1.7319999999999999e+02   1.4916044616699199e+02
   1.7369999999999999e+02   1.4078574180603001e+01
   1.7400000000000000e+02   7.8223670959472699e+01
   1.7409999999999999e+02   1.1531559753418000e+02
   1.7500000000000000e+02   1.5522461891174300e+01
   1.7509999999999999e+02   3.0227756500244102e+01
   1.7580000000000001e+02   1.0708362579345700e+01
   1.7590000000000001e+02   1.1305072784423800e+01
   1.7990000000000001e+02   2.1437002182006800e+01
   1.8009999999999999e+02   4.4169403076171903e+01
   1.8180000000000001e+02   2.4321685791015600e+01
   1.8200000000000000e+02   9.3402938842773395e+01
   1.8219999999999999e+02   2.8756942749023398e+01
   1.8290000000000001e+02   1.9705289840698200e+01
   1.8309999999999999e+02   2.1549713134765600e+01
   1.8369999999999999e+02   1.1766586303710900e+01
   1.8400000000000000e+02   1.1248778076171900e+03
   1.8430000000000001e+02   2.5136768341064499e+01
   1.8509999999999999e+02   6.4656683349609398e+02
   1.8519999999999999e+02   2.3276966857910199e+02
   1.8609999999999999e+02   2.9414572753906300e+03
   1.8700000000000000e+02   4.4086975097656300e+01
   1.8709999999999999e+02   1.7740537109375000e+03
   1.8709999999999999e+02   8.6253887939453102e+02
   1.8809999999999999e+02   2.8887187500000000e+03
   1.8809999999999999e+02   2.1587524414062500e+03
   1.8909999999999999e+02   2.8851833984375000e+04
   1.9009999999999999e+02   4.0831308593750000e+03
   1.9100000000000000e+02   8.8533584594726605e+01
   1.9109999999999999e+02   2.0165805053710901e+02
   1.9300000000000000e+02   1.3032549858093301e+01
   1.9790000000000001e+02   1.0507954597473100e+01
   1.9809999999999999e+02   1.0846495628356900e+01
   1.9909999999999999e+02   1.0397638320922900e+01
   2.0009999999999999e+02   1.9213165283203100e+01
   2.0019999999999999e+02   1.4427681922912599e+01
   2.0119999999999999e+02   1.0421638488769499e+01
   2.0280000000000001e+02   1.1586100578308100e+01
   2.0319999999999999e+02   9.7699880599975604e+00
   2.0680000000000001e+02   1.3748719215393100e+01
   2.1090000000000001e+02   4.5644515991210902e+01
   2.1100000000000000e+02   1.4225996971130400e+01
   2.1400000000000000e+02   3.2124282836914098e+01
   2.1419999999999999e+02   2.8405735015869102e+01
   2.1469999999999999e+02   1.2823587417602500e+01
   2.1490000000000001e+02   7.2764488220214801e+01
   2.1500000000000000e+02   5.5883224487304702e+01
   2.1509999999999999e+02   4.2269256591796903e+01
   2.1609999999999999e+02   4.3554921875000000e+03
   2.1680000000000001e+02   2.1682369232177699e+01
   2.1709999999999999e+02   7.5835864257812500e+02
   2.1800000000000000e+02   1.4083765983581500e+01
   2.1819999999999999e+02   2.2585010528564499e+01
   2.1900000000000000e+02   1.9457583427429199e+00
   2.2890000000000001e+02   2.7762092590331999e+01
   2.2909999999999999e+02   5.2724136352539098e+01
   2.3000000000000000e+02   5.3579441070556598e+01
   2.3009999999999999e+02   3.9846527099609398e+02
   2.3100000000000000e+02   9.7960929870605497e+01
   2.3109999999999999e+02   4.3775550842285199e+01
   2.3119999999999999e+02   1.5013255310058599e+02
   2.3280000000000001e+02   1.9323091506958001e+01
   2.3300000000000000e+02   7.7582107543945298e+01
   2.3680000000000001e+02   7.7250900268554702e+01
   2.3690000000000001e+02   1.3240213394164999e+00
   2.3700000000000000e+02   2.3894153594970700e+01
   2.4119999999999999e+02   4.5285724639892599e+01
   2.4530000000000001e+02   1.1047187805175801e+01
   2.5569999999999999e+02   1.3402877807617200e+01
   2.5610000000000002e+02   2.0021335601806602e+01
   2.5680000000000001e+02   4.5674732208252003e+01
   2.5700000000000000e+02   1.3050408935546901e+02
   2.5710000000000002e+02   5.2121292114257798e+01
   2.5730000000000001e+02   1.0312786865234401e+02
   2.5739999999999998e+02   9.6194171905517596e+00
   2.5760000000000002e+02   4.6828742980957003e+01
   2.5800000000000000e+02   1.0243032836914099e+02
   2.5810000000000002e+02   3.3938987731933601e+01
   2.5819999999999999e+02   4.1771069335937500e+02
   2.5919999999999999e+02   7.8432382812500000e+04
   2.6019999999999999e+02   8.5632021484375000e+03
   2.6019999999999999e+02   5.9528745117187500e+03
   2.6100000000000000e+02   1.1456810951232899e+01
   2.6110000000000002e+02   7.8182769775390602e+02
   2.6119999999999999e+02   5.4990734863281295e+02
   2.6200000000000000e+02   9.5837383270263707e+00
   2.6210000000000002e+02   1.7813751220703100e+01
   2.6219999999999999e+02   3.1304039001464801e+01
   2.7710000000000002e+02   9.6591176986694300e+00
   2.7889999999999998e+02   1.1163322448730501e+01
   2.7900000000000000e+02   8.3038070678710895e+01
   2.7919999999999999e+02   1.1789993286132800e+02
   2.7939999999999998e+02   1.0725250244140600e+01
   3.0700000000000000e+02   1.3669175148010300e+01
   3.0730000000000001e+02   2.0278755187988299e+01
   3.4800000000000000e+02   3.6278259277343800e+01
   3.4819999999999999e+02   1.6015805053710901e+02
   3.4830000000000001e+02   5.1630615234375000e+01
   3.4919999999999999e+02   8.8446586608886705e+01
   3.5119999999999999e+02   1.0044972419738800e+01
   3.5139999999999998e+02   1.1893798828125000e+01
