   4.0100000000000001e+01   1.1483367919921901e+02
   4.1000000000000000e+01   1.3088320312500000e+03
   4.2000000000000000e+01   1.1160374023437500e+04
   4.2899999999999999e+01   5.7277866363525398e+01
   4.3100000000000001e+01   9.1165222167968795e+02
   4.4000000000000000e+01   4.3578918457031301e+02
   4.4899999999999999e+01   1.6207608032226599e+02
   4.5000000000000000e+01   3.5759399414062500e+02
   4.5100000000000001e+01   1.4780619621276900e+01
   4.9899999999999999e+01   1.9564886474609401e+02
   5.0100000000000001e+01   1.8618441772460901e+02
   5.0200000000000003e+01   1.4893373489379901e+01
   5.1000000000000000e+01   1.0392534179687500e+03
   5.1100000000000001e+01   3.5060134887695301e+02
   5.2000000000000000e+01   2.8847363281250000e+02
   5.2100000000000001e+01   1.0360414123535200e+02
   5.3000000000000000e+01   1.1534018554687500e+03
   5.3100000000000001e+01   2.5917470932006800e+01
   5.3899999999999999e+01   1.9175114440918000e+02
   5.4100000000000001e+01   5.3523730468750000e+02
   5.4899999999999999e+01   1.7532806396484401e+02
   5.5000000000000000e+01   4.0982424926757801e+02
   5.5100000000000001e+01   4.7121643066406301e+02
   5.5200000000000003e+01   2.7625625610351602e+01
   5.6000000000000000e+01   9.7252288818359398e+02
   5.6100000000000001e+01   5.6143768310546898e+02
   5.7000000000000000e+01   1.4477992187500000e+04
   5.8000000000000000e+01   4.7164904785156301e+02
   5.8100000000000001e+01   9.9546051025390597e+01
   5.9000000000000000e+01   2.0192670898437500e+03
   5.9899999999999999e+01   1.1532822608947800e+01
   6.0799999999999997e+01   1.7471120834350600e+01
   6.1000000000000000e+01   1.0913777351379400e+01
   6.1899999999999999e+01   8.9679519653320298e+01
   6.2100000000000001e+01   7.9707244873046903e+01
   6.2799999999999997e+01   8.9452384948730497e+01
   6.3000000000000000e+01   6.2047406005859398e+02
   6.4000000000000000e+01   3.3254922485351602e+02
   6.4099999999999994e+01   1.9506111145019500e+02
   6.5000000000000000e+01   3.0608666992187500e+03
   6.5799999999999997e+01   2.7503610610961900e+01
   6.6000000000000000e+01   6.2507635498046898e+02
   6.6900000000000006e+01   3.9775699615478501e+01
   6.7000000000000000e+01   1.0688891601562500e+03
   6.7200000000000003e+01   9.9232473373413104e+00
   6.8000000000000000e+01   4.1066064453125000e+02
   6.8099999999999994e+01   5.2566711425781295e+02
   6.8900000000000006e+01   1.2350057220459000e+02
   6.9000000000000000e+01   9.5538128662109398e+02
   7.0000000000000000e+01   5.3408471679687500e+02
   7.0099999999999994e+01   3.3210617065429699e+02
   7.1000000000000000e+01   1.9885479736328099e+02
   7.1099999999999994e+01   6.1751342773437500e+01
   7.1799999999999997e+01   3.0689907073974599e+01
   7.1900000000000006e+01   5.0121406555175803e+01
   7.3000000000000000e+01   2.0096586227416999e+01
   7.3200000000000003e+01   1.2709009170532200e+01
   7.3700000000000003e+01   2.0265432357788100e+01
   7.3799999999999997e+01   2.0501735687255898e+01
   7.4000000000000000e+01   1.9846107482910199e+02
   7.4799999999999997e+01   2.0157003402710000e+01
   7.4900000000000006e+01   7.6566497802734403e+01
   7.5000000000000000e+01   8.8015594482421903e+01
   7.5799999999999997e+01   2.8691963195800799e+01
   7.6000000000000000e+01   3.3089733886718801e+02
   7.6099999999999994e+01   1.4441064453125000e+02
   7.7000000000000000e+01   9.8782089843750000e+03
   7.8000000000000000e+01   2.1324816894531300e+03
   7.8900000000000006e+01   9.2787513732910199e+01
   7.9000000000000000e+01   3.6162302246093800e+03
   8.0000000000000000e+01   9.4771820068359398e+02
   8.0099999999999994e+01   7.1013175964355497e+01
   8.0900000000000006e+01   8.0301086425781307e+01
   8.1000000000000000e+01   1.1939216308593800e+03
   8.2000000000000000e+01   1.2758284912109400e+03
   8.2900000000000006e+01   6.8611907958984403e+01
   8.3000000000000000e+01   2.2716545104980500e+02
   8.3900000000000006e+01   4.3073528289794901e+01
   8.4000000000000000e+01   9.5264671325683594e+01
   8.4200000000000003e+01   3.6974292755127003e+01
   8.5000000000000000e+01   1.3644815063476599e+02
   8.5099999999999994e+01   1.0566022491455099e+02
   8.5200000000000003e+01   3.8966049194335902e+01
   8.5900000000000006e+01   7.6183647155761705e+01
   8.6000000000000000e+01   6.6798492431640597e+01
   8.7000000000000000e+01   8.6264514923095703e+00
   8.8900000000000006e+01   5.5054916381835902e+01
   8.9000000000000000e+01   6.4665606689453102e+02
   8.9799999999999997e+01   3.3888374328613303e+01
   8.9900000000000006e+01   2.4514656066894500e+02
   9.0099999999999994e+01   2.3313002014160199e+02
   9.0200000000000003e+01   3.8081089019775398e+01
   9.1000000000000000e+01   1.2337920898437500e+04
   9.1900000000000006e+01   2.1005735397338899e+01
   9.2000000000000000e+01   1.4377783203125000e+03
   9.2099999999999994e+01   2.2190632629394500e+02
   9.3000000000000000e+01   3.4709924316406300e+03
   9.4000000000000000e+01   3.7799108886718801e+02
   9.4099999999999994e+01   2.0043704833984400e+03
   9.4900000000000006e+01   1.1820101165771500e+02
   9.5000000000000000e+01   2.7309191894531301e+02
   9.5099999999999994e+01   6.2651019287109398e+02
   9.6099999999999994e+01   8.6700449218750000e+03
   9.7000000000000000e+01   1.8280474853515599e+02
   9.7099999999999994e+01   5.6153363037109398e+02
   9.7099999999999994e+01   4.0219366455078102e+02
   9.7799999999999997e+01   1.7085502624511701e+01
   9.7900000000000006e+01   4.2656402587890597e+01
   9.8099999999999994e+01   1.4173719787597699e+02
   9.8200000000000003e+01   1.2945043563842800e+01
   9.9000000000000000e+01   9.3338417053222699e+01
   9.9200000000000003e+01   1.1991288185119600e+01
   9.9700000000000003e+01   1.6232978820800799e+01
   9.9900000000000006e+01   3.3137516021728501e+01
   1.0000000000000000e+02   5.3018665313720703e+01
   1.0009999999999999e+02   1.9953117370605501e+01
   1.0090000000000001e+02   1.7533386230468800e+01
   1.0100000000000000e+02   2.9614082336425799e+01
   1.0170000000000000e+02   8.6400289535522496e+00
   1.0180000000000000e+02   3.5826015472412102e+01
   1.0200000000000000e+02   2.9781011962890602e+02
   1.0220000000000000e+02   4.8598106384277301e+01
   1.0300000000000000e+02   3.7357263183593800e+03
   1.0400000000000000e+02   3.9895532226562500e+02
   1.0409999999999999e+02   2.5050695800781300e+03
   1.0500000000000000e+02   1.2851611328125000e+04
   1.0590000000000001e+02   2.4991151809692401e+01
   1.0600000000000000e+02   3.0151843261718800e+03
   1.0690000000000001e+02   9.1946487426757798e+01
   1.0709999999999999e+02   1.4637252807617199e+02
   1.0780000000000000e+02   9.6164789199829102e+00
   1.0790000000000001e+02   7.3532226562500000e+01
   1.0800000000000000e+02   1.2293181610107401e+02
   1.0809999999999999e+02   9.0690048217773395e+01
   1.0870000000000000e+02   1.3019639015197800e+01
   1.0880000000000000e+02   9.4617586135864293e+00
   1.0909999999999999e+02   1.1648567962646500e+02
   1.0920000000000000e+02   1.8384159088134801e+01
   1.1000000000000000e+02   2.1445840454101599e+02
   1.1000000000000000e+02   1.3174389648437500e+02
   1.1009999999999999e+02   1.4066172790527301e+02
   1.1090000000000001e+02   8.8429199218750000e+01
   1.1109999999999999e+02   3.7723720550537102e+01
   1.1180000000000000e+02   1.9740346908569300e+01
   1.1190000000000001e+02   1.4100086975097699e+02
   1.1200000000000000e+02   2.8377664184570301e+02
   1.1220000000000000e+02   9.6859951019287092e+00
   1.1290000000000001e+02   4.5883419036865199e+01
   1.1300000000000000e+02   1.7619508056640600e+03
   1.1390000000000001e+02   9.1003135681152301e+01
   1.1409999999999999e+02   1.7003970947265600e+03
   1.1480000000000000e+02   1.3375771522521999e+01
   1.1490000000000001e+02   2.1063423156738301e+02
   1.1500000000000000e+02   4.4092880249023398e+02
   1.1580000000000000e+02   2.1154441833496101e+01
   1.1600000000000000e+02   1.6812234497070301e+02
   1.1609999999999999e+02   2.2553739929199199e+02
   1.1690000000000001e+02   7.8591636657714801e+01
   1.1700000000000000e+02   2.1124350585937500e+03
   1.1800000000000000e+02   3.2547998046875000e+03
   1.1820000000000000e+02   2.4957651138305700e+01
   1.1890000000000001e+02   2.8925320434570301e+02
   1.1900000000000000e+02   5.7186962890625000e+02
   1.1909999999999999e+02   1.3959712219238301e+02
   1.2000000000000000e+02   3.0299774169921898e+02
   1.2009999999999999e+02   1.7412966918945301e+02
   1.2100000000000000e+02   2.1271226882934599e+01
   1.2120000000000000e+02   1.2651470184326200e+01
   1.2190000000000001e+02   2.0109559631347699e+02
   1.2200000000000000e+02   2.1060066223144500e+02
   1.2290000000000001e+02   2.4186998367309599e+01
   1.2300000000000000e+02   1.4211441040039100e+01
   1.2400000000000000e+02   1.0748636627197300e+02
   1.2409999999999999e+02   2.7003955078125000e+02
   1.2480000000000000e+02   2.9158561706543001e+01
   1.2490000000000001e+02   1.2537635803222700e+02
   1.2500000000000000e+02   8.1326583862304702e+01
   1.2520000000000000e+02   2.4572597503662099e+01
   1.2600000000000000e+02   4.0870315551757801e+02
   1.2600000000000000e+02   9.0219403076171898e+02
   1.2680000000000000e+02   3.4254318237304702e+01
   1.2700000000000000e+02   2.8257019042968801e+02
   1.2709999999999999e+02   4.6224067687988303e+01
   1.2790000000000001e+02   7.5598251342773395e+01
   1.2800000000000000e+02   3.1977236938476602e+02
   1.2890000000000001e+02   8.9970825195312500e+01
   1.2900000000000000e+02   1.5233038330078099e+02
   1.2919999999999999e+02   4.6537902832031300e+01
   1.3000000000000000e+02   7.6517143554687500e+03
   1.3080000000000001e+02   1.8202713012695298e+01
   1.3100000000000000e+02   1.6197675781250000e+03
   1.3209999999999999e+02   3.1706083984375000e+03
   1.3290000000000001e+02   4.9717266082763700e+01
   1.3309999999999999e+02   3.7774673461914102e+02
   1.3400000000000000e+02   1.3344096374511699e+02
   1.3409999999999999e+02   1.2123153076171900e+03
   1.3500000000000000e+02   1.2224225616455099e+02
   1.3509999999999999e+02   3.8194240570068402e+01
   1.3590000000000001e+02   3.6136978149414098e+01
   1.3600000000000000e+02   8.7406806945800795e+01
   1.3619999999999999e+02   4.6087997436523402e+01
   1.3700000000000000e+02   2.0836538696289099e+02
   1.3709999999999999e+02   3.4316040039062500e+01
   1.3769999999999999e+02   8.7762289047241193e+00
   1.3790000000000001e+02   1.1875624084472700e+02
   1.3800000000000000e+02   1.1789310455322300e+02
   1.3809999999999999e+02   4.1078376770019503e+01
   1.3890000000000001e+02   7.9729644775390597e+01
   1.3900000000000000e+02   9.8711288452148395e+01
   1.4000000000000000e+02   5.4565197753906295e+02
   1.4009999999999999e+02   8.5400201416015602e+02
   1.4100000000000000e+02   1.3319349670410199e+02
   1.4109999999999999e+02   2.6767126464843801e+02
   1.4119999999999999e+02   1.0831279754638700e+01
   1.4169999999999999e+02   1.0433790206909199e+01
   1.4180000000000001e+02   2.3954538345336900e+01
   1.4190000000000001e+02   1.8077206420898401e+02
   1.4200000000000000e+02   2.0452996826171901e+02
   1.4209999999999999e+02   1.0608094787597700e+02
   1.4290000000000001e+02   2.6263308715820301e+02
   1.4309999999999999e+02   3.3855227661132801e+02
   1.4390000000000001e+02   5.5051570892333999e+01
   1.4409999999999999e+02   1.6440822753906300e+03
   1.4490000000000001e+02   1.3152842521667500e+01
   1.4500000000000000e+02   1.1925413513183599e+02
   1.4509999999999999e+02   4.0319964599609398e+02
   1.4519999999999999e+02   1.2665364265441900e+01
   1.4600000000000000e+02   1.0644875488281300e+03
   1.4609999999999999e+02   2.0808879394531300e+03
   1.4690000000000001e+02   3.6962165832519503e+01
   1.4700000000000000e+02   1.5296696472168000e+02
   1.4709999999999999e+02   2.1746237182617199e+02
   1.4790000000000001e+02   4.7080036163330099e+01
   1.4809999999999999e+02   8.0044151306152301e+01
   1.4890000000000001e+02   6.0308986663818402e+01
   1.4900000000000000e+02   3.2563430786132801e+02
   1.4909999999999999e+02   5.2085052490234403e+01
   1.5000000000000000e+02   1.4425392150878901e+02
   1.5009999999999999e+02   2.0047526550293000e+02
   1.5090000000000001e+02   1.1957180023193400e+01
   1.5109999999999999e+02   3.6486457824707003e+01
   1.5190000000000001e+02   1.4601348876953099e+02
   1.5209999999999999e+02   6.8141159057617202e+01
   1.5209999999999999e+02   5.4430206298828097e+01
   1.5300000000000000e+02   8.3632452392578102e+02
   1.5309999999999999e+02   1.2859121704101599e+02
   1.5409999999999999e+02   8.2650722656250000e+03
   1.5500000000000000e+02   1.5401477050781301e+02
   1.5509999999999999e+02   1.6201463623046900e+03
   1.5600000000000000e+02   3.0316992187500000e+02
   1.5609999999999999e+02   8.9667681884765602e+02
   1.5680000000000001e+02   1.9204214096069300e+01
   1.5700000000000000e+02   1.2509884643554700e+02
   1.5709999999999999e+02   2.5624304199218801e+02
   1.5719999999999999e+02   3.0879751205444300e+01
   1.5790000000000001e+02   8.2910957336425795e+01
   1.5809999999999999e+02   4.4444130859375000e+03
   1.5900000000000000e+02   2.4039584960937500e+03
   1.6000000000000000e+02   3.7211117553710898e+02
   1.6009999999999999e+02   1.4323658447265600e+03
   1.6090000000000001e+02   3.6365982055664098e+01
   1.6100000000000000e+02   1.0177145385742200e+02
   1.6109999999999999e+02   1.2716867065429700e+02
   1.6130000000000001e+02   1.2180968284606900e+01
   1.6209999999999999e+02   7.5987586975097699e+01
   1.6219999999999999e+02   8.5137958526611293e+00
   1.6500000000000000e+02   2.3502542495727500e+01
   1.6680000000000001e+02   8.8024015426635707e+00
   1.6690000000000001e+02   6.4765289306640597e+01
   1.6700000000000000e+02   1.7375057220458999e+01
   1.6719999999999999e+02   1.2989151954650900e+01
   1.6780000000000001e+02   1.1224414825439499e+01
   1.6790000000000001e+02   8.0020927429199205e+01
   1.6819999999999999e+02   2.0580602645873999e+01
   1.6909999999999999e+02   4.0378715515136697e+01
   1.6919999999999999e+02   1.0483119964599600e+01
   1.6980000000000001e+02   6.1033039093017599e+01
   1.7000000000000000e+02   1.2698892211914099e+02
   1.7009999999999999e+02   2.0378591918945301e+02
   1.7090000000000001e+02   1.2218439483642599e+02
   1.7100000000000000e+02   7.0079673767089801e+01
   1.7119999999999999e+02   3.0649803161621101e+01
   1.7190000000000001e+02   7.9657630920410199e+01
   1.7209999999999999e+02   1.4591893005371099e+02
   1.7300000000000000e+02   1.8167317199707000e+02
   1.7309999999999999e+02   8.8900558471679702e+01
   1.7319999999999999e+02   1.0914234161376999e+01
   1.7390000000000001e+02   1.8675882339477500e+01
   1.7419999999999999e+02   2.6394386291503899e+01
   1.7590000000000001e+02   2.2562049865722699e+01
   1.7730000000000001e+02   1.5323004722595201e+01
   1.7790000000000001e+02   1.3596829414367701e+01
   1.7800000000000000e+02   5.9777236938476598e+01
   1.7990000000000001e+02   2.1948688507080099e+01
   1.8169999999999999e+02   1.2065032005310099e+01
   1.8190000000000001e+02   8.6158628463745099e+00
   1.8200000000000000e+02   3.4723731994628899e+01
   1.8219999999999999e+02   1.3027553558349600e+01
   1.8280000000000001e+02   1.4888347625732401e+01
   1.8300000000000000e+02   2.5202430725097699e+01
   1.8400000000000000e+02   1.7149050903320301e+02
   1.8409999999999999e+02   4.7681701660156301e+02
   1.8500000000000000e+02   1.0296327209472700e+02
   1.8509999999999999e+02   1.4024424743652301e+02
   1.8509999999999999e+02   2.6945526123046898e+02
   1.8540000000000001e+02   8.5946149826049805e+00
   1.8590000000000001e+02   5.8461460113525398e+01
   1.8609999999999999e+02   2.3833886718750000e+03
   1.8609999999999999e+02   9.3107495117187500e+02
   1.8709999999999999e+02   1.2866404296875000e+04
   1.8809999999999999e+02   2.0521437988281300e+03
   1.8880000000000001e+02   1.3527662277221699e+01
   1.8900000000000000e+02   3.0465039062500000e+02
   1.8909999999999999e+02   2.7325286865234398e+02
   1.8990000000000001e+02   5.6299098968505902e+01
   1.9000000000000000e+02   5.2006561279296898e+02
   1.9009999999999999e+02   2.1171397399902301e+02
   1.9100000000000000e+02   3.5675121307372997e+01
   1.9109999999999999e+02   2.9745950698852500e+01
   1.9200000000000000e+02   1.1196765899658200e+01
   1.9409999999999999e+02   8.8860321044921893e+00
   1.9690000000000001e+02   2.0260465621948200e+01
   1.9700000000000000e+02   3.3666702270507801e+02
   1.9719999999999999e+02   3.1260755538940401e+01
   1.9800000000000000e+02   6.8454406738281307e+01
   1.9809999999999999e+02   3.1349704742431602e+01
   1.9909999999999999e+02   9.1820154190063494e+00
   1.9990000000000001e+02   2.3515340805053700e+01
   2.0009999999999999e+02   2.0548025131225600e+01
   2.0019999999999999e+02   1.2077984809875501e+01
   2.0100000000000000e+02   5.4074169158935497e+01
   2.0190000000000001e+02   3.9622253417968800e+01
   2.0200000000000000e+02   3.0923254394531301e+02
   2.0209999999999999e+02   5.1549548339843795e+02
   2.0290000000000001e+02   1.1086291313171399e+01
   2.0300000000000000e+02   6.9349174499511705e+01
   2.0309999999999999e+02   3.5284400939941399e+01
   2.0400000000000000e+02   9.5872825622558594e+01
   2.0419999999999999e+02   2.2937337875366200e+01
   2.1200000000000000e+02   2.7451232910156300e+01
   2.1300000000000000e+02   1.1404007911682100e+01
   2.1309999999999999e+02   9.4607543945312500e+00
   2.1330000000000001e+02   9.8091802597045898e+00
   2.1400000000000000e+02   4.0887611389160199e+01
   2.1409999999999999e+02   5.5044296264648402e+01
   2.1419999999999999e+02   1.3166721343994100e+01
   2.1490000000000001e+02   2.4831820678710901e+02
   2.1500000000000000e+02   1.8646153259277301e+02
   2.1600000000000000e+02   9.2878837585449205e+01
   2.1609999999999999e+02   1.1821322631835901e+02
   2.1690000000000001e+02   3.5576229095458999e+01
   2.1709999999999999e+02   2.3281808853149400e+01
   2.1719999999999999e+02   2.8176113128662099e+01
   2.1790000000000001e+02   1.0378382682800300e+01
   2.1819999999999999e+02   3.5660984039306598e+01
   2.1900000000000000e+02   1.5762759399414099e+02
   2.1909999999999999e+02   1.9316375732421901e+02
   2.2009999999999999e+02   2.8186351776123001e+01
   2.2019999999999999e+02   2.6180654525756800e+01
   2.2500000000000000e+02   1.0250171661376999e+01
   2.2690000000000001e+02   2.1789276123046900e+01
   2.2790000000000001e+02   2.7844509124755898e+01
   2.2800000000000000e+02   4.5404846191406300e+01
   2.2809999999999999e+02   4.1539291381835902e+01
   2.2890000000000001e+02   1.8762641906738299e+01
   2.3009999999999999e+02   6.7551202392578102e+02
   2.3100000000000000e+02   1.5125463867187500e+02
   2.3109999999999999e+02   6.1304958343505902e+01
   2.3280000000000001e+02   2.2684736251831101e+01
   2.3680000000000001e+02   1.4395313262939499e+01
   2.4200000000000000e+02   9.8448738098144503e+01
   2.4209999999999999e+02   1.5338110351562500e+02
   2.4309999999999999e+02   5.4573686523437500e+03
   2.4409999999999999e+02   1.6387022705078100e+03
   2.4419999999999999e+02   1.2201126098632800e+02
   2.4509999999999999e+02   2.1458729553222699e+02
   2.4509999999999999e+02   2.9820053100585898e+02
   2.4609999999999999e+02   4.6778015136718801e+02
   2.4619999999999999e+02   3.2608734130859398e+02
   2.4709999999999999e+02   3.1662900390625000e+03
   2.4800000000000000e+02   2.9047470092773398e+02
   2.4819999999999999e+02   2.8618029785156301e+02
   2.4900000000000000e+02   5.5905548095703097e+01
   2.5490000000000001e+02   8.8150138854980504e+00
   2.7089999999999998e+02   1.5790163040161101e+01
   2.7100000000000000e+02   3.7426620483398402e+01
   2.7110000000000002e+02   5.2228942871093795e+02
   2.7189999999999998e+02   1.0253468513488800e+01
   2.7210000000000002e+02   7.2155433654785199e+01
   2.7289999999999998e+02   8.8986701965331996e+00
   2.7400000000000000e+02   3.7737705230712898e+01
   2.7410000000000002e+02   7.3059210205078102e+02
   2.7419999999999999e+02   8.9347686767578097e+01
   2.7510000000000002e+02   1.2444093322753901e+02
   2.7519999999999999e+02   3.7848979492187500e+03
   2.7610000000000002e+02   6.8629333496093795e+02
   2.7630000000000001e+02   5.8454494476318402e+01
   2.7689999999999998e+02   3.5188045501708999e+01
   2.7700000000000000e+02   4.5742160797119098e+01
   2.7719999999999999e+02   1.0108731842041000e+02
   2.7819999999999999e+02   1.1203671455383301e+01
   2.7910000000000002e+02   1.2258267974853500e+02
   2.7919999999999999e+02   2.8819561767578102e+02
   2.8000000000000000e+02   2.5090019226074201e+01
   2.8010000000000002e+02   1.3918192863464400e+01
   2.8889999999999998e+02   8.9429817199706996e+00
   2.9289999999999998e+02   1.9564491271972699e+01
   3.0050000000000000e+02   8.7524137496948207e+00
   3.0089999999999998e+02   1.0647755622863800e+01
   3.0100000000000000e+02   3.4602184295654297e+01
   3.0119999999999999e+02   2.5504253387451200e+01
   3.0160000000000002e+02   3.8609958648681598e+01
   3.0189999999999998e+02   7.2954238891601605e+01
   3.0210000000000002e+02   3.0716972351074201e+01
   3.0219999999999999e+02   9.9446075439453097e+01
   3.0319999999999999e+02   5.6865914062500000e+04
   3.0419999999999999e+02   1.0939808593750000e+04
   3.0489999999999998e+02   2.0790414810180700e+01
   3.0510000000000002e+02   1.5744990539550801e+02
   3.0519999999999999e+02   1.1680590820312500e+03
   3.0610000000000002e+02   4.3387058258056598e+01
   3.0619999999999999e+02   2.6784196853637699e+01
   3.0910000000000002e+02   8.6187324523925799e+00
   3.3510000000000002e+02   4.5873959350585898e+02
   3.3519999999999999e+02   6.4086059570312500e+02
   3.3530000000000001e+02   1.1697584533691401e+02
   3.3600000000000000e+02   4.1089355468750000e+01
   3.3610000000000002e+02   1.5145106506347699e+02
   3.3619999999999999e+02   1.0143275451660200e+02
   3.3730000000000001e+02   2.2640506744384801e+01
   3.6310000000000002e+02   8.4596954345703097e+01
   3.6319999999999999e+02   6.4118110656738295e+01
   3.6330000000000001e+02   2.7728645324706999e+01
   3.9210000000000002e+02   4.6692058563232401e+01
   3.9230000000000001e+02   3.5462753295898402e+01
