   4.0100000000000001e+01   1.0705561828613300e+02
   4.1100000000000001e+01   2.9048979492187500e+03
   4.2100000000000001e+01   1.1321544921875000e+04
   4.3100000000000001e+01   1.2599771484375000e+04
   4.4100000000000001e+01   5.3659960937500000e+03
   4.5000000000000000e+01   1.2965185546875000e+02
   4.5100000000000001e+01   3.7391143798828097e+01
   4.9899999999999999e+01   4.5708480834960902e+01
   5.0000000000000000e+01   4.1997216796875000e+02
   5.1000000000000000e+01   1.5915168457031300e+03
   5.1200000000000003e+01   6.7298782348632798e+01
   5.2000000000000000e+01   5.9467993164062500e+02
   5.3000000000000000e+01   5.3841174316406295e+02
   5.3100000000000001e+01   4.1717102050781301e+02
   5.4000000000000000e+01   9.5810614013671898e+02
   5.4799999999999997e+01   2.1474529266357401e+01
   5.5000000000000000e+01   1.6661096191406300e+03
   5.5200000000000003e+01   2.5541387557983398e+01
   5.5899999999999999e+01   5.4304962158203097e+01
   5.6000000000000000e+01   1.3808179931640600e+03
   5.6899999999999999e+01   1.4848769187927200e+01
   5.7000000000000000e+01   1.0184230346679700e+03
   5.7899999999999999e+01   5.8988193511962898e+01
   5.8100000000000001e+01   1.0102160644531300e+02
   5.8899999999999999e+01   4.6118701934814503e+01
   6.1100000000000001e+01   1.9318201065063501e+01
   6.1899999999999999e+01   5.9840145111083999e+01
   6.2100000000000001e+01   1.3112763977050801e+02
   6.3000000000000000e+01   6.1802148437500000e+02
   6.3000000000000000e+01   3.6944943237304699e+02
   6.3899999999999999e+01   8.2392944335937500e+01
   6.4000000000000000e+01   4.1531808471679699e+02
   6.5000000000000000e+01   2.7582705078125000e+03
   6.5900000000000006e+01   4.6860000610351602e+02
   6.6000000000000000e+01   4.3168698120117199e+02
   6.6799999999999997e+01   2.4354585647583001e+01
   6.7000000000000000e+01   1.5874045410156300e+03
   6.7099999999999994e+01   4.1522750854492199e+02
   6.8000000000000000e+01   1.6271906738281300e+03
   6.8099999999999994e+01   6.2079443359375000e+02
   6.8900000000000006e+01   6.2468341827392599e+01
   6.9099999999999994e+01   1.8619154052734400e+03
   7.0099999999999994e+01   2.7608137207031300e+03
   7.0900000000000006e+01   4.9304580688476598e+01
   7.1099999999999994e+01   2.2431916809082000e+02
   7.1799999999999997e+01   2.3583065032958999e+01
   7.2000000000000000e+01   5.9106395721435497e+01
   7.2099999999999994e+01   4.1631710052490199e+01
   7.2799999999999997e+01   9.8330593109130895e+00
   7.3000000000000000e+01   4.7720668792724602e+01
   7.3099999999999994e+01   9.3646678924560494e+00
   7.3900000000000006e+01   1.0152753448486300e+02
   7.4000000000000000e+01   1.4342945861816401e+02
   7.4900000000000006e+01   7.9018577575683594e+01
   7.5000000000000000e+01   2.4386537170410199e+02
   7.5700000000000003e+01   1.3102043151855501e+01
   7.5900000000000006e+01   4.1577751159667997e+01
   7.6099999999999994e+01   5.4116436767578102e+02
   7.6200000000000003e+01   3.1021688461303700e+01
   7.7000000000000000e+01   1.3858977539062500e+04
   7.8000000000000000e+01   3.1785993652343800e+03
   7.9000000000000000e+01   4.5962792968750000e+03
   7.9799999999999997e+01   4.9256843566894503e+01
   7.9900000000000006e+01   7.5356697082519503e+01
   8.0000000000000000e+01   9.5969226074218795e+02
   8.0900000000000006e+01   1.8684056091308599e+02
   8.1000000000000000e+01   3.4908068847656301e+02
   8.1900000000000006e+01   3.8936645507812500e+01
   8.2000000000000000e+01   1.9888088378906300e+03
   8.3000000000000000e+01   4.2686053466796898e+02
   8.3900000000000006e+01   5.6513076782226598e+01
   8.4000000000000000e+01   2.3318667602539099e+02
   8.4099999999999994e+01   1.3951800537109401e+02
   8.4200000000000003e+01   4.6823650360107401e+01
   8.5000000000000000e+01   2.0341804504394499e+01
   8.5099999999999994e+01   5.5923137664794901e+01
   8.5799999999999997e+01   1.0643852233886699e+01
   8.6000000000000000e+01   9.6290306091308594e+01
   8.6900000000000006e+01   1.8986949920654300e+01
   8.9000000000000000e+01   8.9173101806640602e+02
   8.9900000000000006e+01   2.7676347732543899e+01
   9.0000000000000000e+01   3.2562255859375000e+02
   9.0099999999999994e+01   2.1603984069824199e+02
   9.1000000000000000e+01   8.6186826171875000e+03
   9.2000000000000000e+01   1.5341016845703100e+03
   9.3000000000000000e+01   4.4180122070312500e+03
   9.3900000000000006e+01   3.0626741409301800e+01
   9.4099999999999994e+01   2.7397272949218800e+03
   9.4700000000000003e+01   2.4103816986083999e+01
   9.5000000000000000e+01   1.4967958984375000e+03
   9.5099999999999994e+01   9.3659828186035199e+01
   9.6099999999999994e+01   8.3798691406250000e+03
   9.6900000000000006e+01   4.8929534912109403e+01
   9.7000000000000000e+01   7.5335626220703102e+02
   9.7099999999999994e+01   3.9427539062500000e+02
   9.7900000000000006e+01   2.9579180908203102e+02
   9.8099999999999994e+01   3.5528393554687500e+02
   9.8799999999999997e+01   1.3472393035888700e+01
   9.9000000000000000e+01   9.2832489013671893e+00
   1.0080000000000000e+02   5.3130764007568402e+01
   1.0100000000000000e+02   6.5731452941894503e+01
   1.0190000000000001e+02   4.5620761871337898e+01
   1.0200000000000000e+02   4.9741964721679699e+02
   1.0209999999999999e+02   1.2243411254882800e+02
   1.0290000000000001e+02   1.2645530700683599e+02
   1.0300000000000000e+02   5.0302583007812500e+03
   1.0400000000000000e+02   7.3311328125000000e+03
   1.0509999999999999e+02   1.8533222656250000e+04
   1.0609999999999999e+02   3.9306359863281300e+03
   1.0680000000000000e+02   1.8693630218505898e+01
   1.0700000000000000e+02   2.9817309570312500e+02
   1.0709999999999999e+02   6.3803581237792997e+01
   1.0790000000000001e+02   2.8972671508789102e+01
   1.0800000000000000e+02   1.1154988288879400e+01
   1.0809999999999999e+02   1.2306357574462901e+02
   1.0880000000000000e+02   3.1660688400268601e+01
   1.0900000000000000e+02   7.8884811401367202e+01
   1.0920000000000000e+02   4.3319957733154297e+01
   1.1000000000000000e+02   2.1417449951171900e+01
   1.1109999999999999e+02   1.8944019317626999e+01
   1.1400000000000000e+02   1.5231359481811500e+01
   1.1409999999999999e+02   1.1685890197753899e+01
   1.1490000000000001e+02   3.8155647277832003e+01
   1.1500000000000000e+02   2.8135192871093800e+03
   1.1580000000000000e+02   1.4740513801574700e+01
   1.1600000000000000e+02   9.3023944091796898e+02
   1.1709999999999999e+02   6.9275122070312500e+03
   1.1809999999999999e+02   1.0192708007812500e+04
   1.1909999999999999e+02   9.4275546875000000e+03
   1.1990000000000001e+02   5.8555519104003899e+01
   1.2009999999999999e+02   1.5508149414062500e+03
   1.2109999999999999e+02   9.6944625854492202e+01
   1.2590000000000001e+02   2.0928272247314499e+01
   1.2600000000000000e+02   2.6267868041992202e+01
   1.2620000000000000e+02   1.1050171852111800e+01
   1.2680000000000000e+02   3.2583374023437500e+01
   1.2690000000000001e+02   3.2762565612792997e+01
   1.2709999999999999e+02   1.8001396179199201e+01
   1.2770000000000000e+02   2.0832674026489300e+01
   1.2790000000000001e+02   4.9711261749267599e+01
   1.2800000000000000e+02   1.3388618469238301e+02
   1.2809999999999999e+02   1.5425321960449199e+02
   1.2900000000000000e+02   1.7459359741210901e+02
   1.2909999999999999e+02   1.9414280700683599e+02
   1.3009999999999999e+02   5.6269584960937500e+03
   1.3100000000000000e+02   3.4445532226562500e+02
   1.3100000000000000e+02   3.1925515136718800e+03
   1.3209999999999999e+02   8.5015546875000000e+03
   1.3290000000000001e+02   5.9220157623291001e+01
   1.3309999999999999e+02   1.1202020263671900e+03
   1.3319999999999999e+02   1.1897140502929700e+02
   1.3390000000000001e+02   8.6994392395019503e+01
   1.3409999999999999e+02   7.1197196960449205e+01
   1.3419999999999999e+02   1.0714941978454601e+01
   1.3500000000000000e+02   2.6836093139648398e+02
   1.3509999999999999e+02   2.9802163696289102e+02
   1.3519999999999999e+02   1.9030588150024400e+01
   1.3590000000000001e+02   2.7733634948730501e+01
   1.3600000000000000e+02   4.3458886718750000e+02
   1.3609999999999999e+02   1.3867672920227101e+01
   1.3690000000000001e+02   2.1410420227050801e+02
   1.3890000000000001e+02   2.0719488143920898e+01
   1.3900000000000000e+02   1.6938061523437500e+02
   1.3909999999999999e+02   1.9819993591308599e+02
   1.4090000000000001e+02   4.1043346405029297e+01
   1.4109999999999999e+02   1.1269953727722200e+01
   1.4180000000000001e+02   1.0181768417358400e+01
   1.4190000000000001e+02   3.3109874725341797e+01
   1.4209999999999999e+02   7.6186447143554702e+01
   1.4250000000000000e+02   9.5915479660034197e+00
   1.4290000000000001e+02   3.2631763458252003e+01
   1.4300000000000000e+02   3.4190356445312500e+02
   1.4309999999999999e+02   1.1802832794189500e+02
   1.4409999999999999e+02   2.1641303710937500e+03
   1.4500000000000000e+02   1.7969598770141602e+01
   1.4509999999999999e+02   1.3608425292968800e+03
   1.4609999999999999e+02   3.5003628906250000e+04
   1.4700000000000000e+02   9.9134191894531295e+02
   1.4709999999999999e+02   3.1111997070312500e+03
   1.4800000000000000e+02   4.9699584960937500e+02
   1.4809999999999999e+02   1.5506646728515599e+02
   1.4919999999999999e+02   3.3799404144287102e+01
   1.5380000000000001e+02   2.1584583282470700e+01
   1.5400000000000000e+02   3.4040496826171903e+01
   1.5490000000000001e+02   6.1980690002441399e+01
   1.5600000000000000e+02   1.1652309417724599e+02
   1.5609999999999999e+02   1.9874395751953099e+02
   1.5619999999999999e+02   3.7398586273193402e+01
   1.5680000000000001e+02   3.4632656097412102e+01
   1.5690000000000001e+02   1.7549122619628901e+02
   1.5709999999999999e+02   4.9447319030761697e+01
   1.5809999999999999e+02   5.1381171875000000e+03
   1.5890000000000001e+02   2.9703521728515600e+01
   1.5900000000000000e+02   1.3013402099609400e+03
   1.6000000000000000e+02   2.3361459350585901e+02
   1.6009999999999999e+02   5.0666055297851602e+02
   1.6019999999999999e+02   1.5717557907104499e+01
   1.6100000000000000e+02   8.2844482421875000e+01
   1.6109999999999999e+02   5.6081207275390597e+01
   1.6119999999999999e+02   1.4601969718933100e+01
   1.6219999999999999e+02   1.8488388061523398e+01
   1.6780000000000001e+02   1.1043850898742701e+01
   1.6819999999999999e+02   1.3671166419982899e+01
   1.6909999999999999e+02   9.0405731201171893e+00
   1.7000000000000000e+02   8.6076972961425795e+01
   1.7009999999999999e+02   9.3247688293457003e+01
   1.7090000000000001e+02   2.5391910552978501e+01
   1.7109999999999999e+02   9.0823669433593807e+01
   1.7190000000000001e+02   4.2803630828857401e+01
   1.7200000000000000e+02   4.3721343994140597e+01
   1.7209999999999999e+02   3.6983908081054699e+02
   1.7280000000000001e+02   1.3680792808532701e+01
   1.7300000000000000e+02   1.9055683898925801e+02
   1.7309999999999999e+02   1.0393710327148401e+02
   1.7400000000000000e+02   1.5250837707519500e+02
   1.7409999999999999e+02   5.3600146484375000e+02
   1.7419999999999999e+02   1.1526883125305201e+01
   1.7490000000000001e+02   3.9964756011962898e+01
   1.7500000000000000e+02   9.4756536483764595e+00
   1.7519999999999999e+02   3.8281433105468800e+01
   1.8219999999999999e+02   9.5341329574584996e+00
   1.8390000000000001e+02   5.5622577667236300e+01
   1.8400000000000000e+02   9.2411216735839801e+01
   1.8419999999999999e+02   2.3653070449829102e+01
   1.8480000000000001e+02   2.1303625106811499e+01
   1.8500000000000000e+02   5.8018718719482401e+01
   1.8519999999999999e+02   9.6654224395752006e+00
   1.8609999999999999e+02   1.5246974182128901e+02
   1.8709999999999999e+02   9.7442395019531295e+02
   1.8719999999999999e+02   1.8158050537109401e+02
   1.8809999999999999e+02   2.3714710937500000e+04
   1.8909999999999999e+02   1.1207851562500000e+04
   1.9000000000000000e+02   3.8947906494140597e+01
   1.9009999999999999e+02   1.3707408447265600e+03
   1.9019999999999999e+02   3.5219665527343800e+01
   1.9100000000000000e+02   2.7986576080322301e+01
   1.9119999999999999e+02   1.7151199340820298e+01
   1.9590000000000001e+02   1.2946602821350099e+01
   1.9609999999999999e+02   1.1075054168701200e+01
   1.9780000000000001e+02   1.0847748756408700e+01
   1.9800000000000000e+02   2.6774522781372099e+01
   1.9809999999999999e+02   5.6945959472656295e+02
   1.9890000000000001e+02   3.8628200531005902e+01
   1.9900000000000000e+02   2.2053691101074199e+02
   1.9909999999999999e+02   1.6228619384765599e+02
   2.0000000000000000e+02   6.6015380859375000e+01
   2.0009999999999999e+02   1.0396810302734400e+03
   2.0019999999999999e+02   1.9772827148437500e+01
   2.0100000000000000e+02   1.1947175598144500e+02
   2.0109999999999999e+02   2.8951715087890602e+02
   2.0190000000000001e+02   3.9623527526855497e+01
   2.0209999999999999e+02   6.5377874755859398e+02
   2.0219999999999999e+02   2.1135977172851599e+02
   2.0300000000000000e+02   8.8910873413085895e+01
   2.0309999999999999e+02   2.1582532882690401e+01
   2.0690000000000001e+02   9.3144054412841797e+00
   2.1080000000000001e+02   1.1107798576355000e+01
   2.1109999999999999e+02   1.0809210777282701e+01
   2.1290000000000001e+02   4.1560413360595703e+01
   2.1300000000000000e+02   2.4584493637085000e+01
   2.1490000000000001e+02   1.2485895538330099e+02
   2.1500000000000000e+02   1.5419537353515599e+02
   2.1690000000000001e+02   9.9149856567382795e+00
   2.1880000000000001e+02   8.9959192276000994e+00
   2.1890000000000001e+02   3.8351024627685497e+01
   2.1900000000000000e+02   1.0829886436462401e+01
   2.2790000000000001e+02   9.8953733444213903e+00
   2.2890000000000001e+02   9.5098594665527301e+01
   2.2909999999999999e+02   8.6784797668457003e+01
   2.2919999999999999e+02   5.5225105285644503e+01
   2.3000000000000000e+02   5.4756736755371101e+01
   2.3009999999999999e+02   3.7166476440429699e+02
   2.3030000000000001e+02   1.7533672332763700e+01
   2.3109999999999999e+02   6.9827429687500000e+04
   2.3209999999999999e+02   1.0644465820312500e+04
   2.3309999999999999e+02   9.0308160400390602e+02
   2.3319999999999999e+02   1.7428366088867199e+02
   2.3400000000000000e+02   2.6818809509277301e+01
   2.3669999999999999e+02   9.0774745941162092e+00
   2.3680000000000001e+02   6.4908889770507798e+01
   2.3700000000000000e+02   6.9682205200195298e+01
   2.3900000000000000e+02   9.1722660064697301e+00
   2.7089999999999998e+02   3.2329238891601598e+01
   2.7110000000000002e+02   7.6763183593750000e+01
   2.7119999999999999e+02   7.0984596252441406e+01
   2.8889999999999998e+02   1.0278436660766600e+01
   2.9280000000000001e+02   1.9263668060302699e+01
   2.9300000000000000e+02   7.4998107910156307e+01
   2.9319999999999999e+02   2.4468355178833001e+01
   3.3410000000000002e+02   8.3685661315917997e+01
   3.3419999999999999e+02   7.9595504760742202e+01
   3.3650000000000000e+02   9.8891067504882795e+00
   3.3710000000000002e+02   1.0058268547058100e+01
