   4.0100000000000001e+01   9.5904098510742202e+01
   4.1100000000000001e+01   3.3652470703125000e+03
   4.2000000000000000e+01   8.5622490234375000e+03
   4.3000000000000000e+01   1.1964589843750000e+03
   4.3200000000000003e+01   3.2579826354980497e+01
   4.4000000000000000e+01   1.9970932617187500e+03
   4.5000000000000000e+01   6.6643058776855497e+01
   4.9799999999999997e+01   3.0281261444091800e+01
   5.0000000000000000e+01   3.1929193115234398e+02
   5.0100000000000001e+01   1.8604148864746101e+01
   5.1000000000000000e+01   1.3595688476562500e+03
   5.1899999999999999e+01   6.4659805297851605e+01
   5.2000000000000000e+01   3.3277914428710898e+02
   5.3000000000000000e+01   4.4620944213867199e+02
   5.3100000000000001e+01   1.9597554016113301e+02
   5.3899999999999999e+01   3.3247032165527301e+01
   5.4000000000000000e+01   5.2636535644531295e+02
   5.5000000000000000e+01   2.1374260253906300e+03
   5.6000000000000000e+01   1.8440116882324201e+01
   5.6100000000000001e+01   1.3626717529296900e+03
   5.7000000000000000e+01   1.1403156250000000e+04
   5.8000000000000000e+01   5.0006930541992199e+02
   5.8100000000000001e+01   4.8416598510742199e+02
   5.9000000000000000e+01   8.2628273010253906e+01
   5.9100000000000001e+01   3.0247507095336900e+01
   6.0899999999999999e+01   1.1587671279907200e+01
   6.1799999999999997e+01   1.4387763023376500e+01
   6.2000000000000000e+01   1.2239081573486300e+02
   6.2899999999999999e+01   2.5174343872070301e+02
   6.3000000000000000e+01   5.2002209472656295e+02
   6.3899999999999999e+01   4.2246742248535199e+01
   6.4000000000000000e+01   3.1626898193359398e+02
   6.4099999999999994e+01   6.7006828308105497e+01
   6.5000000000000000e+01   3.1945280761718800e+03
   6.5799999999999997e+01   1.9161783218383800e+01
   6.6000000000000000e+01   4.7180416870117199e+02
   6.6099999999999994e+01   5.3305709838867202e+01
   6.6799999999999997e+01   2.6845335006713899e+01
   6.7000000000000000e+01   5.8052233886718795e+02
   6.7099999999999994e+01   4.6966012573242199e+02
   6.7900000000000006e+01   2.2146787643432599e+01
   6.8000000000000000e+01   1.3724606933593800e+03
   6.8099999999999994e+01   2.8122354125976602e+02
   6.9000000000000000e+01   2.0318133544921901e+02
   6.9000000000000000e+01   1.6858945312500000e+03
   7.0000000000000000e+01   1.4427030029296900e+03
   7.0900000000000006e+01   9.2376708984375000e+01
   7.1000000000000000e+01   1.8994335937500000e+02
   7.1099999999999994e+01   5.8770271301269503e+01
   7.3000000000000000e+01   4.6513172149658203e+01
   7.3799999999999997e+01   2.2941057205200199e+01
   7.4000000000000000e+01   4.2309059143066399e+01
   7.4000000000000000e+01   6.9189407348632798e+01
   7.4799999999999997e+01   1.2991363525390600e+01
   7.4900000000000006e+01   6.0255920410156300e+01
   7.5000000000000000e+01   1.1820702362060500e+02
   7.6000000000000000e+01   4.0211413574218801e+02
   7.6200000000000003e+01   7.3070381164550795e+01
   7.7000000000000000e+01   9.3965830078125000e+03
   7.8000000000000000e+01   1.3201005859375000e+03
   7.8099999999999994e+01   8.3938641357421898e+02
   7.9000000000000000e+01   3.6347919921875000e+03
   7.9799999999999997e+01   1.8796308517456101e+01
   8.0000000000000000e+01   2.0753813171386699e+02
   8.0099999999999994e+01   4.4279513549804699e+02
   8.1000000000000000e+01   1.4750854492187500e+03
   8.1900000000000006e+01   3.6503768920898402e+01
   8.2000000000000000e+01   9.5312121582031295e+02
   8.2099999999999994e+01   2.4490950012207000e+02
   8.3000000000000000e+01   4.0830364990234398e+02
   8.3099999999999994e+01   1.3134732055664099e+02
   8.3900000000000006e+01   7.2196670532226605e+01
   8.4099999999999994e+01   1.2286582031250000e+03
   8.5000000000000000e+01   9.4212715148925795e+01
   8.6000000000000000e+01   5.4724220275878899e+01
   8.6099999999999994e+01   1.5395433425903301e+01
   8.8900000000000006e+01   1.2942205810546901e+02
   8.9000000000000000e+01   4.7031817626953102e+02
   8.9099999999999994e+01   8.8576339721679702e+01
   8.9900000000000006e+01   4.2790027618408203e+01
   9.0000000000000000e+01   3.3186996459960898e+02
   9.0200000000000003e+01   1.7830191040039099e+02
   9.1000000000000000e+01   1.3098777343750000e+04
   9.1900000000000006e+01   6.0502632141113303e+01
   9.2000000000000000e+01   1.7325209960937500e+03
   9.2200000000000003e+01   3.9953178405761697e+01
   9.2900000000000006e+01   5.0155460357666001e+01
   9.3000000000000000e+01   3.4610021972656300e+03
   9.3900000000000006e+01   1.3972882080078099e+02
   9.4099999999999994e+01   1.7020697021484400e+03
   9.4200000000000003e+01   1.0092774200439500e+02
   9.4900000000000006e+01   3.9659023284912102e+01
   9.5000000000000000e+01   3.5180679321289102e+02
   9.5099999999999994e+01   2.2834234237670898e+01
   9.5200000000000003e+01   5.5922786712646499e+01
   9.5799999999999997e+01   3.1549144744873001e+01
   9.6000000000000000e+01   6.4839630126953102e+02
   9.6099999999999994e+01   9.2476977539062500e+02
   9.6799999999999997e+01   3.3256130218505902e+01
   9.6900000000000006e+01   1.1882184600830099e+02
   9.7099999999999994e+01   8.8198097229003906e+01
   9.7200000000000003e+01   2.1004693984985401e+01
   9.8000000000000000e+01   2.8423889160156301e+02
   9.8099999999999994e+01   2.4609661865234401e+02
   1.0090000000000001e+02   1.1524250030517599e+01
   1.0150000000000000e+02   1.1919526100158700e+01
   1.0170000000000000e+02   3.4556411743164098e+01
   1.0200000000000000e+02   2.7250784301757801e+02
   1.0220000000000000e+02   6.3910816192627003e+01
   1.0300000000000000e+02   3.1236264648437500e+03
   1.0390000000000001e+02   8.4098022460937500e+01
   1.0400000000000000e+02   4.8013886718750000e+03
   1.0409999999999999e+02   5.2854499816894503e+01
   1.0509999999999999e+02   1.0775760742187500e+04
   1.0590000000000001e+02   8.7815032958984403e+01
   1.0600000000000000e+02   2.2853872070312500e+03
   1.0700000000000000e+02   1.5415414428710901e+02
   1.0709999999999999e+02   1.9182351684570301e+02
   1.0790000000000001e+02   7.0658020019531307e+01
   1.0800000000000000e+02   5.7531945800781295e+02
   1.0809999999999999e+02   2.3776220703125000e+02
   1.0890000000000001e+02   1.6113102722168000e+02
   1.0900000000000000e+02   5.7016876220703102e+02
   1.0920000000000000e+02   9.7030998229980497e+01
   1.1009999999999999e+02   6.3947929687500000e+03
   1.1090000000000001e+02   5.2021732330322301e+01
   1.1100000000000000e+02   3.8362564086914102e+02
   1.1109999999999999e+02   3.0759457397460898e+02
   1.1180000000000000e+02   1.2562912940979000e+01
   1.1200000000000000e+02   5.6047833251953102e+02
   1.1220000000000000e+02   6.3449855804443402e+01
   1.1290000000000001e+02   1.1847982406616200e+01
   1.1480000000000000e+02   6.7999038696289105e+01
   1.1500000000000000e+02   4.1648187255859398e+02
   1.1509999999999999e+02   7.0493881225585895e+01
   1.1570000000000000e+02   1.1512948989868200e+01
   1.1590000000000001e+02   1.3449740600585901e+02
   1.1600000000000000e+02   1.0494230651855500e+02
   1.1620000000000000e+02   7.1808982849121094e+01
   1.1640000000000001e+02   1.1724783897399901e+01
   1.1690000000000001e+02   2.3767831420898401e+02
   1.1700000000000000e+02   1.6310535888671900e+03
   1.1800000000000000e+02   3.3428166503906300e+03
   1.1820000000000000e+02   3.5744564056396499e+01
   1.1890000000000001e+02   4.1190103149414102e+02
   1.1900000000000000e+02   7.8327423095703102e+02
   1.1909999999999999e+02   1.0691275024414099e+02
   1.1980000000000000e+02   2.6258764266967798e+01
   1.2000000000000000e+02   1.0459038543701200e+02
   1.2000000000000000e+02   4.7347695922851602e+02
   1.2020000000000000e+02   3.9013328552246101e+01
   1.2090000000000001e+02   2.4798742294311499e+01
   1.2109999999999999e+02   3.0697099685668899e+01
   1.2180000000000000e+02   1.4554231643676800e+01
   1.2480000000000000e+02   1.6573923110961900e+01
   1.2500000000000000e+02   1.0682305335998500e+01
   1.2700000000000000e+02   3.5952632904052699e+01
   1.2790000000000001e+02   9.5062095642089801e+01
   1.2800000000000000e+02   1.5524241638183599e+02
   1.2880000000000001e+02   1.8834636688232401e+01
   1.2900000000000000e+02   1.5549005126953099e+02
   1.2919999999999999e+02   9.7890304565429702e+01
   1.3000000000000000e+02   3.7417944335937500e+03
   1.3109999999999999e+02   2.5479099121093800e+03
   1.3200000000000000e+02   3.2043449707031300e+03
   1.3209999999999999e+02   3.7723317871093800e+03
   1.3290000000000001e+02   6.1178321838378899e+01
   1.3300000000000000e+02   6.4828045654296898e+02
   1.3309999999999999e+02   7.3455529785156295e+02
   1.3400000000000000e+02   5.8751647949218795e+02
   1.3409999999999999e+02   7.3374092102050795e+01
   1.3490000000000001e+02   1.9395610809326200e+01
   1.3509999999999999e+02   2.1239879608154300e+01
   1.3690000000000001e+02   5.2841941833496101e+01
   1.3700000000000000e+02   3.8699096679687500e+01
   1.4090000000000001e+02   1.1408519744873001e+01
   1.4109999999999999e+02   1.4180814743041999e+01
   1.4280000000000001e+02   1.9522680282592798e+01
   1.4290000000000001e+02   8.5373336791992202e+01
   1.4300000000000000e+02   1.8777304077148401e+02
   1.4390000000000001e+02   4.0350055694580099e+01
   1.4409999999999999e+02   1.6106632080078100e+03
   1.4509999999999999e+02   1.1362305908203100e+03
   1.4590000000000001e+02   4.0398933410644503e+01
   1.4609999999999999e+02   2.1746794433593800e+03
   1.4700000000000000e+02   2.6956903076171898e+02
   1.4719999999999999e+02   7.7265052795410199e+01
   1.4800000000000000e+02   2.0800154113769500e+02
   1.4809999999999999e+02   2.1173315429687500e+02
   1.4900000000000000e+02   1.4148173522949199e+02
   1.4909999999999999e+02   2.3295985412597699e+02
   1.5000000000000000e+02   2.1080784606933599e+02
   1.5009999999999999e+02   1.9891842651367199e+02
   1.5100000000000000e+02   1.3601151466369600e+01
   1.5109999999999999e+02   1.5103307723999000e+01
   1.5209999999999999e+02   1.9963462829589801e+01
   1.5300000000000000e+02   1.1143576049804700e+02
   1.5309999999999999e+02   1.6236221313476599e+02
   1.5390000000000001e+02   3.5316917419433601e+01
   1.5480000000000001e+02   2.6934917449951200e+01
   1.5500000000000000e+02   4.0321079254150398e+01
   1.5509999999999999e+02   1.2620937347412100e+01
   1.5580000000000001e+02   1.0725193977356000e+01
   1.5600000000000000e+02   2.3756575012207000e+02
   1.5619999999999999e+02   1.0658450126647899e+01
   1.5680000000000001e+02   2.8440561294555700e+01
   1.5700000000000000e+02   8.4685806274414105e+01
   1.5709999999999999e+02   6.1476390838622997e+01
   1.5719999999999999e+02   2.5499996185302699e+01
   1.5750000000000000e+02   1.0955530166626000e+01
   1.5800000000000000e+02   1.6725746154785199e+02
   1.5809999999999999e+02   3.2892089843750000e+02
   1.5819999999999999e+02   9.3308937072753906e+01
   1.5859999999999999e+02   1.4016869544982899e+01
   1.5890000000000001e+02   7.5148498535156307e+01
   1.5909999999999999e+02   9.6059014892578102e+02
   1.5919999999999999e+02   9.9111778259277301e+01
   1.6009999999999999e+02   1.1885712890625000e+04
   1.6100000000000000e+02   2.3128384399414099e+02
   1.6109999999999999e+02   1.3509810791015600e+03
   1.6190000000000001e+02   5.2242847442627003e+01
   1.6200000000000000e+02   2.4712181091308599e+02
   1.6219999999999999e+02   1.9174955368041999e+01
   1.6700000000000000e+02   1.7753459930419901e+01
   1.6719999999999999e+02   1.8586706161498999e+01
   1.6809999999999999e+02   2.3907011032104499e+01
   1.6980000000000001e+02   1.1219410896301300e+01
   1.7000000000000000e+02   7.1016502380371094e+01
   1.7080000000000001e+02   1.7098829269409201e+01
   1.7100000000000000e+02   1.0788076782226599e+02
   1.7200000000000000e+02   3.2920401000976602e+02
   1.7209999999999999e+02   6.8078912353515602e+02
   1.7280000000000001e+02   1.1865864753723100e+01
   1.7300000000000000e+02   1.8148527526855500e+02
   1.7309999999999999e+02   1.6826907348632801e+02
   1.7390000000000001e+02   2.6193977355956999e+01
   1.7409999999999999e+02   1.0279405517578100e+03
   1.7500000000000000e+02   8.6736297607421903e+01
   1.7519999999999999e+02   4.5328781127929702e+01
   1.8390000000000001e+02   4.0327217102050803e+01
   1.8409999999999999e+02   2.0167713928222699e+02
   1.8480000000000001e+02   1.5228414535522500e+01
   1.8500000000000000e+02   2.1002157211303700e+01
   1.8590000000000001e+02   4.9681373596191399e+01
   1.8600000000000000e+02   8.9116531372070298e+01
   1.8609999999999999e+02   1.1500598907470700e+02
   1.8700000000000000e+02   5.9473472595214801e+01
   1.8709999999999999e+02   2.0816413879394500e+02
   1.8730000000000001e+02   1.6372341156005898e+01
   1.8800000000000000e+02   4.7932258605957003e+01
   1.9600000000000000e+02   1.8122152328491200e+01
   1.9700000000000000e+02   2.8172819137573200e+01
   1.9790000000000001e+02   2.9949523925781300e+01
   1.9800000000000000e+02   5.1633435058593795e+02
   1.9809999999999999e+02   9.8434181213378906e+01
   1.9909999999999999e+02   2.7164572143554699e+02
   1.9919999999999999e+02   1.5509596252441401e+02
   2.0000000000000000e+02   1.9355390548706101e+01
   2.0009999999999999e+02   3.7220220947265602e+02
   2.0019999999999999e+02   7.8977386474609398e+02
   2.0100000000000000e+02   3.9796401977539098e+01
   2.0109999999999999e+02   8.1485455322265602e+02
   2.0109999999999999e+02   2.4887565612793000e+02
   2.0200000000000000e+02   2.2742701721191401e+02
   2.0209999999999999e+02   1.4009444580078100e+03
   2.0309999999999999e+02   3.2175100097656300e+03
   2.0400000000000000e+02   8.4137506484985405e+00
   2.0409999999999999e+02   4.8888452148437500e+02
   2.0419999999999999e+02   4.4038486480712898e+01
   2.0519999999999999e+02   1.3648651123046900e+01
   2.0690000000000001e+02   1.0966481208801300e+01
   2.1080000000000001e+02   1.4224551200866699e+01
   2.1100000000000000e+02   4.6836246490478501e+01
   2.1409999999999999e+02   1.6067647933960000e+01
   2.1480000000000001e+02   6.8707000732421903e+01
   2.1490000000000001e+02   3.2468517303466797e+01
   2.1509999999999999e+02   8.7504814147949205e+01
   2.1609999999999999e+02   4.4358300781250000e+03
   2.1700000000000000e+02   5.4769432067871101e+01
   2.1709999999999999e+02   6.6426959228515602e+02
   2.1790000000000001e+02   3.0773427963256800e+01
   2.1819999999999999e+02   1.0531673431396500e+01
   2.1890000000000001e+02   4.4917345046997097e+00
   2.3000000000000000e+02   6.4992584228515597e+01
   2.3009999999999999e+02   1.9695800781250000e+02
   2.3030000000000001e+02   1.8378723144531300e+01
   2.3109999999999999e+02   2.3525934219360401e+01
   2.3300000000000000e+02   8.4632980346679702e+01
   2.3690000000000001e+02   4.8571342468261697e+01
   2.3700000000000000e+02   1.8664464950561499e+01
   2.4109999999999999e+02   4.6782894134521499e+01
   2.4309999999999999e+02   1.4761176109314000e+01
   2.5619999999999999e+02   1.3415301322936999e+01
   2.5650000000000000e+02   1.7430858612060501e+01
   2.5680000000000001e+02   3.3555431365966797e+01
   2.5700000000000000e+02   6.5118652343750000e+01
   2.5719999999999999e+02   3.4198276519775398e+01
   2.5730000000000001e+02   7.5777091979980497e+01
   2.5760000000000002e+02   2.4387950897216800e+01
   2.5800000000000000e+02   3.6098804473877003e+01
   2.5810000000000002e+02   2.5268220520019500e+02
   2.5830000000000001e+02   8.0719825744628906e+01
   2.5919999999999999e+02   5.2965703125000000e+04
   2.6019999999999999e+02   9.9020771484375000e+03
   2.6110000000000002e+02   3.0458255004882801e+02
   2.6119999999999999e+02   4.8896340942382801e+02
   2.6130000000000001e+02   1.6801467895507801e+02
   2.6210000000000002e+02   2.5584289550781300e+01
   2.6230000000000001e+02   1.2758392333984400e+01
   2.9300000000000000e+02   2.6358928680419901e+01
   2.9310000000000002e+02   1.4350912094116200e+01
   3.2110000000000002e+02   1.4511613845825201e+01
   3.4800000000000000e+02   1.4738139152526900e+01
   3.4819999999999999e+02   2.4984476089477500e+01
   3.4830000000000001e+02   5.1583919525146499e+01
   3.4889999999999998e+02   1.2648932456970201e+01
   3.4910000000000002e+02   1.2112456321716300e+01
   3.5089999999999998e+02   1.5056239128112800e+01
