   4.0100000000000001e+01   4.5173568725585902e+01
   4.1000000000000000e+01   1.4421469726562500e+03
   4.2100000000000001e+01   5.2031997070312500e+03
   4.3000000000000000e+01   9.2449792480468795e+02
   4.4000000000000000e+01   2.8024592285156300e+03
   4.5000000000000000e+01   6.6270484924316406e+01
   4.5100000000000001e+01   3.0550743103027301e+01
   4.9899999999999999e+01   7.7062515258789105e+01
   5.0000000000000000e+01   2.4467984008789099e+02
   5.0799999999999997e+01   4.5459218025207502e+00
   5.1000000000000000e+01   1.2024731445312500e+03
   5.1100000000000001e+01   1.0445452690124499e+01
   5.1899999999999999e+01   2.3555928039550801e+02
   5.2100000000000001e+01   1.4153446960449199e+02
   5.3000000000000000e+01   5.5266027832031295e+02
   5.3899999999999999e+01   2.7811721801757798e+01
   5.4000000000000000e+01   5.4665679931640602e+02
   5.5000000000000000e+01   1.3710977783203100e+03
   5.6100000000000001e+01   1.2152164306640600e+03
   5.7000000000000000e+01   6.5689428710937500e+03
   5.8000000000000000e+01   1.6017924499511699e+02
   5.8100000000000001e+01   1.4036204528808599e+02
   5.8799999999999997e+01   3.7232246398925799e+00
   5.8899999999999999e+01   7.8125068664550795e+01
   6.0799999999999997e+01   8.0930223464965803e+00
   6.1899999999999999e+01   8.2621391296386705e+01
   6.2000000000000000e+01   2.6232179641723601e+01
   6.2799999999999997e+01   1.9232440948486300e+01
   6.3000000000000000e+01   3.3138125610351602e+02
   6.3000000000000000e+01   2.5534552001953099e+02
   6.4000000000000000e+01   2.1000396728515599e+02
   6.4000000000000000e+01   1.7514463806152301e+02
   6.5000000000000000e+01   2.5226164550781300e+03
   6.6000000000000000e+01   2.1315518188476599e+02
   6.6000000000000000e+01   3.3109823608398398e+02
   6.6900000000000006e+01   6.0266498565673800e+01
   6.7000000000000000e+01   1.1584984130859400e+03
   6.7900000000000006e+01   1.4782491683960000e+01
   6.8000000000000000e+01   1.4716536865234400e+03
   6.9000000000000000e+01   8.1024694824218795e+02
   6.9099999999999994e+01   5.7706237792968795e+02
   7.0000000000000000e+01   2.2563073730468800e+03
   7.0900000000000006e+01   6.1691322326660199e+01
   7.1000000000000000e+01   2.4037686157226599e+02
   7.2000000000000000e+01   7.9684448242187500e+00
   7.2900000000000006e+01   3.5152359008789098e+01
   7.3000000000000000e+01   5.2934921264648402e+01
   7.3900000000000006e+01   1.4074665069580099e+01
   7.4000000000000000e+01   1.0150457763671901e+02
   7.5000000000000000e+01   1.1594289398193401e+02
   7.5099999999999994e+01   7.9025726318359403e+01
   7.5900000000000006e+01   7.2932098388671903e+01
   7.6000000000000000e+01   3.3725186157226602e+02
   7.7000000000000000e+01   8.0673994140625000e+03
   7.8000000000000000e+01   1.8306345214843800e+03
   7.9000000000000000e+01   3.0327431640625000e+03
   7.9900000000000006e+01   3.6197566986083999e+01
   8.0000000000000000e+01   5.8766650390625000e+02
   8.1000000000000000e+01   3.1830740356445301e+02
   8.2000000000000000e+01   1.2347778320312500e+03
   8.3000000000000000e+01   1.6704826354980500e+02
   8.3099999999999994e+01   2.0376634216308599e+02
   8.4000000000000000e+01   5.0199603271484398e+02
   8.4099999999999994e+01   1.2450762748718301e+01
   8.4799999999999997e+01   1.0432783126831101e+01
   8.5000000000000000e+01   3.9309642791747997e+01
   8.5000000000000000e+01   3.1482549667358398e+01
   8.6000000000000000e+01   6.1445594787597699e+01
   8.8099999999999994e+01   1.0749066352844199e+01
   8.8900000000000006e+01   5.5298057556152301e+01
   8.9000000000000000e+01   4.4054107666015602e+02
   9.0000000000000000e+01   3.9214526367187500e+02
   9.0200000000000003e+01   2.4405660629272500e+01
   9.1000000000000000e+01   8.0467846679687500e+03
   9.2000000000000000e+01   5.0854483032226602e+02
   9.2000000000000000e+01   7.4102490234375000e+02
   9.3000000000000000e+01   1.1167607116699200e+02
   9.3099999999999994e+01   2.5483159179687500e+03
   9.3900000000000006e+01   2.0627508163452099e+01
   9.4000000000000000e+01   1.6670357666015600e+03
   9.4900000000000006e+01   9.0389556884765607e+00
   9.5000000000000000e+01   9.5059454345703102e+02
   9.5200000000000003e+01   8.3112411499023402e+00
   9.6099999999999994e+01   5.8797480468750000e+03
   9.7000000000000000e+01   2.6430038452148398e+02
   9.7099999999999994e+01   5.8287243652343795e+02
   9.8000000000000000e+01   2.8769259643554699e+02
   9.8099999999999994e+01   3.5179519653320298e+01
   1.0090000000000001e+02   8.6638631820678693e+00
   1.0200000000000000e+02   1.6342810058593801e+02
   1.0209999999999999e+02   1.6194320678710901e+02
   1.0300000000000000e+02   2.7818430175781300e+03
   1.0400000000000000e+02   4.1244370117187500e+03
   1.0500000000000000e+02   1.0120677734375000e+04
   1.0600000000000000e+02   9.2426856994628906e+01
   1.0600000000000000e+02   1.8954368896484400e+03
   1.0700000000000000e+02   2.2511395263671901e+02
   1.0800000000000000e+02   7.0149948120117202e+01
   1.0809999999999999e+02   2.1806091308593800e+01
   1.0890000000000001e+02   2.8494377136230501e+01
   1.0900000000000000e+02   6.0112026214599602e+01
   1.0990000000000001e+02   9.2716236114502006e+00
   1.1000000000000000e+02   1.8187728881835898e+01
   1.1100000000000000e+02   2.2232694625854499e+01
   1.1120000000000000e+02   2.6932958602905298e+01
   1.1209999999999999e+02   8.8802108764648402e+00
   1.1480000000000000e+02   8.2657823562622106e+00
   1.1500000000000000e+02   3.6483563232421898e+02
   1.1500000000000000e+02   1.8487385559082000e+02
   1.1520000000000000e+02   1.1899379730224600e+01
   1.1590000000000001e+02   3.4621112823486300e+01
   1.1600000000000000e+02   2.4659765625000000e+02
   1.1700000000000000e+02   3.2560635375976602e+02
   1.1700000000000000e+02   1.5721435546875000e+03
   1.1790000000000001e+02   5.2099052429199197e+01
   1.1800000000000000e+02   4.2719326171875000e+03
   1.1900000000000000e+02   3.1250024414062500e+02
   1.1900000000000000e+02   8.8049822998046898e+02
   1.1990000000000001e+02   4.9234371185302699e+01
   1.2000000000000000e+02   4.5403521728515602e+02
   1.2009999999999999e+02   9.9138097763061506e+00
   1.2100000000000000e+02   3.3864154815673800e+01
   1.2690000000000001e+02   2.8044076919555700e+01
   1.2700000000000000e+02   2.8443466186523398e+01
   1.2790000000000001e+02   7.4468963623046903e+01
   1.2800000000000000e+02   2.0747065734863301e+02
   1.2900000000000000e+02   9.4307243347167997e+01
   1.2909999999999999e+02   1.5671075439453099e+02
   1.3009999999999999e+02   4.6436816406250000e+03
   1.3100000000000000e+02   2.9640595703125000e+03
   1.3209999999999999e+02   6.3729238281250000e+03
   1.3290000000000001e+02   5.8304611206054702e+01
   1.3300000000000000e+02   5.5841271972656295e+02
   1.3309999999999999e+02   4.2195370483398398e+02
   1.3400000000000000e+02   1.8382612609863301e+02
   1.3409999999999999e+02   2.5533999633789099e+02
   1.3700000000000000e+02   7.7912994384765597e+01
   1.3890000000000001e+02   8.2150794982910199e+01
   1.3900000000000000e+02   2.3893621826171901e+02
   1.3909999999999999e+02   1.0159885406494099e+02
   1.3990000000000001e+02   1.6380315780639599e+01
   1.4019999999999999e+02   9.0126819610595703e+00
   1.4100000000000000e+02   5.3039726257324197e+01
   1.4200000000000000e+02   9.1678524017334002e+00
   1.4290000000000001e+02   1.2040974426269500e+02
   1.4309999999999999e+02   8.7834571838378906e+01
   1.4390000000000001e+02   1.1739360809326200e+01
   1.4409999999999999e+02   8.8108215332031295e+02
   1.4509999999999999e+02   8.0768023681640602e+02
   1.4609999999999999e+02   2.9302378906250000e+04
   1.4700000000000000e+02   8.8408256530761705e+01
   1.4709999999999999e+02   3.3017299804687500e+03
   1.4800000000000000e+02   4.2144195556640602e+02
   1.4809999999999999e+02   6.6170989990234403e+01
   1.4880000000000001e+02   2.2236707687377901e+01
   1.4890000000000001e+02   4.8281780242919901e+01
   1.4900000000000000e+02   2.2420774841308599e+02
   1.4990000000000001e+02   2.9435466766357401e+01
   1.5009999999999999e+02   1.9791410827636699e+02
   1.5300000000000000e+02   2.6702623367309599e+01
   1.5409999999999999e+02   8.0939102172851598e+00
   1.5490000000000001e+02   1.9810174942016602e+01
   1.5509999999999999e+02   3.3639995574951200e+01
   1.5590000000000001e+02   6.9491043090820298e+01
   1.5600000000000000e+02   6.9241920471191406e+01
   1.5690000000000001e+02   3.0787714004516602e+01
   1.5700000000000000e+02   8.4653236389160199e+01
   1.5719999999999999e+02   2.6909891128540000e+01
   1.5800000000000000e+02   1.0694506835937500e+03
   1.5809999999999999e+02   1.4692801513671900e+03
   1.5900000000000000e+02   8.2424139404296898e+02
   1.5990000000000001e+02   3.0171865463256800e+01
   1.6009999999999999e+02   1.2148038330078100e+03
   1.6090000000000001e+02   6.9680076599121094e+01
   1.6109999999999999e+02   1.1905133056640599e+02
   1.6209999999999999e+02   9.0116758346557599e+00
   1.6500000000000000e+02   1.7463758468627901e+01
   1.7000000000000000e+02   1.3640759468078601e+01
   1.7009999999999999e+02   3.0383390426635700e+01
   1.7100000000000000e+02   2.1959627151489300e+01
   1.7200000000000000e+02   1.5839579772949199e+02
   1.7209999999999999e+02   8.0721626281738295e+01
   1.7300000000000000e+02   5.0516754150390597e+01
   1.7309999999999999e+02   1.8103613281250000e+02
   1.7319999999999999e+02   1.6303886413574201e+01
   1.7390000000000001e+02   2.0757429122924801e+01
   1.7400000000000000e+02   1.1863962173461900e+01
   1.8090000000000001e+02   8.6157131195068395e+00
   1.8200000000000000e+02   9.2870759963989293e+00
   1.8400000000000000e+02   2.5144517898559599e+01
   1.8409999999999999e+02   3.6603234863281301e+02
   1.8500000000000000e+02   1.3166635131835901e+02
   1.8509999999999999e+02   1.5369993591308599e+02
   1.8609999999999999e+02   8.4784863281250000e+02
   1.8609999999999999e+02   3.1154898071289102e+02
   1.8690000000000001e+02   8.4701490402221697e+00
   1.8700000000000000e+02   3.8890017700195301e+02
   1.8709999999999999e+02   7.1281158447265602e+02
   1.8809999999999999e+02   1.8638338623046900e+03
   1.8909999999999999e+02   1.7935480468750000e+04
   1.9009999999999999e+02   2.5695224609375000e+03
   1.9100000000000000e+02   9.8666734695434606e+00
   1.9109999999999999e+02   1.7573483276367199e+02
   1.9119999999999999e+02   1.2542827606201200e+01
   1.9819999999999999e+02   8.3683433532714808e+00
   1.9980000000000001e+02   9.2881374359130895e+00
   2.0080000000000001e+02   9.3469839096069300e+00
   2.0100000000000000e+02   9.6874971389770508e+00
   2.0109999999999999e+02   1.0187031745910600e+01
   2.0209999999999999e+02   6.3285478515625000e+03
   2.0300000000000000e+02   2.1703603744506800e+01
   2.0309999999999999e+02   9.0182598876953102e+02
   2.0330000000000001e+02   1.5293877601623500e+01
   2.0400000000000000e+02   3.1124465942382798e+01
   2.0419999999999999e+02   1.1113062858581500e+01
   2.1080000000000001e+02   8.6454734802246094e+00
   2.1100000000000000e+02   2.6982337951660199e+01
   2.1490000000000001e+02   2.7940551757812500e+01
   2.1500000000000000e+02   3.9997283935546903e+01
   2.1600000000000000e+02   1.8681611633300801e+02
   2.1609999999999999e+02   2.0408074951171901e+02
   2.1690000000000001e+02   8.7703521728515597e+01
   2.1709999999999999e+02   1.1507830619811999e+01
   2.1869999999999999e+02   2.5519678115844702e+01
   2.1890000000000001e+02   1.7119033813476602e+01
   2.2700000000000000e+02   8.4310388565063494e+00
   2.2909999999999999e+02   9.3653478622436506e+00
   2.3300000000000000e+02   3.8958343505859403e+01
   2.3700000000000000e+02   1.1309315490722700e+02
   2.4300000000000000e+02   2.6576278686523398e+01
   2.4409999999999999e+02   1.8181735229492199e+02
   2.4519999999999999e+02   4.7997675781250000e+04
   2.4619999999999999e+02   8.1274072265625000e+03
   2.4709999999999999e+02   6.7703967285156295e+02
   2.4719999999999999e+02   1.5157923889160199e+02
   2.7889999999999998e+02   9.0619583129882795e+00
   2.7910000000000002e+02   6.1997875213622997e+01
   2.7919999999999999e+02   3.4927848815917997e+01
   2.9280000000000001e+02   8.0977506637573207e+00
   3.3410000000000002e+02   2.4688325881958001e+01
   3.3510000000000002e+02   9.8511333465576207e+00
