   4.0100000000000001e+01   1.2097939300537099e+02
   4.1100000000000001e+01   4.8302382812500000e+03
   4.2100000000000001e+01   6.3620815429687500e+03
   4.3100000000000001e+01   1.7721021484375000e+04
   4.4000000000000000e+01   3.5106538085937500e+03
   4.4799999999999997e+01   1.9190059661865199e+01
   4.5000000000000000e+01   7.0419227600097699e+01
   4.9899999999999999e+01   6.2442749023437500e+01
   5.0000000000000000e+01   1.7929957580566401e+02
   5.0899999999999999e+01   9.5708740234375000e+01
   5.1000000000000000e+01   6.4120867919921898e+02
   5.1899999999999999e+01   7.1570213317871094e+01
   5.2000000000000000e+01   2.6870285034179699e+02
   5.2899999999999999e+01   1.5559678649902301e+02
   5.3000000000000000e+01   3.5554232788085898e+02
   5.4000000000000000e+01   6.2343548583984398e+02
   5.5000000000000000e+01   4.2685229492187500e+02
   5.5000000000000000e+01   1.2634444580078100e+03
   5.5899999999999999e+01   3.1484600067138700e+01
   5.6000000000000000e+01   7.1417523193359398e+02
   5.6100000000000001e+01   5.2759094238281295e+02
   5.7000000000000000e+01   1.0701274414062500e+03
   5.7899999999999999e+01   4.3570919036865199e+01
   5.8100000000000001e+01   8.9422080993652301e+01
   5.8899999999999999e+01   2.1472630310058599e+02
   5.9200000000000003e+01   1.4822607040405300e+01
   6.1000000000000000e+01   1.1120183944702100e+01
   6.1700000000000003e+01   1.5603467941284199e+01
   6.1899999999999999e+01   9.1340492248535199e+01
   6.2000000000000000e+01   9.0299156188964801e+01
   6.2200000000000003e+01   1.5474267005920399e+01
   6.2799999999999997e+01   1.3338096618652299e+01
   6.3000000000000000e+01   5.2875463867187500e+02
   6.3100000000000001e+01   5.2466945648193402e+01
   6.3899999999999999e+01   7.3530761718750000e+01
   6.4000000000000000e+01   1.0643220520019500e+02
   6.5000000000000000e+01   2.0282713623046900e+03
   6.5900000000000006e+01   1.6142935180664099e+02
   6.6099999999999994e+01   6.8102828979492202e+01
   6.6799999999999997e+01   2.5895923614501999e+01
   6.7000000000000000e+01   8.8417224121093795e+02
   6.7200000000000003e+01   1.0500859069824200e+02
   6.7900000000000006e+01   1.0075514984130901e+02
   6.8000000000000000e+01   1.4582523193359400e+03
   6.8900000000000006e+01   9.4094017028808594e+01
   6.9000000000000000e+01   1.5949527587890600e+03
   7.0099999999999994e+01   2.7857321777343800e+03
   7.1000000000000000e+01   6.7969091796875000e+03
   7.2000000000000000e+01   3.1015164184570301e+02
   7.2799999999999997e+01   1.1467536926269499e+01
   7.3000000000000000e+01   4.4712490081787102e+01
   7.3900000000000006e+01   1.3028720092773401e+02
   7.4099999999999994e+01   2.0384799957275401e+01
   7.5000000000000000e+01   4.4580438232421898e+02
   7.5099999999999994e+01   5.6662335205078102e+02
   7.6000000000000000e+01   8.3089439392089801e+01
   7.6099999999999994e+01   1.5187095642089801e+02
   7.7000000000000000e+01   3.1322387695312500e+03
   7.7900000000000006e+01   4.1080880737304699e+02
   7.8000000000000000e+01   8.4258941650390602e+02
   7.9000000000000000e+01   2.5763078613281300e+03
   7.9900000000000006e+01   6.6492454528808594e+01
   8.0000000000000000e+01   4.4402825927734398e+02
   8.0099999999999994e+01   1.6503683471679699e+02
   8.0900000000000006e+01   3.0041040039062500e+02
   8.1000000000000000e+01   1.2314044952392599e+02
   8.1099999999999994e+01   2.6047361373901399e+01
   8.2000000000000000e+01   2.1831092834472699e+02
   8.2099999999999994e+01   1.3976466064453100e+03
   8.2900000000000006e+01   5.4318824768066399e+01
   8.3000000000000000e+01   1.0013823852539100e+03
   8.3099999999999994e+01   7.4536659240722699e+01
   8.4000000000000000e+01   3.5291360473632801e+02
   8.4099999999999994e+01   4.0585961914062500e+02
   8.4900000000000006e+01   3.8859317779541001e+01
   8.5000000000000000e+01   4.1458889007568402e+01
   8.5200000000000003e+01   4.5052642822265597e+01
   8.7799999999999997e+01   1.2340715408325201e+01
   8.8099999999999994e+01   1.7012811660766602e+01
   8.8799999999999997e+01   2.3793348312377901e+01
   8.8900000000000006e+01   2.7771548461914102e+02
   8.9000000000000000e+01   3.3346768188476602e+02
   8.9200000000000003e+01   2.4864700317382798e+01
   8.9900000000000006e+01   7.4513694763183594e+01
   9.0000000000000000e+01   1.8037455749511699e+02
   9.0099999999999994e+01   1.4927340698242199e+02
   9.1000000000000000e+01   9.3519619140625000e+03
   9.2000000000000000e+01   2.9540280151367199e+02
   9.2000000000000000e+01   6.9310510253906295e+02
   9.2900000000000006e+01   3.2508937835693402e+01
   9.3000000000000000e+01   2.2453219604492199e+02
   9.3099999999999994e+01   1.6154979705810501e+01
   9.4000000000000000e+01   9.6680279541015602e+02
   9.4099999999999994e+01   2.0952317810058599e+02
   9.5000000000000000e+01   4.7435244140625000e+03
   9.6099999999999994e+01   6.3246655273437500e+03
   9.7000000000000000e+01   9.5748779296875000e+02
   9.7200000000000003e+01   2.3315969467163100e+01
   9.7900000000000006e+01   6.0284000396728501e+01
   9.8000000000000000e+01   5.0665014648437500e+02
   9.9000000000000000e+01   1.4818057060241699e+01
   1.0009999999999999e+02   2.4376817703247099e+01
   1.0090000000000001e+02   1.2682957458496099e+02
   1.0100000000000000e+02   3.4735786437988303e+01
   1.0190000000000001e+02   1.0975895881652800e+01
   1.0200000000000000e+02   1.9710043334960901e+02
   1.0209999999999999e+02   1.2503161621093800e+02
   1.0300000000000000e+02   2.6250214843750000e+03
   1.0400000000000000e+02   8.6678680419921898e+02
   1.0409999999999999e+02   6.9127783203125000e+02
   1.0509999999999999e+02   9.2493945312500000e+03
   1.0600000000000000e+02   5.5209259033203102e+02
   1.0609999999999999e+02   3.7251388549804699e+02
   1.0620000000000000e+02   2.5514318466186499e+01
   1.0680000000000000e+02   2.9822113037109400e+01
   1.0700000000000000e+02   8.3532432556152301e+01
   1.0709999999999999e+02   6.4200721740722699e+01
   1.0720000000000000e+02   2.0456998825073200e+01
   1.0790000000000001e+02   1.3816320800781301e+02
   1.0809999999999999e+02   9.0485855102539105e+01
   1.0900000000000000e+02   4.0553817749023398e+02
   1.0900000000000000e+02   1.3946527099609400e+03
   1.1000000000000000e+02   7.5905865478515602e+02
   1.1009999999999999e+02   1.1396077728271500e+02
   1.1100000000000000e+02   1.9759993896484400e+03
   1.1109999999999999e+02   3.4921314239502003e+01
   1.1200000000000000e+02   3.1152423095703102e+02
   1.1220000000000000e+02   3.7007732391357401e+01
   1.1490000000000001e+02   1.1841043853759800e+02
   1.1500000000000000e+02   1.3052929687500000e+02
   1.1509999999999999e+02   3.6322334289550803e+01
   1.1590000000000001e+02   7.9778732299804702e+01
   1.1600000000000000e+02   5.4160923004150398e+01
   1.1690000000000001e+02   1.8392256164550801e+02
   1.1700000000000000e+02   3.6333724975585898e+02
   1.1709999999999999e+02   3.1522739410400401e+01
   1.1790000000000001e+02   1.4623540878295900e+01
   1.1809999999999999e+02   8.7311035156250000e+01
   1.1900000000000000e+02   2.4066616058349599e+01
   1.2000000000000000e+02   3.1564859390258800e+01
   1.2020000000000000e+02   1.7420877456665000e+01
   1.2100000000000000e+02   2.7267022705078102e+02
   1.2109999999999999e+02   1.0590152740478500e+02
   1.2200000000000000e+02   3.5948391113281300e+03
   1.2300000000000000e+02   1.1663291015625000e+03
   1.2400000000000000e+02   6.9014648437500000e+02
   1.2480000000000000e+02   1.3318206787109400e+01
   1.2500000000000000e+02   4.3893169403076200e+01
   1.2709999999999999e+02   2.6134088516235401e+01
   1.2780000000000000e+02   2.9205823898315401e+01
   1.2800000000000000e+02   5.9167514801025398e+01
   1.2880000000000001e+02   6.6100677490234403e+01
   1.2900000000000000e+02   8.1852149963378906e+01
   1.2919999999999999e+02   1.1274230957031300e+01
   1.2990000000000001e+02   5.4986682891845703e+01
   1.3000000000000000e+02   1.0391685791015600e+03
   1.3080000000000001e+02   1.3750959396362299e+01
   1.3100000000000000e+02   1.5749514770507801e+02
   1.3109999999999999e+02   9.5282844543457003e+01
   1.3200000000000000e+02   2.5288435363769500e+02
   1.3209999999999999e+02   1.9347155761718801e+02
   1.3290000000000001e+02   4.6044281005859403e+01
   1.3309999999999999e+02   1.3950349426269500e+02
   1.3390000000000001e+02   6.1853340148925803e+01
   1.3409999999999999e+02   2.3133786010742199e+02
   1.3419999999999999e+02   1.4589938354492199e+02
   1.3490000000000001e+02   2.4551329040527301e+02
   1.3500000000000000e+02   7.2718713378906295e+02
   1.3590000000000001e+02   5.9077827453613303e+01
   1.3600000000000000e+02   2.4825776367187500e+03
   1.3700000000000000e+02   1.5476968994140600e+03
   1.3790000000000001e+02   3.1439245223998999e+01
   1.3800000000000000e+02   2.1783317565918000e+02
   1.3809999999999999e+02   2.7665176391601602e+02
   1.3900000000000000e+02   7.3380316162109398e+02
   1.3990000000000001e+02   2.3783023834228501e+01
   1.4009999999999999e+02   1.5931797981262200e+01
   1.4109999999999999e+02   1.1222558021545399e+01
   1.4300000000000000e+02   5.8141716003417997e+01
   1.4380000000000001e+02   4.1477272033691399e+01
   1.4400000000000000e+02   2.1481236267089801e+02
   1.4419999999999999e+02   4.8688808441162102e+01
   1.4490000000000001e+02   3.0147214889526399e+01
   1.4509999999999999e+02   1.1299860000610400e+01
   1.4600000000000000e+02   1.9500765991210901e+02
   1.4609999999999999e+02   1.2110356903076200e+02
   1.4680000000000001e+02   2.8207386016845700e+01
   1.4709999999999999e+02   5.8858028411865199e+01
   1.4790000000000001e+02   7.9246994018554702e+01
   1.4800000000000000e+02   3.6219936523437500e+03
   1.4900000000000000e+02   2.6625168457031300e+03
   1.4909999999999999e+02   5.2902931213378899e+01
   1.5009999999999999e+02   3.7798093261718800e+03
   1.5059999999999999e+02   3.2775959014892599e+01
   1.5100000000000000e+02   2.3578953552246099e+02
   1.5109999999999999e+02   4.2093338012695301e+02
   1.5190000000000001e+02   3.1972583770751999e+01
   1.5200000000000000e+02   1.1311585998535200e+02
   1.5400000000000000e+02   3.9657165527343800e+01
   1.5580000000000001e+02   2.6853700637817401e+01
   1.5600000000000000e+02   1.1871347427368200e+01
   1.5609999999999999e+02   5.3059143066406300e+01
   1.5780000000000001e+02   2.3979503631591800e+01
   1.5790000000000001e+02   2.2345844268798800e+01
   1.5809999999999999e+02   9.7878974914550795e+01
   1.5819999999999999e+02   1.8017505645751999e+01
   1.5859999999999999e+02   1.6697086334228501e+01
   1.5880000000000001e+02   1.9400938034057599e+01
   1.5900000000000000e+02   6.7082473754882798e+01
   1.5909999999999999e+02   6.7300407409667997e+01
   1.5990000000000001e+02   4.0328819274902301e+01
   1.6000000000000000e+02   6.0238275146484398e+02
   1.6019999999999999e+02   6.2484188079833999e+01
   1.6100000000000000e+02   2.2297570800781301e+02
   1.6109999999999999e+02   1.5632772445678700e+01
   1.6190000000000001e+02   2.0587187194824199e+02
   1.6200000000000000e+02   4.4520092773437500e+02
   1.6280000000000001e+02   4.6941856384277301e+01
   1.6300000000000000e+02   7.6582557678222699e+01
   1.6309999999999999e+02   6.6544860839843795e+02
   1.6409999999999999e+02   1.4146512695312500e+04
   1.6500000000000000e+02   1.7678785400390600e+03
   1.6590000000000001e+02   8.3282447814941406e+01
   1.6600000000000000e+02   1.4616508483886699e+02
   1.6619999999999999e+02   1.9424167633056602e+01
   1.6709999999999999e+02   1.3861329078674300e+01
   1.6790000000000001e+02   1.1641283035278301e+01
   1.7300000000000000e+02   1.2518240928649901e+01
   1.7400000000000000e+02   1.0835319519043001e+01
   1.7409999999999999e+02   5.3381938934326200e+01
   1.7490000000000001e+02   6.9161048889160199e+01
   1.7509999999999999e+02   2.2709701538085898e+01
   1.7519999999999999e+02   2.4063062667846701e+01
   1.7600000000000000e+02   5.0105801391601602e+02
   1.7609999999999999e+02   5.8759521484375000e+01
   1.7700000000000000e+02   2.0669267272949199e+02
   1.7709999999999999e+02   3.4665948486328102e+02
   1.7800000000000000e+02   1.4626243591308599e+02
   1.7809999999999999e+02   1.0763285827636700e+02
   1.7890000000000001e+02   3.8883766174316399e+01
   1.7909999999999999e+02   4.1301628112792997e+01
   1.8080000000000001e+02   1.3344254493713400e+01
   1.8100000000000000e+02   1.6947485351562500e+02
   1.8109999999999999e+02   1.2734790802002000e+02
   1.8190000000000001e+02   6.6547523498535199e+01
   1.8200000000000000e+02   9.0933792114257798e+01
   1.8209999999999999e+02   3.7577186584472699e+01
   1.8309999999999999e+02   3.2237586975097699e+01
   1.8400000000000000e+02   1.9967079162597699e+02
   1.8409999999999999e+02   4.6042193603515602e+02
   1.8500000000000000e+02   2.1294740295410199e+02
   1.8509999999999999e+02   2.2753286743164099e+02
   1.8519999999999999e+02   3.5247638702392599e+01
   1.8600000000000000e+02   1.0177464294433599e+02
   1.8609999999999999e+02   1.3130439453125000e+03
   1.8700000000000000e+02   1.3784704589843801e+02
   1.8709999999999999e+02   2.5209013366699199e+02
   1.8790000000000001e+02   2.6363433837890600e+01
   1.8809999999999999e+02   1.3015286865234400e+03
   1.8909999999999999e+02   2.4518258666992199e+02
   1.8919999999999999e+02   1.2689797401428200e+01
   1.8990000000000001e+02   5.9581634521484403e+01
   1.9080000000000001e+02   1.2249152183532701e+01
   1.9090000000000001e+02   6.8548774719238295e+01
   1.9109999999999999e+02   1.0994995117187500e+02
   1.9119999999999999e+02   3.8423488616943402e+01
   1.9209999999999999e+02   5.7413623809814503e+01
   1.9290000000000001e+02   1.0856415748596200e+01
   2.0390000000000001e+02   2.3285251617431602e+01
   2.0419999999999999e+02   2.7687694549560501e+01
   2.0509999999999999e+02   9.0479241943359398e+02
   2.0519999999999999e+02   9.2341735839843807e+01
   2.0600000000000000e+02   1.2817811584472699e+02
   2.0609999999999999e+02   1.0261409912109400e+03
   2.0709999999999999e+02   1.2219970703125000e+04
   2.0809999999999999e+02   1.7741135253906300e+03
   2.0909999999999999e+02   6.3719509124755902e+01
   2.1480000000000001e+02   7.9803573608398395e+01
   2.1500000000000000e+02   3.0284179687500000e+01
   2.1509999999999999e+02   2.1499216079711900e+01
   2.1569999999999999e+02   1.2740765571594199e+01
   2.1690000000000001e+02   1.2847960472106900e+01
   2.1890000000000001e+02   1.2745887756347701e+01
   2.1909999999999999e+02   2.4295248031616200e+01
   2.3080000000000001e+02   1.2781519889831500e+01
   2.3100000000000000e+02   1.0977082252502401e+01
   2.3109999999999999e+02   2.5185611724853501e+01
   2.3290000000000001e+02   7.4589759826660199e+01
   2.3309999999999999e+02   2.4437900543212901e+01
   2.3409999999999999e+02   9.5703405761718795e+02
   2.3409999999999999e+02   7.0297058105468795e+02
   2.3509999999999999e+02   1.9534643554687500e+02
   2.3519999999999999e+02   3.0735530853271499e+01
   2.3669999999999999e+02   1.1845282554626500e+01
   2.3690000000000001e+02   5.6360523223877003e+01
   2.3700000000000000e+02   4.1740783691406300e+01
   2.4800000000000000e+02   3.0854310989379901e+01
   2.4809999999999999e+02   9.5192703247070298e+01
   2.6900000000000000e+02   1.3039872169494600e+01
   2.7469999999999999e+02   1.9094898223876999e+01
   2.7480000000000001e+02   1.3815247535705600e+01
   2.7530000000000001e+02   2.6749956130981399e+01
   2.7539999999999998e+02   1.1834251403808601e+01
   2.7619999999999999e+02   2.0862544250488301e+02
   2.7719999999999999e+02   3.3510101562500000e+04
   2.7819999999999999e+02   6.3906528320312500e+03
   2.7900000000000000e+02   9.2314880371093807e+01
   2.7910000000000002e+02   2.6025909423828102e+02
   2.7919999999999999e+02   3.4901791381835898e+02
   2.9689999999999998e+02   1.2166150093078601e+01
   2.9700000000000000e+02   4.6609001159667997e+01
   3.6600000000000000e+02   1.2227383613586399e+01
   3.6619999999999999e+02   4.7773403167724602e+01
   3.6619999999999999e+02   1.1748785972595201e+01
   3.6700000000000000e+02   1.8007980346679702e+01
   3.6930000000000001e+02   1.2820687294006300e+01
