   4.0000000000000000e+01   4.1060471534728998e-01
   4.0100000000000001e+01   2.6242969036102299e+00
   4.0899999999999999e+01   1.5625530242919901e+01
   4.1000000000000000e+01   2.1082618713378899e+01
   4.1200000000000003e+01   9.9788656234741193e+00
   4.1799999999999997e+01   4.5878224372863796e+00
   4.1899999999999999e+01   2.0422994613647500e+01
   4.2100000000000001e+01   1.5345972061157200e+01
   4.3799999999999997e+01   5.0524120330810497e+01
   4.4000000000000000e+01   1.1698562622070300e+01
   4.4799999999999997e+01   5.5475864410400400e+00
   4.4899999999999999e+01   2.1515653610229499e+01
   4.9799999999999997e+01   7.9567227363586399e+00
   5.0000000000000000e+01   2.1313127517700199e+01
   5.0899999999999999e+01   9.7668060302734403e+01
   5.1000000000000000e+01   5.0138858795166001e+01
   5.1799999999999997e+01   2.8368148803710902e+00
   5.2000000000000000e+01   1.2386068344116200e+01
   5.2899999999999999e+01   8.5116281509399396e+00
   5.3000000000000000e+01   1.5219859123230000e+01
   5.3200000000000003e+01   4.9113690853118902e-01
   5.4000000000000000e+01   1.5226576805114700e+01
   5.4100000000000001e+01   7.6499528884887704e+00
   5.4899999999999999e+01   1.6545160293579102e+01
   5.4899999999999999e+01   7.3709472656250000e+01
   5.5100000000000001e+01   4.5294521331787102e+01
   5.5899999999999999e+01   1.2524129867553700e+01
   5.6100000000000001e+01   2.0535079956054702e+01
   5.6899999999999999e+01   1.2653677368164099e+02
   5.7000000000000000e+01   3.1924890136718801e+02
   5.7100000000000001e+01   6.7406791687011705e+01
   5.7799999999999997e+01   4.8687734603881800e+00
   5.7899999999999999e+01   2.6028685569763201e+00
   5.8700000000000003e+01   2.4257919788360600e+00
   5.8799999999999997e+01   1.4101943969726600e+01
   5.8899999999999999e+01   2.1912246704101602e+01
   5.9000000000000000e+01   6.5158615112304696e+00
   6.2899999999999999e+01   2.8492908477783200e+01
   6.3200000000000003e+01   2.3055288791656499e+00
   6.4000000000000000e+01   4.6880245208740199e+00
   6.4799999999999997e+01   8.5922555923461896e+00
   6.4900000000000006e+01   1.1366316986084000e+02
   6.5000000000000000e+01   1.1903963470459000e+02
   6.5200000000000003e+01   1.1154701232910201e+01
   6.5799999999999997e+01   2.7833056449890101e+00
   6.6000000000000000e+01   3.8462318420410199e+01
   6.6099999999999994e+01   1.4593563079834000e+01
   6.6799999999999997e+01   2.6278228759765598e+00
   6.6900000000000006e+01   1.0421076774597200e+01
   6.7099999999999994e+01   1.2200078964233400e+01
   6.7200000000000003e+01   3.1254835128784202e+00
   6.7900000000000006e+01   1.3765742301940900e+01
   6.8099999999999994e+01   1.0523765563964799e+01
   6.8799999999999997e+01   9.8323450088500994e+00
   6.8900000000000006e+01   2.3066337585449201e+01
   6.9099999999999994e+01   6.0427927970886204e+00
   6.9900000000000006e+01   4.9152641296386701e+00
   7.0900000000000006e+01   1.5903088569641101e+01
   7.1099999999999994e+01   1.4292406082153301e+01
   7.2900000000000006e+01   1.1749682426452599e+01
   7.3200000000000003e+01   5.0576314926147496e+00
   7.3799999999999997e+01   2.8251245021820099e+00
   7.4799999999999997e+01   1.0322398185730000e+01
   7.5099999999999994e+01   3.3743369579315199e+00
   7.5799999999999997e+01   2.2472186088561998e+00
   7.5900000000000006e+01   8.3812606334686302e-01
   7.6099999999999994e+01   2.7385189533233598e+00
   7.6200000000000003e+01   2.5465373992919900e+00
   7.6299999999999997e+01   3.3542919158935498e+00
   7.6900000000000006e+01   3.6800025939941399e+01
   7.7000000000000000e+01   5.4932421875000000e+02
   7.7799999999999997e+01   2.3465637207031300e+01
   7.7900000000000006e+01   8.1841567993164105e+01
   7.8000000000000000e+01   4.5145484924316399e+01
   7.8900000000000006e+01   2.1011810302734400e+01
   7.9099999999999994e+01   3.6514465332031300e+01
   7.9200000000000003e+01   5.1572265625000000e+00
   7.9799999999999997e+01   2.3790061950683601e+01
   8.0000000000000000e+01   6.2884082794189503e+01
   8.0099999999999994e+01   1.2640151023864700e+01
   8.0700000000000003e+01   2.2381703853607200e+00
   8.0900000000000006e+01   5.7877502441406303e+00
   8.1000000000000000e+01   2.9190847396850600e+01
   8.1099999999999994e+01   1.5183370590210000e+01
   8.1900000000000006e+01   4.4746913909912102e+01
   8.2000000000000000e+01   4.0304985046386697e+01
   8.2099999999999994e+01   4.7160991668701200e+01
   8.2900000000000006e+01   3.0010135173797599e+00
   8.3000000000000000e+01   3.5033882141113303e+01
   8.3200000000000003e+01   8.6980438232421893e+00
   8.3900000000000006e+01   4.5502190589904803e+00
   8.4000000000000000e+01   1.0914583206176800e+01
   8.4099999999999994e+01   4.4141588211059597e+00
   9.0799999999999997e+01   3.3845942020416300e+00
   9.0900000000000006e+01   6.3780567169189503e+01
   9.1000000000000000e+01   1.2414743041992200e+02
   9.1200000000000003e+01   1.4892665863037100e+01
   9.1900000000000006e+01   3.2630565643310497e+01
   9.2000000000000000e+01   3.1985582351684599e+01
   9.2099999999999994e+01   1.8902853012085000e+01
   9.2799999999999997e+01   3.6015577316284202e+00
   9.2900000000000006e+01   1.1498812103271500e+02
   9.3000000000000000e+01   1.9778349304199199e+02
   9.3099999999999994e+01   1.5238153076171901e+02
   9.3200000000000003e+01   5.7469086647033700e+00
   9.3799999999999997e+01   2.0346151351928700e+01
   9.4000000000000000e+01   4.8948715209960902e+01
   9.4099999999999994e+01   1.6090644836425799e+01
   9.4900000000000006e+01   5.0304355621337900e+00
   9.5799999999999997e+01   7.8803849220275897e+00
   9.5900000000000006e+01   1.9037853240966800e+01
   9.6099999999999994e+01   1.7008605957031300e+01
   9.6799999999999997e+01   6.3896743774414098e+01
   9.6900000000000006e+01   1.7525871276855500e+02
   9.7000000000000000e+01   1.2989680480957000e+02
   9.7200000000000003e+01   4.1441254615783700e+00
   9.7799999999999997e+01   2.3534352779388401e+00
   9.8099999999999994e+01   2.1546542644500701e+00
   1.0270000000000000e+02   2.6767516136169398e+00
   1.0290000000000001e+02   9.1231164932250994e+00
   1.0309999999999999e+02   1.0430061340331999e+01
   1.0380000000000000e+02   4.8015871047973597e+00
   1.0390000000000001e+02   1.5169331359863301e+02
   1.0409999999999999e+02   8.4721015930175795e+01
   1.0480000000000000e+02   2.7196655273437500e+00
   1.0490000000000001e+02   3.1472949981689499e+01
   1.0509999999999999e+02   1.3328278541564901e+01
   1.0530000000000000e+02   2.3947508335113499e+00
   1.0590000000000001e+02   3.0655656814575199e+01
   1.0609999999999999e+02   1.4846843719482401e+01
   1.0700000000000000e+02   2.4122958183288601e+00
   1.0709999999999999e+02   2.3476605415344198e+00
   1.0780000000000000e+02   2.2381507873535199e+01
   1.0800000000000000e+02   1.5118186950683601e+01
   1.0809999999999999e+02   1.8970371246337901e+01
   1.0870000000000000e+02   5.5241203308105504e+00
   1.0880000000000000e+02   3.4760589599609403e+01
   1.0890000000000001e+02   1.1583628845214800e+02
   1.0900000000000000e+02   8.3419151306152301e+01
   1.0909999999999999e+02   1.0932366371154799e+01
   1.0990000000000001e+02   3.3310122680664102e+02
   1.1000000000000000e+02   2.6121954345703102e+02
   1.1070000000000000e+02   4.7113914489746103e+00
   1.1090000000000001e+02   2.4872289657592798e+01
   1.1100000000000000e+02   4.2906784057617202e+01
   1.1109999999999999e+02   1.3541834831237800e+01
   1.1190000000000001e+02   1.0397351264953601e+01
   1.1520000000000000e+02   3.1341860294342001e+00
   1.1609999999999999e+02   2.2139799594879199e+00
   1.1680000000000000e+02   5.1431903839111301e+00
   1.1690000000000001e+02   4.1366123199462898e+01
   1.1700000000000000e+02   3.9491863250732401e+01
   1.1709999999999999e+02   3.0234859466552699e+01
   1.1720000000000000e+02   2.7942974567413299e+00
   1.1770000000000000e+02   2.2194898128509499e+00
   1.1790000000000001e+02   4.4802429199218800e+01
   1.1800000000000000e+02   1.1280269622802700e+02
   1.1809999999999999e+02   6.7372055053710895e+01
   1.1890000000000001e+02   3.3548450469970703e+01
   1.1900000000000000e+02   9.7556251525878906e+01
   1.1909999999999999e+02   3.6418315887451200e+01
   1.1980000000000000e+02   2.4221410751342800e+00
   1.1990000000000001e+02   1.2724947929382299e+01
   1.2009999999999999e+02   1.4718969345092800e+01
   1.2009999999999999e+02   5.5813527107238796e+00
   1.2090000000000001e+02   7.4236135482788104e+00
   1.2180000000000000e+02   2.6733016967773402e+00
   1.2200000000000000e+02   1.0541521072387701e+01
   1.2209999999999999e+02   8.3121833801269496e+00
   1.2270000000000000e+02   3.3004741668701199e+00
   1.2290000000000001e+02   6.7305137634277301e+01
   1.2300000000000000e+02   6.9182556152343807e+01
   1.2909999999999999e+02   2.4380984306335400e+00
   1.2980000000000001e+02   3.9984259605407702e+00
   1.2990000000000001e+02   9.9275245666503906e+01
   1.3000000000000000e+02   1.6929071044921901e+02
   1.3009999999999999e+02   1.8552240371704102e+01
   1.3080000000000001e+02   5.8476758003234899e+00
   1.3090000000000001e+02   5.6876213073730497e+01
   1.3109999999999999e+02   3.7359329223632798e+01
   1.3190000000000001e+02   2.5689559936523398e+01
   1.3200000000000000e+02   1.3881602478027301e+02
   1.3209999999999999e+02   9.5618331909179702e+01
   1.3290000000000001e+02   8.1455774307250994e+00
   1.3309999999999999e+02   5.3190455436706499e+00
   1.3369999999999999e+02   2.4201860427856401e+00
   1.3400000000000000e+02   2.9342253208160400e+00
   1.3480000000000001e+02   4.6122245788574201e+00
   1.3500000000000000e+02   3.1206846237182599e+01
   1.3509999999999999e+02   1.1364784240722701e+01
   1.3559999999999999e+02   2.6168186664581299e+00
   1.3580000000000001e+02   1.9647733688354499e+01
   1.3590000000000001e+02   1.4019841003418000e+02
   1.3600000000000000e+02   1.5808392333984401e+02
   1.3609999999999999e+02   9.8259094238281307e+01
   1.3690000000000001e+02   5.8857048034667997e+01
   1.3700000000000000e+02   8.1853240966796903e+01
   1.3709999999999999e+02   8.4937686920165998e+00
   1.3769999999999999e+02   5.4849066734314000e+00
   1.3790000000000001e+02   2.1317602157592798e+01
   1.3800000000000000e+02   4.6054275512695298e+01
   1.3809999999999999e+02   1.2434439659118700e+01
   1.3890000000000001e+02   3.1896409988403298e+00
   1.3900000000000000e+02   2.3162281513214098e+00
   1.4090000000000001e+02   6.1386835575103804e-01
   1.4119999999999999e+02   3.2684886455535902e+00
   1.4390000000000001e+02   8.9102678298950195e+00
   1.4409999999999999e+02   1.0040565490722701e+01
   1.4519999999999999e+02   5.2479915618896502e+00
   1.4580000000000001e+02   2.6828079223632799e+00
   1.4600000000000000e+02   5.8572449684143102e+00
   1.4609999999999999e+02   1.1604708671569799e+01
   1.4700000000000000e+02   2.3887543678283700e+00
   1.4800000000000000e+02   4.0537977218627903e+00
   1.4890000000000001e+02   3.4914443969726598e+01
   1.4909999999999999e+02   5.5935680389404297e+01
   1.4990000000000001e+02   6.5792388916015598e+00
   1.5000000000000000e+02   1.3709182739257800e+01
   1.5019999999999999e+02   4.4626641273498500e+00
   1.5069999999999999e+02   5.0323057174682599e+00
   1.5100000000000000e+02   2.4862151145935099e+00
   1.5200000000000000e+02   4.7785053253173801e+00
   1.5500000000000000e+02   9.9059362411499006e+00
   1.5590000000000001e+02   8.8836498260497994e+00
   1.5609999999999999e+02   1.5409005165100099e+01
   1.5690000000000001e+02   9.6394500732421893e+00
   1.5709999999999999e+02   1.7629404067993200e+01
   1.5730000000000001e+02   2.4789817333221400e+00
   1.5780000000000001e+02   2.7088496685028098e+00
   1.5790000000000001e+02   6.5360939025878906e+01
   1.5800000000000000e+02   6.5707283020019503e+01
   1.5819999999999999e+02   2.0229305267333999e+01
   1.5869999999999999e+02   1.8531723022460900e+00
   1.5890000000000001e+02   3.2004215240478501e+01
   1.5900000000000000e+02   4.1717136383056598e+01
   1.5909999999999999e+02   2.2227632522583001e+01
   1.5990000000000001e+02   2.8051655292511000e+00
   1.6180000000000001e+02   2.3157513141632098e+00
   1.6190000000000001e+02   1.0443568229675300e+01
   1.6209999999999999e+02   1.0572619438171399e+01
   1.6280000000000001e+02   5.7722496986389196e+00
   1.6300000000000000e+02   1.3847949981689499e+01
   1.6380000000000001e+02   2.1087417602539102e+01
   1.6390000000000001e+02   8.7875709533691406e+01
   1.6400000000000000e+02   8.4538040161132798e+01
   1.6419999999999999e+02   2.3431658744811998e+00
   1.6519999999999999e+02   5.5434308052062997e+00
   1.6909999999999999e+02   5.5067095756530797e+00
   1.7009999999999999e+02   3.1128249168396001e+00
   1.7300000000000000e+02   2.2456083297729501e+00
   1.7590000000000001e+02   4.8403100967407200e+00
   1.8690000000000001e+02   2.4075984954834002e+00
   1.8780000000000001e+02   1.1121830940246600e+01
   1.8800000000000000e+02   2.7185415267944300e+01
   1.8809999999999999e+02   1.5333297729492200e+01
   1.8890000000000001e+02   7.9821968078613299e+00
   1.8909999999999999e+02   1.6310455322265600e+01
   1.8980000000000001e+02   1.2078716278076200e+01
   1.9000000000000000e+02   1.8251681518554699e+02
   1.9009999999999999e+02   2.3891152954101599e+02
   1.9080000000000001e+02   2.6559681892395002e+00
   1.9100000000000000e+02   1.4832174682617199e+02
   1.9109999999999999e+02   2.0837974548339801e+02
   1.9190000000000001e+02   3.1868743896484400e+01
   1.9200000000000000e+02   3.7843578338622997e+01
   1.9219999999999999e+02   1.0288498401641799e+00
   1.9309999999999999e+02   3.1479382514953600e+00
   1.9900000000000000e+02   2.4774708747863801e+00
   2.1069999999999999e+02   2.4841434955596902e+00
   2.1109999999999999e+02   1.2748292922973601e+01
   2.1500000000000000e+02   6.7553352355957003e+01
   2.1509999999999999e+02   2.9973278045654301e+00
   2.1580000000000001e+02   1.4178034067153900e+00
   2.1600000000000000e+02   4.5409250259399396e+00
   2.1609999999999999e+02   8.5162754058837908e+00
   2.1690000000000001e+02   2.3562710285186799e+00
   2.1700000000000000e+02   2.2200896739959699e+00
   2.1869999999999999e+02   2.0320067405700701e+00
   2.1890000000000001e+02   4.7924404144287100e+00
   2.2000000000000000e+02   2.3574414253234899e+00
   2.3290000000000001e+02   5.6564331054687500e+01
   2.3500000000000000e+02   2.4529159069061302e+00
   2.3669999999999999e+02   1.3483668327331500e+01
   2.3680000000000001e+02   3.3602313995361300e+01
   2.3719999999999999e+02   5.1129245758056596e+00
   2.3900000000000000e+02   2.4854996204376198e+00
   2.4090000000000001e+02   2.3711323738098100e+00
   2.4500000000000000e+02   1.0951437950134300e+00
   2.8300000000000000e+02   5.0819554328918501e+00
   2.9280000000000001e+02   9.7287635803222692e+00
   2.9300000000000000e+02   5.6287541389465297e+00
   3.4010000000000002e+02   2.5791226196289102e+02
   3.4010000000000002e+02   7.8643963623046898e+02
   3.4019999999999999e+02   2.9667608642578102e+02
   3.4100000000000000e+02   4.4778900146484403e+01
   3.4110000000000002e+02   2.2922325134277301e+02
   3.4130000000000001e+02   3.7865814208984403e+01
   3.4189999999999998e+02   1.5668589591980000e+01
   3.4210000000000002e+02   2.7453157424926800e+01
   3.4219999999999999e+02   1.4733377456665000e+01
