   4.0100000000000001e+01   9.6802452087402301e+01
   4.0899999999999999e+01   2.1991092681884801e+01
   4.1000000000000000e+01   1.1840985107421900e+03
   4.2100000000000001e+01   1.2185388671875000e+04
   4.2899999999999999e+01   6.6902572631835895e+01
   4.3100000000000001e+01   9.2029925537109398e+02
   4.3899999999999999e+01   3.2567626953125000e+02
   4.5000000000000000e+01   2.1720826721191401e+02
   4.5000000000000000e+01   3.4741735839843801e+02
   4.9899999999999999e+01   1.4035430908203099e+02
   5.0000000000000000e+01   2.6881582641601602e+02
   5.0200000000000003e+01   1.6506280899047901e+01
   5.1000000000000000e+01   1.6026611328125000e+03
   5.2000000000000000e+01   4.6559835815429699e+02
   5.3000000000000000e+01   1.2418073730468800e+03
   5.3899999999999999e+01   2.1799916076660199e+02
   5.4000000000000000e+01   4.4844821166992199e+02
   5.4899999999999999e+01   2.5868499755859400e+01
   5.5000000000000000e+01   1.1359565429687500e+03
   5.5799999999999997e+01   2.0780660629272500e+01
   5.5899999999999999e+01   5.4840576171875000e+01
   5.6100000000000001e+01   1.4653092041015600e+03
   5.7100000000000001e+01   1.4548539062500000e+04
   5.7899999999999999e+01   2.0793525695800799e+01
   5.8000000000000000e+01   2.5403553771972699e+02
   5.8100000000000001e+01   3.0047961425781301e+02
   5.9000000000000000e+01   2.2337695312500000e+03
   5.9899999999999999e+01   9.4334793090820295e+00
   6.0000000000000000e+01   2.4099920272827099e+01
   6.1100000000000001e+01   1.0649333000183100e+01
   6.1200000000000003e+01   9.2013359069824201e+00
   6.1700000000000003e+01   8.5842676162719709e+00
   6.1899999999999999e+01   1.3061618041992199e+02
   6.2100000000000001e+01   1.3368724822998001e+01
   6.2899999999999999e+01   3.4036990356445301e+02
   6.3000000000000000e+01   3.8001623535156301e+02
   6.4000000000000000e+01   5.4973181152343795e+02
   6.5000000000000000e+01   6.7401947021484398e+02
   6.5000000000000000e+01   2.6635810546875000e+03
   6.5799999999999997e+01   3.9515651702880902e+01
   6.6000000000000000e+01   3.8849090576171898e+02
   6.6000000000000000e+01   2.4574319458007801e+02
   6.6799999999999997e+01   1.4551160812377899e+01
   6.7000000000000000e+01   1.2646030273437500e+03
   6.7099999999999994e+01   4.3876907348632798e+01
   6.7900000000000006e+01   5.5274169921875000e+01
   6.8000000000000000e+01   8.0780981445312500e+02
   6.8099999999999994e+01   1.5470817565918000e+02
   6.8900000000000006e+01   2.6904605102539102e+02
   6.9000000000000000e+01   9.1544879150390602e+02
   7.0000000000000000e+01   5.0120788574218801e+02
   7.0099999999999994e+01   5.1328515625000000e+02
   7.0900000000000006e+01   2.1313852310180700e+01
   7.1000000000000000e+01   2.6442947387695301e+02
   7.1200000000000003e+01   2.0472848892211900e+01
   7.1900000000000006e+01   3.2455127716064503e+01
   7.2000000000000000e+01   8.9101419448852504e+00
   7.2200000000000003e+01   1.3207387924194300e+01
   7.2900000000000006e+01   2.3764099121093800e+01
   7.3000000000000000e+01   1.1926278114318800e+01
   7.3200000000000003e+01   2.7172842025756800e+01
   7.4000000000000000e+01   1.8731542968750000e+02
   7.4099999999999994e+01   1.7037908554077099e+01
   7.4900000000000006e+01   5.6963973999023402e+01
   7.5000000000000000e+01   1.5265216064453099e+02
   7.6000000000000000e+01   5.8313519287109398e+02
   7.6200000000000003e+01   1.4078273773193400e+01
   7.7000000000000000e+01   1.1613302734375000e+04
   7.8000000000000000e+01   2.4674997558593800e+03
   7.9000000000000000e+01   4.3761494140625000e+03
   8.0000000000000000e+01   2.8498892211914102e+02
   8.0099999999999994e+01   8.6703918457031295e+02
   8.0900000000000006e+01   3.0738422393798800e+01
   8.1000000000000000e+01   1.4820363769531300e+03
   8.2000000000000000e+01   8.1122119140625000e+02
   8.2000000000000000e+01   9.1274761962890602e+02
   8.2900000000000006e+01   4.2597763061523402e+01
   8.3000000000000000e+01   1.3177494812011699e+02
   8.3099999999999994e+01   1.9959989929199199e+02
   8.3900000000000006e+01   1.3305235290527301e+02
   8.4099999999999994e+01   1.3782582092285199e+02
   8.4700000000000003e+01   9.0064849853515607e+00
   8.4900000000000006e+01   1.1844551849365200e+02
   8.5000000000000000e+01   2.0623153686523401e+02
   8.5900000000000006e+01   6.2951572418212898e+01
   8.6000000000000000e+01   1.3694158935546901e+02
   8.7000000000000000e+01   1.3408311843872101e+01
   8.7099999999999994e+01   1.3839495658874499e+01
   8.8900000000000006e+01   1.6550401306152301e+02
   8.9000000000000000e+01   5.4541021728515602e+02
   8.9200000000000003e+01   1.3748365402221699e+01
   8.9799999999999997e+01   3.0093078613281300e+01
   8.9900000000000006e+01   3.0282003402710000e+01
   9.0000000000000000e+01   1.4168280029296901e+02
   9.0200000000000003e+01   4.3184515380859398e+02
   9.1000000000000000e+01   1.3431511718750000e+04
   9.1900000000000006e+01   3.3228939056396499e+01
   9.2000000000000000e+01   1.7921076660156300e+03
   9.2200000000000003e+01   2.8087385177612301e+01
   9.3000000000000000e+01   3.7896396484375000e+03
   9.4000000000000000e+01   2.7773110961914102e+02
   9.4000000000000000e+01   2.8239787597656300e+03
   9.5000000000000000e+01   2.4815325927734401e+02
   9.5000000000000000e+01   9.8665167236328102e+02
   9.6099999999999994e+01   1.0525074218750000e+04
   9.6900000000000006e+01   1.0164662361145000e+01
   9.7099999999999994e+01   1.3519306640625000e+03
   9.7799999999999997e+01   1.2926987648010300e+01
   9.8000000000000000e+01   1.3650013732910199e+02
   9.8099999999999994e+01   9.0081924438476605e+01
   9.8799999999999997e+01   3.2771999359130902e+01
   9.9000000000000000e+01   8.0476806640625000e+01
   9.9900000000000006e+01   1.5866372680664099e+02
   1.0000000000000000e+02   8.4479606628417997e+01
   1.0080000000000000e+02   1.0582712173461900e+01
   1.0100000000000000e+02   2.4520242691040000e+01
   1.0180000000000000e+02   1.4467327117919901e+01
   1.0190000000000001e+02   1.9467088317871099e+02
   1.0200000000000000e+02   2.3745037841796901e+02
   1.0300000000000000e+02   1.5805220947265600e+03
   1.0300000000000000e+02   2.7205895996093800e+03
   1.0409999999999999e+02   3.4659814453125000e+03
   1.0500000000000000e+02   1.5956059570312500e+04
   1.0600000000000000e+02   3.7273762207031300e+03
   1.0680000000000000e+02   9.6821146011352504e+00
   1.0690000000000001e+02   2.2999006652832000e+02
   1.0709999999999999e+02   1.1802217864990200e+02
   1.0780000000000000e+02   1.0012125015258800e+01
   1.0800000000000000e+02   1.6861834716796901e+02
   1.0809999999999999e+02   1.5069570922851599e+02
   1.0890000000000001e+02   7.4591690063476605e+01
   1.0909999999999999e+02   1.2326560974121099e+02
   1.0990000000000001e+02   3.7196350097656300e+01
   1.1000000000000000e+02   4.3635559082031301e+02
   1.1009999999999999e+02   1.1301874542236300e+02
   1.1090000000000001e+02   1.0235015106201200e+02
   1.1109999999999999e+02   7.8402969360351605e+01
   1.1190000000000001e+02   1.2349935913085901e+02
   1.1200000000000000e+02   3.8246408081054699e+02
   1.1209999999999999e+02   3.4060390472412102e+01
   1.1300000000000000e+02   2.4125087890625000e+03
   1.1400000000000000e+02   3.4585974121093801e+02
   1.1409999999999999e+02   2.2305334472656300e+03
   1.1490000000000001e+02   2.7665351867675799e+01
   1.1500000000000000e+02   2.6034970092773398e+02
   1.1509999999999999e+02   4.7304806518554699e+02
   1.1580000000000000e+02   5.7640048980712898e+01
   1.1600000000000000e+02   1.7231062316894500e+02
   1.1609999999999999e+02   1.5535333251953099e+02
   1.1700000000000000e+02   2.5885764160156300e+03
   1.1800000000000000e+02   4.2250590820312500e+03
   1.1890000000000001e+02   7.5927543640136705e+01
   1.1900000000000000e+02   1.1503256835937500e+03
   1.1990000000000001e+02   1.6967588806152301e+02
   1.2000000000000000e+02   3.3488214111328102e+02
   1.2080000000000000e+02   9.0223350524902308e+00
   1.2100000000000000e+02   3.1191345214843800e+01
   1.2180000000000000e+02   2.5380327224731399e+01
   1.2200000000000000e+02   4.9796987915039102e+02
   1.2290000000000001e+02   3.4615463256835902e+01
   1.2300000000000000e+02   5.4379859924316399e+01
   1.2390000000000001e+02   1.1343485260009800e+02
   1.2400000000000000e+02   3.1960238647460898e+02
   1.2409999999999999e+02   7.5367774963378906e+01
   1.2420000000000000e+02   1.2750351905822800e+01
   1.2490000000000001e+02   7.0419891357421903e+01
   1.2500000000000000e+02   2.7810375976562500e+02
   1.2520000000000000e+02   2.1977945327758800e+01
   1.2600000000000000e+02   2.6093338012695301e+02
   1.2609999999999999e+02   1.6334669189453100e+03
   1.2690000000000001e+02   1.8812082290649400e+01
   1.2700000000000000e+02   3.8770904541015602e+02
   1.2709999999999999e+02   3.7335597991943402e+01
   1.2780000000000000e+02   4.9439792633056598e+01
   1.2800000000000000e+02   3.8434124755859398e+02
   1.2819999999999999e+02   4.1842765808105497e+01
   1.2890000000000001e+02   1.3518412780761699e+02
   1.2909999999999999e+02   2.8555758666992199e+02
   1.2930000000000001e+02   3.7474952697753899e+01
   1.3000000000000000e+02   9.6146523437500000e+03
   1.3090000000000001e+02   1.8767651367187500e+02
   1.3100000000000000e+02   1.8752410888671900e+03
   1.3190000000000001e+02   3.2127929687500000e+01
   1.3200000000000000e+02   4.0768974609375000e+03
   1.3219999999999999e+02   3.8911487579345703e+01
   1.3300000000000000e+02   4.5586111450195301e+02
   1.3309999999999999e+02   1.4193907165527301e+02
   1.3400000000000000e+02   6.7459588623046898e+02
   1.3409999999999999e+02   9.9932299804687500e+02
   1.3490000000000001e+02   6.7088493347167997e+01
   1.3500000000000000e+02   5.5797714233398402e+01
   1.3509999999999999e+02   7.9134239196777301e+01
   1.3580000000000001e+02   3.3320953369140597e+01
   1.3600000000000000e+02   1.3175335693359401e+02
   1.3609999999999999e+02   1.1671048736572300e+02
   1.3640000000000001e+02   2.1670078277587901e+01
   1.3690000000000001e+02   1.5977764892578099e+02
   1.3700000000000000e+02   1.2211059570312500e+01
   1.3769999999999999e+02   1.7465538024902301e+01
   1.3800000000000000e+02   4.0297991943359398e+02
   1.3809999999999999e+02   3.7911434173583999e+01
   1.3890000000000001e+02   4.5246444702148402e+01
   1.3900000000000000e+02   1.0588101959228500e+02
   1.3909999999999999e+02   5.5627021789550803e+01
   1.4000000000000000e+02   4.0555969238281301e+02
   1.4009999999999999e+02   1.3327192382812500e+03
   1.4090000000000001e+02   2.7100970458984398e+02
   1.4109999999999999e+02   2.4348371887207000e+02
   1.4200000000000000e+02   5.5471807861328102e+02
   1.4209999999999999e+02   3.5131355285644503e+01
   1.4290000000000001e+02   9.2488388061523395e+01
   1.4300000000000000e+02   6.3941784667968795e+02
   1.4319999999999999e+02   5.5285556793212898e+01
   1.4400000000000000e+02   6.3666809082031295e+02
   1.4409999999999999e+02   1.5933770751953100e+03
   1.4480000000000001e+02   8.8016769409179702e+01
   1.4500000000000000e+02   2.9235043334960898e+02
   1.4509999999999999e+02   1.9293218994140599e+02
   1.4519999999999999e+02   2.6275331497192401e+01
   1.4609999999999999e+02   3.7384045410156300e+03
   1.4619999999999999e+02   8.2587890625000000e+01
   1.4690000000000001e+02   7.0291381835937500e+01
   1.4709999999999999e+02   4.6879702758789102e+02
   1.4790000000000001e+02   4.8666866302490199e+01
   1.4800000000000000e+02   1.9419503784179699e+02
   1.4819999999999999e+02   3.1583835601806602e+01
   1.4900000000000000e+02   6.0884521484375000e+01
   1.4909999999999999e+02   2.8157208251953102e+02
   1.4919999999999999e+02   2.5777482986450199e+01
   1.5000000000000000e+02   9.2672523498535199e+01
   1.5009999999999999e+02   3.9740435791015602e+02
   1.5019999999999999e+02   1.3273583412170399e+01
   1.5090000000000001e+02   3.1469917297363299e+01
   1.5100000000000000e+02   6.1980720520019503e+01
   1.5109999999999999e+02   8.6833724975585895e+01
   1.5190000000000001e+02   3.0292192459106399e+01
   1.5200000000000000e+02   2.3921121215820301e+02
   1.5209999999999999e+02   2.1990566253662099e+01
   1.5300000000000000e+02   8.6624072265625000e+02
   1.5309999999999999e+02   4.2059906005859398e+02
   1.5409999999999999e+02   1.0652299804687500e+04
   1.5500000000000000e+02   2.5576548767089801e+02
   1.5509999999999999e+02   2.0907429199218800e+03
   1.5590000000000001e+02   4.4142765045166001e+01
   1.5609999999999999e+02   1.0872929687500000e+03
   1.5619999999999999e+02   4.9428764343261697e+01
   1.5690000000000001e+02   2.8015436172485401e+01
   1.5700000000000000e+02   3.5253796386718801e+02
   1.5709999999999999e+02   2.2409191894531301e+02
   1.5809999999999999e+02   6.0512597656250000e+03
   1.5900000000000000e+02   2.8603725585937500e+03
   1.5990000000000001e+02   4.6625869750976598e+01
   1.6000000000000000e+02   6.9486071777343795e+02
   1.6009999999999999e+02   1.7610512695312500e+03
   1.6109999999999999e+02   1.2957147216796901e+02
   1.6119999999999999e+02   1.4211746215820301e+02
   1.6180000000000001e+02   8.7550773620605504e+00
   1.6209999999999999e+02   1.7851519775390599e+02
   1.6219999999999999e+02   4.8023918151855497e+01
   1.6319999999999999e+02   9.7074117660522496e+00
   1.6490000000000001e+02   2.1434471130371101e+01
   1.6509999999999999e+02   1.6623777389526399e+01
   1.6609999999999999e+02   3.1014173507690401e+01
   1.6669999999999999e+02   1.1213362693786600e+01
   1.6690000000000001e+02   1.7894769668579102e+01
   1.6719999999999999e+02   9.5714416503906303e+00
   1.6780000000000001e+02   3.0695991516113299e+01
   1.6790000000000001e+02   7.0846694946289105e+01
   1.6809999999999999e+02   4.5458786010742202e+01
   1.6830000000000001e+02   3.2213153839111300e+01
   1.6890000000000001e+02   4.3708663940429702e+01
   1.6900000000000000e+02   3.2726364135742202e+01
   1.7000000000000000e+02   3.4995611572265602e+02
   1.7009999999999999e+02   2.4108792114257801e+02
   1.7080000000000001e+02   4.4318782806396499e+01
   1.7100000000000000e+02   2.4280078125000000e+02
   1.7200000000000000e+02   2.8031628417968801e+02
   1.7290000000000001e+02   4.2909591674804702e+01
   1.7300000000000000e+02   2.2024618530273401e+02
   1.7309999999999999e+02   7.8669975280761705e+01
   1.7390000000000001e+02   3.4431884765625000e+01
   1.7400000000000000e+02   9.6156692504882798e+01
   1.7409999999999999e+02   1.7582571029663100e+01
   1.7500000000000000e+02   2.6937614440918001e+01
   1.7580000000000001e+02   2.5487030029296900e+01
   1.7609999999999999e+02   3.2216720581054702e+01
   1.7700000000000000e+02   3.0921352386474599e+01
   1.7780000000000001e+02   8.5121526718139595e+00
   1.7800000000000000e+02   3.5936248779296903e+01
   1.7819999999999999e+02   5.8321952819824197e+01
   1.8080000000000001e+02   9.6504278182983398e+00
   1.8190000000000001e+02   1.6169977188110401e+01
   1.8209999999999999e+02   9.9509902954101605e+01
   1.8219999999999999e+02   1.3811777114868200e+01
   1.8319999999999999e+02   1.0323592185974100e+01
   1.8390000000000001e+02   4.6126029968261697e+01
   1.8400000000000000e+02   6.3968731689453102e+02
   1.8409999999999999e+02   1.6996383666992199e+02
   1.8490000000000001e+02   2.1998672485351602e+01
   1.8509999999999999e+02   6.7993389892578102e+02
   1.8609999999999999e+02   4.3413090820312500e+03
   1.8709999999999999e+02   1.7107269531250000e+04
   1.8809999999999999e+02   2.6957463378906300e+03
   1.8900000000000000e+02   3.9498153686523398e+02
   1.8909999999999999e+02   4.7923452758789102e+02
   1.9000000000000000e+02   9.5716754150390602e+02
   1.9009999999999999e+02   1.8656575012207000e+02
   1.9080000000000001e+02   1.1878058433532701e+01
   1.9100000000000000e+02   1.2919401550293000e+02
   1.9109999999999999e+02   3.7144580841064503e+01
   1.9200000000000000e+02   1.0935927391052200e+01
   1.9209999999999999e+02   2.5773263931274400e+01
   1.9500000000000000e+02   3.1641893386840799e+01
   1.9600000000000000e+02   8.7858896255493200e+00
   1.9690000000000001e+02   6.4818176269531307e+01
   1.9700000000000000e+02   3.6738687133789102e+02
   1.9719999999999999e+02   1.4545573425293000e+02
   1.9790000000000001e+02   9.2359527587890597e+01
   1.9809999999999999e+02   5.6436447143554702e+01
   1.9909999999999999e+02   4.6879360198974602e+01
   1.9990000000000001e+02   2.0382982254028299e+01
   2.0009999999999999e+02   2.0953195571899400e+01
   2.0080000000000001e+02   1.9843984603881800e+01
   2.0100000000000000e+02   3.4383949279785199e+01
   2.0190000000000001e+02   8.4551000595092791e+00
   2.0200000000000000e+02   4.8790960693359398e+02
   2.0209999999999999e+02   7.4274609375000000e+02
   2.0300000000000000e+02   1.0470926666259800e+02
   2.0309999999999999e+02   6.2249862670898402e+01
   2.0390000000000001e+02   5.6090389251708999e+01
   2.0400000000000000e+02   1.0196838378906300e+02
   2.0419999999999999e+02   1.8520483016967798e+01
   2.0500000000000000e+02   1.1967994689941399e+01
   2.0700000000000000e+02   1.9046443939208999e+01
   2.1100000000000000e+02   5.6999412536621101e+01
   2.1109999999999999e+02   2.4768093109130898e+01
   2.1209999999999999e+02   8.4394893646240199e+00
   2.1300000000000000e+02   2.9652587890625000e+01
   2.1319999999999999e+02   1.0452351570129400e+01
   2.1390000000000001e+02   1.5045164108276399e+01
   2.1400000000000000e+02   7.5730842590332003e+01
   2.1409999999999999e+02   3.4504806518554702e+01
   2.1500000000000000e+02   3.1778469848632801e+02
   2.1509999999999999e+02   1.1810327148437500e+02
   2.1590000000000001e+02   1.2904107666015599e+02
   2.1600000000000000e+02   3.1522279739379901e+01
   2.1619999999999999e+02   5.5401401519775398e+01
   2.1690000000000001e+02   2.2952684402465799e+01
   2.1700000000000000e+02   1.1124555969238300e+02
   2.1809999999999999e+02   4.6365161895752003e+01
   2.1900000000000000e+02   4.0969805908203102e+02
   2.1919999999999999e+02   1.6432038879394500e+02
   2.2009999999999999e+02   2.2814701080322301e+01
   2.2790000000000001e+02   2.3094676971435501e+01
   2.2800000000000000e+02   6.3625087738037102e+01
   2.2819999999999999e+02   2.7645870208740199e+01
   2.2900000000000000e+02   3.2875095367431598e+01
   2.2909999999999999e+02   2.3263406753540000e+01
   2.3000000000000000e+02   2.7420382690429699e+02
   2.3009999999999999e+02   5.0447091674804699e+02
   2.3100000000000000e+02   2.3201600646972699e+02
   2.3109999999999999e+02   1.0206935119628901e+02
   2.3290000000000001e+02   9.1928634643554705e+00
   2.3300000000000000e+02   3.2741298675537102e+01
   2.3319999999999999e+02   5.1986184120178196e+00
   2.3669999999999999e+02   8.4222383499145508e+00
   2.3680000000000001e+02   1.6537757873535199e+01
   2.3690000000000001e+02   3.6094440460205099e+01
   2.3769999999999999e+02   8.8503236770629901e+00
   2.4009999999999999e+02   8.6153898239135707e+00
   2.4190000000000001e+02   1.2115323066711399e+01
   2.4209999999999999e+02   1.9794641113281301e+02
   2.4219999999999999e+02   5.6939731597900398e+01
   2.4309999999999999e+02   7.4586005859375000e+03
   2.4400000000000000e+02   5.1316608428955099e+01
   2.4409999999999999e+02   2.3558955078125000e+03
   2.4419999999999999e+02   2.3005102157592798e+01
   2.4500000000000000e+02   1.8443676757812500e+02
   2.4509999999999999e+02   4.8812701416015602e+02
   2.4609999999999999e+02   4.7963595581054699e+02
   2.4619999999999999e+02   6.2452050781250000e+02
   2.4709999999999999e+02   4.3637666015625000e+03
   2.4800000000000000e+02   5.1706182861328102e+02
   2.4819999999999999e+02   2.2160952758789099e+02
   2.4909999999999999e+02   1.0424973487854000e+01
   2.4919999999999999e+02   4.8640090942382798e+01
   2.5490000000000001e+02   9.4976119995117205e+00
   2.5989999999999998e+02   1.3294801712036101e+01
   2.7100000000000000e+02   2.1736781311035199e+02
   2.7110000000000002e+02   3.6547402954101602e+02
   2.7200000000000000e+02   4.8721618652343800e+01
   2.7219999999999999e+02   1.9716674804687500e+01
   2.7300000000000000e+02   9.4152774810790998e+00
   2.7319999999999999e+02   1.1865410804748500e+01
   2.7400000000000000e+02   4.5315841674804702e+01
   2.7410000000000002e+02   1.0496937255859400e+03
   2.7519999999999999e+02   4.9360615234375000e+03
   2.7600000000000000e+02   2.6431354522705099e+01
   2.7610000000000002e+02   3.7790786743164102e+02
   2.7619999999999999e+02   4.7160498046875000e+02
   2.7669999999999999e+02   1.2337650299072299e+01
   2.7710000000000002e+02   1.6682870483398401e+02
   2.7719999999999999e+02   5.1961399078369098e+01
   2.7800000000000000e+02   1.1367458343505900e+01
   2.7910000000000002e+02   8.5871887207031307e+01
   2.7919999999999999e+02   4.2513449096679699e+02
   2.7930000000000001e+02   2.1794134140014599e+01
   2.8019999999999999e+02   2.9462978363037099e+01
   2.8030000000000001e+02   2.2734233856201200e+01
   2.8900000000000000e+02   1.8183956146240199e+01
   2.9289999999999998e+02   2.5780458450317401e+01
   2.9310000000000002e+02   8.5141296386718803e+00
   3.0100000000000000e+02   2.9993665695190401e+01
   3.0119999999999999e+02   1.3572520256042500e+01
   3.0160000000000002e+02   1.0324037551879901e+01
   3.0180000000000001e+02   1.4068634033203100e+01
   3.0219999999999999e+02   1.6403498840332000e+02
   3.0219999999999999e+02   1.0516851043701200e+02
   3.0319999999999999e+02   7.4403750000000000e+04
   3.0419999999999999e+02   1.4728722656250000e+04
   3.0500000000000000e+02   2.1498191833496101e+01
   3.0519999999999999e+02   1.9168774414062500e+03
   3.0610000000000002e+02   8.6613777160644503e+01
   3.0619999999999999e+02   8.4059190750122106e+00
   3.0919999999999999e+02   3.6680233001708999e+01
   3.3510000000000002e+02   2.2247337341308599e+02
   3.3519999999999999e+02   1.5495480957031300e+03
   3.3610000000000002e+02   2.4813989257812500e+02
   3.3619999999999999e+02   1.3126040649414099e+02
   3.3710000000000002e+02   3.3463340759277301e+01
   3.6300000000000000e+02   2.9263298034668001e+01
   3.6319999999999999e+02   5.9905448913574197e+01
   3.6330000000000001e+02   8.5279373168945298e+01
   3.9189999999999998e+02   3.2667716979980497e+01
   3.9210000000000002e+02   1.0983514404296901e+02
