   4.0000000000000000e+01   3.4779151916503899e+01
   4.0100000000000001e+01   1.3305145263671900e+01
   4.1000000000000000e+01   8.4357275390625000e+02
   4.2000000000000000e+01   4.6365708007812500e+03
   4.2899999999999999e+01   2.9026609420776399e+01
   4.3000000000000000e+01   6.6692919921875000e+02
   4.3899999999999999e+01   1.7894558715820301e+02
   4.4000000000000000e+01   9.6003402709960895e+01
   4.4899999999999999e+01   1.5914515495300300e+01
   4.5000000000000000e+01   9.2522064208984398e+02
   4.9899999999999999e+01   1.6394418334960901e+02
   5.0100000000000001e+01   1.6072568893432599e+01
   5.0899999999999999e+01   5.1961418151855497e+01
   5.1000000000000000e+01   7.9393780517578102e+02
   5.1799999999999997e+01   1.4574469566345201e+01
   5.2000000000000000e+01   1.4149856567382801e+02
   5.2100000000000001e+01   5.0820934295654297e+01
   5.3000000000000000e+01   5.8892761230468795e+02
   5.3100000000000001e+01   4.3693841552734398e+02
   5.3899999999999999e+01   1.4622296333313001e+01
   5.4000000000000000e+01   4.7407229614257801e+02
   5.4100000000000001e+01   1.5269674682617199e+02
   5.5000000000000000e+01   1.6221597900390600e+03
   5.6000000000000000e+01   2.2385708007812500e+03
   5.7000000000000000e+01   8.9622158203125000e+03
   5.8000000000000000e+01   3.1229769897460898e+02
   5.8100000000000001e+01   1.4821975708007801e+02
   5.9000000000000000e+01   3.3783696289062500e+03
   5.9799999999999997e+01   4.0754241943359403e+01
   6.0000000000000000e+01   5.9464969635009801e+01
   6.1899999999999999e+01   1.4341956138610801e+01
   6.2000000000000000e+01   1.1232172012329100e+01
   6.2899999999999999e+01   5.1288677215576200e+01
   6.3000000000000000e+01   1.2351947021484401e+02
   6.3100000000000001e+01   9.3333412170410199e+01
   6.3899999999999999e+01   1.8996621704101599e+02
   6.4000000000000000e+01   1.0584919738769500e+02
   6.5000000000000000e+01   7.4104510498046898e+02
   6.5099999999999994e+01   1.0453025817871099e+02
   6.5900000000000006e+01   5.2520595550537102e+01
   6.6000000000000000e+01   3.3837066650390602e+02
   6.6900000000000006e+01   1.3892387390136699e+02
   6.7000000000000000e+01   3.4062960815429699e+02
   6.7900000000000006e+01   3.1386539459228501e+01
   6.8000000000000000e+01   3.6221679687500000e+02
   6.8099999999999994e+01   1.3952024841308599e+02
   6.8900000000000006e+01   1.1458744049072300e+02
   6.9000000000000000e+01   1.4160966491699199e+02
   6.9099999999999994e+01   1.0001777648925800e+02
   7.0000000000000000e+01   2.1177243041992199e+02
   7.0099999999999994e+01   5.0104412841796898e+02
   7.0799999999999997e+01   1.2788221359252899e+01
   7.1000000000000000e+01   6.0671264648437500e+01
   7.1200000000000003e+01   9.2481315612792997e+01
   7.2000000000000000e+01   2.5569868469238301e+02
   7.2099999999999994e+01   4.7732849121093800e+01
   7.2900000000000006e+01   1.4632451057434100e+01
   7.3000000000000000e+01   3.5590587615966797e+01
   7.3900000000000006e+01   3.2958301544189503e+01
   7.4000000000000000e+01   1.6045109558105500e+02
   7.4099999999999994e+01   1.2198019981384300e+01
   7.4900000000000006e+01   1.3147150039672900e+01
   7.5000000000000000e+01   6.7839637756347699e+01
   7.5900000000000006e+01   4.7037384033203097e+01
   7.6000000000000000e+01   2.4920753479003901e+02
   7.6099999999999994e+01   3.9631401062011697e+01
   7.7000000000000000e+01   4.8439731445312500e+03
   7.7900000000000006e+01   3.0929937744140602e+02
   7.8000000000000000e+01   6.5248425292968795e+02
   7.8900000000000006e+01   2.1057383728027301e+02
   7.9099999999999994e+01   2.0318539428710901e+02
   8.0000000000000000e+01   8.6538537597656295e+02
   8.0099999999999994e+01   4.0289230346679699e+02
   8.1000000000000000e+01   8.5312554931640602e+02
   8.1099999999999994e+01   8.2844787597656295e+02
   8.2000000000000000e+01   1.6506268310546900e+03
   8.3000000000000000e+01   2.8418072509765602e+02
   8.3099999999999994e+01   5.8273448944091797e+01
   8.4000000000000000e+01   1.2077399902343800e+03
   8.4900000000000006e+01   6.4802207946777301e+01
   8.5000000000000000e+01   3.1663433837890602e+02
   8.5900000000000006e+01   2.3283910751342798e+01
   8.6099999999999994e+01   1.8805768966674801e+01
   8.6200000000000003e+01   1.7501155853271499e+01
   8.7000000000000000e+01   6.3010540771484398e+02
   8.7000000000000000e+01   4.4202978515625000e+02
   8.7900000000000006e+01   6.0293918609619098e+01
   8.8000000000000000e+01   1.3031806945800801e+02
   8.8700000000000003e+01   1.0956909179687500e+01
   8.8900000000000006e+01   6.9073814392089801e+01
   8.9000000000000000e+01   8.4634033203125000e+01
   8.9200000000000003e+01   1.4244544029235801e+01
   8.9799999999999997e+01   1.2484268188476600e+01
   9.0000000000000000e+01   1.7233288574218801e+02
   9.1000000000000000e+01   1.0785159912109400e+03
   9.1099999999999994e+01   4.0452789306640602e+02
   9.1900000000000006e+01   1.7130473327636699e+02
   9.2000000000000000e+01   3.7939019775390602e+02
   9.2099999999999994e+01   2.9818706512451200e+01
   9.3000000000000000e+01   2.8938491210937500e+03
   9.3900000000000006e+01   2.3216176986694300e+01
   9.4000000000000000e+01   6.1060546875000000e+02
   9.4000000000000000e+01   1.4010051269531300e+03
   9.4900000000000006e+01   1.2942733764648401e+02
   9.5000000000000000e+01   3.3545367431640602e+02
   9.5200000000000003e+01   5.5543041229247997e+01
   9.5299999999999997e+01   2.1201381683349599e+01
   9.6000000000000000e+01   2.4429609375000000e+03
   9.7000000000000000e+01   3.7113909912109398e+02
   9.7099999999999994e+01   2.6294673919677699e+01
   9.7900000000000006e+01   4.5561637878417997e+01
   9.8099999999999994e+01   8.0155593872070298e+01
   9.8799999999999997e+01   1.0757661819458001e+01
   9.9000000000000000e+01   4.3600341796875000e+01
   9.9900000000000006e+01   3.9737091064453097e+01
   1.0000000000000000e+02   6.1278375244140602e+02
   1.0009999999999999e+02   5.3453075408935497e+01
   1.0109999999999999e+02   1.6752437591552699e+01
   1.0190000000000001e+02   4.9406505584716797e+01
   1.0209999999999999e+02   1.2453186988830600e+01
   1.0300000000000000e+02   4.4496185302734398e+02
   1.0309999999999999e+02   3.2684734344482401e+01
   1.0380000000000000e+02   1.7125295639038100e+01
   1.0390000000000001e+02   9.4924201965332003e+01
   1.0400000000000000e+02   8.0707452392578102e+02
   1.0490000000000001e+02   2.6069482803344702e+01
   1.0500000000000000e+02   3.9740509033203102e+02
   1.0509999999999999e+02   2.4565979003906301e+02
   1.0590000000000001e+02   4.6755954742431598e+01
   1.0600000000000000e+02   3.3360372924804699e+02
   1.0609999999999999e+02   5.5832226562500000e+02
   1.0680000000000000e+02   1.1648114204406699e+01
   1.0690000000000001e+02   5.4342433929443402e+01
   1.0709999999999999e+02   6.4886665344238295e+01
   1.0720000000000000e+02   6.2610206604003899e+01
   1.0780000000000000e+02   1.2660585403442401e+01
   1.0790000000000001e+02   4.5909828186035199e+01
   1.0800000000000000e+02   7.7921185302734398e+02
   1.0900000000000000e+02   1.5223530578613301e+02
   1.0909999999999999e+02   1.7832295227050801e+02
   1.0990000000000001e+02   1.7005238342285199e+02
   1.1000000000000000e+02   3.6654071044921898e+02
   1.1009999999999999e+02   7.2925094604492202e+01
   1.1100000000000000e+02   1.1351698303222700e+02
   1.1190000000000001e+02   3.6158958435058601e+01
   1.1200000000000000e+02   1.5260093688964801e+02
   1.1220000000000000e+02   6.1347599029541001e+01
   1.1300000000000000e+02   2.6518442382812500e+03
   1.1390000000000001e+02   1.7962171936035199e+02
   1.1400000000000000e+02   5.3553234863281295e+02
   1.1420000000000000e+02   2.1158758163452099e+01
   1.1490000000000001e+02   1.5159899711608899e+01
   1.1500000000000000e+02   2.7218612670898398e+02
   1.1520000000000000e+02   5.1618217468261697e+01
   1.1600000000000000e+02   1.1692111816406300e+03
   1.1609999999999999e+02   9.2473016357421898e+02
   1.1690000000000001e+02   1.0426569366455099e+02
   1.1700000000000000e+02   1.1405842285156300e+03
   1.1709999999999999e+02   7.3683044433593795e+02
   1.1790000000000001e+02   2.1315785217285199e+02
   1.1800000000000000e+02   2.8623061523437500e+03
   1.1890000000000001e+02   2.2242481994628901e+02
   1.1900000000000000e+02   5.6342517089843795e+02
   1.1990000000000001e+02   9.8032226562500000e+01
   1.2000000000000000e+02   3.0442190551757801e+02
   1.2109999999999999e+02   6.0769931793212898e+01
   1.2190000000000001e+02   8.0385559082031307e+01
   1.2200000000000000e+02   1.0349378204345700e+02
   1.2209999999999999e+02   3.2880573272705099e+01
   1.2290000000000001e+02   1.6645732879638700e+01
   1.2309999999999999e+02   3.6016227722167997e+01
   1.2390000000000001e+02   1.8902723693847699e+02
   1.2409999999999999e+02   9.6167472839355497e+01
   1.2490000000000001e+02   3.2529014587402301e+01
   1.2500000000000000e+02   3.5337455749511697e+01
   1.2520000000000000e+02   1.4176179885864300e+01
   1.2580000000000000e+02   1.9467800140380898e+01
   1.2600000000000000e+02   6.4068945312500000e+02
   1.2690000000000001e+02   9.9042808532714801e+01
   1.2709999999999999e+02   1.8182020187377901e+01
   1.2790000000000001e+02   6.8333305358886705e+01
   1.2800000000000000e+02   4.6591949462890602e+02
   1.2869999999999999e+02   2.0515542984008800e+01
   1.2890000000000001e+02   3.1123872756958001e+01
   1.2900000000000000e+02   1.7307727050781301e+02
   1.2919999999999999e+02   5.3391670227050803e+01
   1.3000000000000000e+02   3.5690339355468800e+03
   1.3090000000000001e+02   2.1862003326416001e+01
   1.3100000000000000e+02   8.4923236083984398e+02
   1.3190000000000001e+02   5.7868152618408203e+01
   1.3200000000000000e+02   9.9406732177734398e+02
   1.3209999999999999e+02   3.8956274414062500e+02
   1.3290000000000001e+02   8.5618415832519503e+01
   1.3309999999999999e+02   1.4807565307617199e+02
   1.3400000000000000e+02   4.6429279327392599e+01
   1.3600000000000000e+02   2.2122425842285199e+02
   1.3609999999999999e+02   3.8191555023193402e+01
   1.3680000000000001e+02   4.9530933380127003e+01
   1.3690000000000001e+02   1.1490946960449200e+02
   1.3709999999999999e+02   1.3811660766601600e+01
   1.3800000000000000e+02   6.0003527832031295e+02
   1.3819999999999999e+02   5.2563503265380902e+01
   1.3900000000000000e+02   1.2320863342285200e+02
   1.3909999999999999e+02   1.1930196380615200e+02
   1.3990000000000001e+02   1.2430855560302700e+02
   1.4009999999999999e+02   5.7770107421875000e+03
   1.4080000000000001e+02   5.5116954803466797e+01
   1.4100000000000000e+02   4.6450711059570301e+02
   1.4109999999999999e+02   3.7480331420898398e+02
   1.4209999999999999e+02   4.9092265625000000e+03
   1.4300000000000000e+02   3.3326595306396499e+01
   1.4309999999999999e+02   2.7362368164062500e+03
   1.4409999999999999e+02   1.5989505615234400e+03
   1.4419999999999999e+02   7.5319786071777301e+01
   1.4480000000000001e+02   1.1712990760803200e+01
   1.4500000000000000e+02   1.2536277008056599e+02
   1.4509999999999999e+02   3.7147915649414102e+02
   1.4600000000000000e+02   3.5405511474609398e+02
   1.4609999999999999e+02   1.7862822265625000e+03
   1.4690000000000001e+02   1.5249015808105501e+01
   1.4700000000000000e+02   2.2359988403320301e+02
   1.4709999999999999e+02   9.1226142883300795e+01
   1.4790000000000001e+02   3.3931598663330099e+01
   1.4809999999999999e+02   6.6824775695800795e+01
   1.4819999999999999e+02   1.3056783676147500e+01
   1.4900000000000000e+02   2.9527413940429699e+02
   1.4909999999999999e+02   1.3612246704101599e+02
   1.4990000000000001e+02   4.8526000976562500e+01
   1.5000000000000000e+02   5.7641656494140602e+02
   1.5019999999999999e+02   3.5225467681884801e+01
   1.5090000000000001e+02   4.9726734161377003e+01
   1.5109999999999999e+02   1.8974119186401399e+01
   1.5119999999999999e+02   1.1019696235656699e+01
   1.5180000000000001e+02   1.9896667480468800e+01
   1.5190000000000001e+02   1.4706469726562500e+02
   1.5200000000000000e+02   5.5180041503906295e+02
   1.5300000000000000e+02   4.4469046020507801e+02
   1.5309999999999999e+02   2.0398988342285199e+02
   1.5400000000000000e+02   2.9357463378906300e+03
   1.5409999999999999e+02   5.2414880371093795e+02
   1.5480000000000001e+02   1.8758867263793899e+01
   1.5490000000000001e+02   9.8850852966308594e+01
   1.5500000000000000e+02   4.4257797241210898e+02
   1.5509999999999999e+02   5.3972370147705099e+01
   1.5580000000000001e+02   2.2523862838745099e+01
   1.5600000000000000e+02   6.9932464599609398e+02
   1.5680000000000001e+02   2.4788621902465799e+01
   1.5690000000000001e+02   3.5505245208740199e+01
   1.5700000000000000e+02   1.0937252044677700e+02
   1.5709999999999999e+02   1.2716701507568401e+02
   1.5800000000000000e+02   8.7662506103515602e+02
   1.5809999999999999e+02   4.8959951782226602e+02
   1.5900000000000000e+02   4.7781811523437500e+02
   1.5909999999999999e+02   2.6142068481445301e+02
   1.5980000000000001e+02   1.3853243827819799e+01
   1.6000000000000000e+02   9.1576187133789105e+01
   1.6209999999999999e+02   5.4731815338134801e+01
   1.6219999999999999e+02   1.8432931900024400e+01
   1.6390000000000001e+02   1.9107345581054702e+01
   1.6400000000000000e+02   3.1137750625610401e+01
   1.6490000000000001e+02   6.4986221313476605e+01
   1.6519999999999999e+02   1.9287496566772500e+01
   1.6590000000000001e+02   4.8275279998779297e+01
   1.6600000000000000e+02   9.6186132812500000e+02
   1.6619999999999999e+02   4.3781291961669901e+01
   1.6680000000000001e+02   2.9820806503295898e+01
   1.6690000000000001e+02   5.4690834045410199e+01
   1.6700000000000000e+02   1.7725366210937500e+02
   1.6719999999999999e+02   2.6104208374023398e+02
   1.6809999999999999e+02   2.7200074218750000e+04
   1.6900000000000000e+02   9.6215255737304702e+01
   1.6909999999999999e+02   2.8759816894531300e+03
   1.7009999999999999e+02   4.1463919067382801e+02
   1.7090000000000001e+02   1.6992689132690401e+01
   1.7109999999999999e+02   1.6493586730957000e+02
   1.7190000000000001e+02   4.6487358093261697e+01
   1.7209999999999999e+02   1.3145486450195301e+02
   1.7290000000000001e+02   2.5748311996460000e+01
   1.7309999999999999e+02   4.2271932983398398e+02
   1.7380000000000001e+02   3.0225553512573200e+01
   1.7400000000000000e+02   1.0785929870605500e+02
   1.7519999999999999e+02   1.5012044906616200e+01
   1.7600000000000000e+02   1.3918635559082000e+02
   1.7680000000000001e+02   3.5874473571777301e+01
   1.7690000000000001e+02   3.5014965057372997e+01
   1.7700000000000000e+02   1.4580967712402301e+02
   1.7709999999999999e+02   9.4957702636718807e+01
   1.7780000000000001e+02   1.4670224189758301e+01
   1.7800000000000000e+02   1.0727799987793000e+02
   1.7809999999999999e+02   6.0076330566406295e+02
   1.7880000000000001e+02   1.1668999671936000e+01
   1.7900000000000000e+02   9.6720474243164105e+01
   1.7990000000000001e+02   1.1660660743713400e+01
   1.8009999999999999e+02   2.4657453536987301e+01
   1.8200000000000000e+02   1.4089133262634300e+01
   1.8300000000000000e+02   1.3018043518066399e+01
   1.8390000000000001e+02   2.9308197021484400e+01
   1.8400000000000000e+02   3.9127403259277301e+01
   1.8419999999999999e+02   1.1509497642517101e+01
   1.8500000000000000e+02   2.3585836791992199e+02
   1.8590000000000001e+02   1.3146040916442900e+01
   1.8600000000000000e+02   1.5496875000000000e+02
   1.8609999999999999e+02   1.3502638244628901e+02
   1.8690000000000001e+02   8.4206520080566406e+01
   1.8700000000000000e+02   1.0652296447753901e+02
   1.8709999999999999e+02   2.6188337402343800e+03
   1.8730000000000001e+02   2.0487033843994102e+01
   1.8800000000000000e+02   2.6496972656250000e+02
   1.8809999999999999e+02   3.1514163208007801e+02
   1.8819999999999999e+02   2.2296615600585898e+01
   1.8900000000000000e+02   1.8812192916870099e+01
   1.8909999999999999e+02   1.1703626251220700e+02
   1.8990000000000001e+02   2.1207580566406300e+01
   1.9000000000000000e+02   3.2829693603515602e+02
   1.9109999999999999e+02   3.2055263519287102e+01
   1.9119999999999999e+02   1.7630739212036101e+01
   1.9209999999999999e+02   3.2545246124267599e+01
   1.9300000000000000e+02   1.9126209259033200e+01
   1.9390000000000001e+02   4.3443443298339801e+01
   1.9409999999999999e+02   3.1067264556884801e+01
   1.9490000000000001e+02   2.8053371429443398e+01
   1.9500000000000000e+02   1.9807852172851599e+02
   1.9509999999999999e+02   3.8932353973388700e+01
   1.9540000000000001e+02   1.7460014343261701e+01
   1.9569999999999999e+02   1.1152703285217299e+01
   1.9600000000000000e+02   7.5090881347656307e+01
   1.9609999999999999e+02   7.2694931030273395e+01
   1.9650000000000000e+02   1.4253699302673301e+01
   1.9690000000000001e+02   7.0009757995605497e+01
   1.9700000000000000e+02   1.9637989807128901e+02
   1.9719999999999999e+02   2.7558868408203100e+01
   1.9790000000000001e+02   7.5199722290039105e+01
   1.9809999999999999e+02   1.6663019180297901e+01
   1.9890000000000001e+02   1.4535460472106900e+01
   1.9900000000000000e+02   9.9801368713378906e+01
   1.9909999999999999e+02   4.8965831756591797e+01
   2.0000000000000000e+02   4.9690876007080099e+01
   2.0009999999999999e+02   4.2152309417724602e+01
   2.0100000000000000e+02   1.4288297653198200e+01
   2.0109999999999999e+02   7.5236030578613295e+01
   2.0119999999999999e+02   1.3710710525512701e+01
   2.0190000000000001e+02   3.2056346893310497e+01
   2.0200000000000000e+02   5.7085150146484398e+02
   2.0209999999999999e+02   2.2001164245605500e+02
   2.0280000000000001e+02   1.3455923080444300e+01
   2.0300000000000000e+02   9.9138267517089801e+01
   2.0400000000000000e+02   3.4001293182372997e+01
   2.0409999999999999e+02   3.8957798004150398e+01
   2.0700000000000000e+02   5.1284065246582003e+01
   2.0709999999999999e+02   1.3234488487243700e+01
   2.0800000000000000e+02   1.0823645591735801e+01
   2.1000000000000000e+02   6.2892490386962898e+01
   2.1000000000000000e+02   1.1485224151611300e+02
   2.1019999999999999e+02   2.4313188552856399e+01
   2.1069999999999999e+02   2.6191482543945298e+01
   2.1080000000000001e+02   4.0211860656738303e+01
   2.1090000000000001e+02   1.4069039344787599e+01
   2.1100000000000000e+02   9.1450790405273395e+01
   2.1119999999999999e+02   2.6897968292236300e+01
   2.1209999999999999e+02   1.3900873046875000e+04
   2.1300000000000000e+02   1.5841774940490700e+01
   2.1309999999999999e+02   1.6689023437500000e+03
   2.1390000000000001e+02   1.3268765449523899e+01
   2.1400000000000000e+02   8.1379447937011705e+01
   2.1419999999999999e+02   1.5318119812011699e+02
   2.1480000000000001e+02   6.2750801086425803e+01
   2.1500000000000000e+02   1.0478140258789099e+02
   2.1509999999999999e+02   8.5077400207519503e+01
   2.1590000000000001e+02   1.6296470642089801e+01
   2.1609999999999999e+02   5.1192241668701200e+01
   2.1700000000000000e+02   2.4678934097290000e+01
   2.1790000000000001e+02   1.9188508987426800e+01
   2.1800000000000000e+02   1.2796844482421900e+01
   2.1890000000000001e+02   4.5379585266113303e+01
   2.1900000000000000e+02   1.3611982345581101e+01
   2.1919999999999999e+02   2.9845071792602500e+01
   2.2390000000000001e+02   5.2843200683593800e+01
   2.2419999999999999e+02   2.8312936782836900e+01
   2.2430000000000001e+02   1.2282624244689901e+01
   2.2500000000000000e+02   4.9632541656494098e+01
   2.2509999999999999e+02   1.2344079017639199e+01
   2.2519999999999999e+02   2.5143419265747099e+01
   2.2600000000000000e+02   9.6406654357910199e+01
   2.2609999999999999e+02   3.1119377441406300e+03
   2.2619999999999999e+02   4.2227734375000000e+02
   2.2709999999999999e+02   1.4012275390625000e+04
   2.2809999999999999e+02   3.2900720214843800e+03
   2.2900000000000000e+02   2.5254457473754901e+01
   2.2909999999999999e+02   2.7328363037109398e+02
   2.2909999999999999e+02   2.3597825622558599e+02
   2.3000000000000000e+02   1.8010524749755898e+01
   2.3090000000000001e+02   2.1817104339599599e+01
   2.3109999999999999e+02   2.3716077804565401e+01
   2.3280000000000001e+02   3.7384399414062500e+01
   2.3290000000000001e+02   7.0415596008300795e+01
   2.3309999999999999e+02   6.0538379669189503e+01
   2.3390000000000001e+02   2.7334215164184599e+01
   2.3409999999999999e+02   2.0515628814697301e+01
   2.3669999999999999e+02   3.7910087585449197e+01
   2.3690000000000001e+02   2.0802612304687500e+01
   2.3709999999999999e+02   5.9867702484130902e+01
   2.3900000000000000e+02   1.1163660049438500e+01
   2.3919999999999999e+02   1.2274506568908700e+01
   2.4300000000000000e+02   1.8622354507446300e+01
   2.4309999999999999e+02   4.9764852905273398e+02
   2.4319999999999999e+02   2.9263043212890602e+02
   2.4409999999999999e+02   7.3475334167480497e+01
   2.4419999999999999e+02   6.8607925415039105e+01
   2.4490000000000001e+02   1.1875022888183601e+01
   2.4509999999999999e+02   6.7476982116699205e+01
   2.4590000000000001e+02   6.0355525970458999e+01
   2.4609999999999999e+02   3.8711528778076200e+01
   2.4619999999999999e+02   2.7092416763305700e+01
   2.4709999999999999e+02   3.8511257934570301e+02
   2.4719999999999999e+02   4.5099895477294901e+01
   2.4790000000000001e+02   1.1141660690307599e+01
   2.4790000000000001e+02   3.5214130401611300e+01
   2.4809999999999999e+02   1.3306515693664601e+01
   2.5889999999999998e+02   5.2547138214111300e+01
   2.5910000000000002e+02   8.5405255126953102e+02
   2.5930000000000001e+02   6.0239562988281300e+01
   2.5980000000000001e+02   1.3064393043518100e+01
   2.6000000000000000e+02   5.6227497100830099e+01
   2.6010000000000002e+02   1.2264772033691401e+02
   2.6019999999999999e+02   3.7025543212890597e+01
   2.6100000000000000e+02   4.1519256591796898e+02
   2.6110000000000002e+02   2.8467755126953102e+02
   2.6189999999999998e+02   1.2973917007446300e+01
   2.6210000000000002e+02   3.1346014022827099e+01
   2.6219999999999999e+02   1.8498901367187500e+01
   2.6910000000000002e+02   1.8805343627929702e+01
   2.6930000000000001e+02   1.1501839637756300e+01
   2.7100000000000000e+02   3.6399929046630902e+01
   2.7119999999999999e+02   4.0348854064941399e+01
   2.7189999999999998e+02   4.5068355560302699e+01
   2.7200000000000000e+02   1.5385056495666500e+01
   2.7219999999999999e+02   3.6846374511718800e+01
   2.7410000000000002e+02   9.8298446655273395e+01
   2.7430000000000001e+02   1.3641438484191900e+01
   2.7510000000000002e+02   2.6706970214843801e+02
   2.7519999999999999e+02   2.7472525024414102e+02
   2.7530000000000001e+02   1.1062531471252401e+01
   2.7610000000000002e+02   4.7832416534423800e+01
   2.8480000000000001e+02   1.4246117591857899e+01
   2.8500000000000000e+02   1.9736234664916999e+01
   2.8900000000000000e+02   1.1285844802856399e+01
   2.9089999999999998e+02   2.3279615402221701e+01
   2.9119999999999999e+02   7.2699874877929702e+01
   3.0319999999999999e+02   6.9751953125000000e+03
   3.0410000000000002e+02   3.2590933227539102e+02
   3.0419999999999999e+02   9.3690203857421898e+02
   3.0500000000000000e+02   5.5155185699462898e+01
   3.0510000000000002e+02   1.0962095642089800e+02
   3.1710000000000002e+02   2.7173892211914102e+02
   3.1719999999999999e+02   6.9303779602050795e+01
   3.1800000000000000e+02   1.8204816818237301e+01
   3.1819999999999999e+02   4.1954978942871101e+01
   3.1910000000000002e+02   1.8534191894531301e+02
   3.1919999999999999e+02   1.0206375122070300e+03
   3.1939999999999998e+02   1.8030447006225600e+01
   3.2000000000000000e+02   3.6178203582763700e+01
   3.2019999999999999e+02   1.4558131408691401e+02
   3.4510000000000002e+02   9.1822334289550795e+01
   3.4530000000000001e+02   2.7884778976440401e+01
   3.7619999999999999e+02   3.6780212402343800e+01
