   4.0100000000000001e+01   1.1907382202148401e+02
   4.0299999999999997e+01   1.3936991691589400e+01
   4.1000000000000000e+01   3.3845270996093800e+03
   4.2100000000000001e+01   1.4678943359375000e+04
   4.3000000000000000e+01   1.9934222656250000e+04
   4.4000000000000000e+01   6.6281513671875000e+03
   4.4899999999999999e+01   7.2468330383300795e+01
   4.5100000000000001e+01   1.4135087585449199e+02
   4.8899999999999999e+01   1.0128301620483400e+01
   4.9100000000000001e+01   9.4631576538085902e+00
   4.9899999999999999e+01   5.2482769012451200e+01
   5.0000000000000000e+01   3.5848284912109398e+02
   5.0100000000000001e+01   3.0667813110351602e+02
   5.1000000000000000e+01   3.4103213500976602e+02
   5.1000000000000000e+01   2.3687385253906300e+03
   5.2000000000000000e+01   6.8234667968750000e+02
   5.2100000000000001e+01   9.5658653259277301e+01
   5.2799999999999997e+01   1.5274498939514199e+01
   5.2899999999999999e+01   2.4372958374023401e+02
   5.3000000000000000e+01   7.1114886474609398e+02
   5.3200000000000003e+01   1.4072320938110400e+01
   5.3899999999999999e+01   7.1507743835449205e+01
   5.4000000000000000e+01   1.1909377441406300e+03
   5.4899999999999999e+01   4.3061649322509801e+01
   5.5000000000000000e+01   2.0906262207031300e+03
   5.5899999999999999e+01   2.2145864486694300e+01
   5.6000000000000000e+01   1.8949738769531300e+03
   5.6899999999999999e+01   4.0614505767822301e+01
   5.7000000000000000e+01   1.0893453369140600e+03
   5.7899999999999999e+01   6.0068771362304702e+01
   5.8100000000000001e+01   1.2811456298828099e+02
   5.8799999999999997e+01   2.1330221176147500e+01
   5.8899999999999999e+01   2.9762317657470700e+01
   5.9100000000000001e+01   1.0697313308715801e+01
   6.0899999999999999e+01   3.4564216613769503e+01
   6.1000000000000000e+01   2.5667057037353501e+01
   6.1899999999999999e+01   9.2222427368164105e+01
   6.2000000000000000e+01   2.1043180847168000e+02
   6.2200000000000003e+01   2.2229030609130898e+01
   6.3000000000000000e+01   1.4129932861328100e+03
   6.3899999999999999e+01   2.4753054809570301e+02
   6.4099999999999994e+01   5.6802960205078102e+02
   6.4200000000000003e+01   9.9582195281982404e+00
   6.5000000000000000e+01   6.4858515625000000e+03
   6.6000000000000000e+01   1.1903050537109400e+03
   6.7000000000000000e+01   2.4431718750000000e+03
   6.7900000000000006e+01   3.5218959808349602e+01
   6.8000000000000000e+01   2.4709475097656300e+03
   6.9000000000000000e+01   8.6181823730468795e+02
   6.9099999999999994e+01   1.1705761718750000e+03
   6.9900000000000006e+01   4.7748096466064503e+01
   7.0099999999999994e+01   3.0929428710937500e+03
   7.0900000000000006e+01   6.3837921142578097e+01
   7.1099999999999994e+01   2.1936645507812500e+02
   7.1200000000000003e+01   4.5375152587890597e+01
   7.1700000000000003e+01   1.5099184989929199e+01
   7.2000000000000000e+01   1.1311589050293000e+02
   7.2200000000000003e+01   3.2348754882812500e+01
   7.2799999999999997e+01   1.9298288345336900e+01
   7.3000000000000000e+01   6.3063724517822301e+01
   7.3099999999999994e+01   5.9513578414917001e+00
   7.3900000000000006e+01   1.5260000610351599e+02
   7.4000000000000000e+01   1.4652880859375000e+02
   7.4200000000000003e+01   1.0931303977966300e+01
   7.5000000000000000e+01   3.5800186157226602e+02
   7.5099999999999994e+01   5.9307662963867202e+01
   7.5900000000000006e+01   1.4173294067382801e+02
   7.6099999999999994e+01   1.8836917114257801e+02
   7.6099999999999994e+01   4.6966766357421898e+02
   7.7000000000000000e+01   1.6759375000000000e+04
   7.8000000000000000e+01   3.4852272949218800e+03
   7.9000000000000000e+01   4.8246289062500000e+03
   7.9700000000000003e+01   1.2155555725097701e+01
   8.0000000000000000e+01   1.1042398681640600e+03
   8.0099999999999994e+01   2.0688819885253901e+02
   8.0900000000000006e+01   2.6440750122070298e+01
   8.1000000000000000e+01   4.9850781250000000e+02
   8.2000000000000000e+01   2.1482595214843800e+03
   8.3000000000000000e+01   3.7999230957031301e+02
   8.3099999999999994e+01   8.1129661560058594e+01
   8.3900000000000006e+01   1.5243342590332000e+02
   8.4099999999999994e+01   3.5790499877929699e+02
   8.4900000000000006e+01   8.6202476501464801e+01
   8.5099999999999994e+01   2.6048660278320298e+01
   8.5799999999999997e+01   2.7748374938964801e+01
   8.6000000000000000e+01   9.8524078369140597e+01
   8.6200000000000003e+01   4.2936744689941399e+01
   8.6599999999999994e+01   1.2030871391296399e+01
   8.7000000000000000e+01   1.5466150283813500e+01
   8.8200000000000003e+01   9.6169719696044904e+00
   8.9000000000000000e+01   1.3248380126953100e+03
   9.0000000000000000e+01   2.2497592163085901e+02
   9.0099999999999994e+01   8.6454418945312500e+02
   9.0200000000000003e+01   1.0462104797363300e+02
   9.1000000000000000e+01   2.3741863281250000e+04
   9.2000000000000000e+01   2.8284970703125000e+03
   9.3000000000000000e+01   4.4453432617187500e+03
   9.4000000000000000e+01   2.5944570312500000e+03
   9.5000000000000000e+01   1.6481278076171900e+03
   9.6099999999999994e+01   9.2191787109375000e+03
   9.6900000000000006e+01   2.3111007690429702e+01
   9.7000000000000000e+01   1.1892628173828100e+03
   9.7900000000000006e+01   1.5878106117248500e+01
   9.8000000000000000e+01   3.8693118286132801e+02
   9.8099999999999994e+01   1.2157382965087901e+02
   1.0080000000000000e+02   1.8908235549926800e+01
   1.0090000000000001e+02   1.4419383049011200e+01
   1.0100000000000000e+02   1.5564016342163100e+01
   1.0120000000000000e+02   6.0985042572021499e+01
   1.0180000000000000e+02   1.0217595100402800e+01
   1.0190000000000001e+02   4.2542514038085898e+02
   1.0209999999999999e+02   1.4647740173339801e+02
   1.0300000000000000e+02   5.0288164062500000e+03
   1.0400000000000000e+02   6.6570966796875000e+03
   1.0509999999999999e+02   1.4000387695312500e+04
   1.0600000000000000e+02   3.5278208007812500e+03
   1.0700000000000000e+02   2.7514532470703102e+02
   1.0709999999999999e+02   5.2013442993164098e+01
   1.0780000000000000e+02   4.5535869598388700e+01
   1.0800000000000000e+02   1.8136917114257801e+02
   1.0809999999999999e+02   6.4413391113281307e+01
   1.0880000000000000e+02   3.9516639709472699e+01
   1.0890000000000001e+02   5.8196033477783203e+01
   1.0909999999999999e+02   6.3552738189697301e+01
   1.1000000000000000e+02   2.4341940307617199e+02
   1.1009999999999999e+02   1.1656455993652300e+02
   1.1090000000000001e+02   2.3241382598876999e+01
   1.1109999999999999e+02   7.7490447998046903e+01
   1.1120000000000000e+02   1.2547882080078100e+01
   1.1209999999999999e+02   3.7543006896972699e+01
   1.1470000000000000e+02   1.1536549568176300e+01
   1.1500000000000000e+02   5.1772753906250000e+02
   1.1509999999999999e+02   3.2383337402343801e+02
   1.1580000000000000e+02   3.6103427886962898e+01
   1.1600000000000000e+02   4.7113223266601602e+02
   1.1609999999999999e+02   6.0829994201660199e+01
   1.1700000000000000e+02   2.0636799316406300e+03
   1.1709999999999999e+02   1.8043107910156300e+03
   1.1800000000000000e+02   9.4546191406250000e+03
   1.1900000000000000e+02   1.9935483398437500e+03
   1.1920000000000000e+02   2.9480329513549801e+01
   1.2000000000000000e+02   1.0222741699218800e+02
   1.2009999999999999e+02   8.1481250000000000e+02
   1.2090000000000001e+02   3.2325035095214801e+01
   1.2190000000000001e+02   1.1376220703125000e+01
   1.2220000000000000e+02   2.2997789382934599e+01
   1.2290000000000001e+02   1.0676039695739700e+01
   1.2320000000000000e+02   9.7957696914672905e+00
   1.2409999999999999e+02   1.1636541366577100e+01
   1.2600000000000000e+02   4.0618415832519503e+01
   1.2640000000000001e+02   1.4701927185058601e+01
   1.2680000000000000e+02   1.2901151657104499e+01
   1.2690000000000001e+02   1.7778034210205099e+01
   1.2700000000000000e+02   1.2776297569274901e+01
   1.2709999999999999e+02   2.5130851745605501e+01
   1.2790000000000001e+02   1.1111226654052700e+02
   1.2809999999999999e+02   1.8402926635742199e+02
   1.2880000000000001e+02   5.6529041290283203e+01
   1.2909999999999999e+02   1.7919596862793000e+02
   1.2919999999999999e+02   1.1486848449707000e+02
   1.2990000000000001e+02   2.3206398010253901e+02
   1.3000000000000000e+02   6.4852343750000000e+03
   1.3109999999999999e+02   3.7338442382812500e+03
   1.3209999999999999e+02   8.8526474609375000e+03
   1.3290000000000001e+02   4.7359268188476598e+01
   1.3309999999999999e+02   1.4958675537109400e+03
   1.3400000000000000e+02   1.5977990722656301e+02
   1.3400000000000000e+02   2.8712710571289102e+02
   1.3419999999999999e+02   1.6388058471679699e+02
   1.3490000000000001e+02   1.3618299865722699e+02
   1.3509999999999999e+02   4.4677136230468801e+02
   1.3600000000000000e+02   4.1969897460937500e+02
   1.3609999999999999e+02   7.3086875915527301e+01
   1.3680000000000001e+02   3.3828365325927699e+01
   1.3690000000000001e+02   1.2270825195312500e+02
   1.3900000000000000e+02   2.3461988830566401e+02
   1.3909999999999999e+02   9.5627525329589801e+01
   1.3990000000000001e+02   2.7363719940185501e+01
   1.4050000000000000e+02   1.2280799865722701e+01
   1.4100000000000000e+02   5.7954944610595703e+01
   1.4190000000000001e+02   1.5095540046691900e+01
   1.4209999999999999e+02   1.0908880233764600e+01
   1.4219999999999999e+02   9.8640518188476598e+00
   1.4290000000000001e+02   2.8912414550781300e+01
   1.4309999999999999e+02   3.3244653320312500e+02
   1.4319999999999999e+02   5.5944374084472699e+01
   1.4390000000000001e+02   1.8677873611450199e+01
   1.4400000000000000e+02   1.5142037353515600e+03
   1.4490000000000001e+02   8.3465690612793004e+00
   1.4500000000000000e+02   2.6318881225585898e+02
   1.4509999999999999e+02   1.0691862792968800e+03
   1.4609999999999999e+02   3.4958257812500000e+04
   1.4680000000000001e+02   4.0759460449218800e+01
   1.4709999999999999e+02   4.1435000000000000e+03
   1.4719999999999999e+02   3.1810079574585000e+01
   1.4800000000000000e+02   5.7206610107421898e+02
   1.4809999999999999e+02   7.2897766113281307e+01
   1.4880000000000001e+02   1.3432462692260700e+01
   1.4900000000000000e+02   2.3243968963623001e+01
   1.5100000000000000e+02   1.5009641647338899e+01
   1.5109999999999999e+02   4.1837368011474602e+01
   1.5130000000000001e+02   1.5789221763610801e+01
   1.5190000000000001e+02   9.9180641174316406e+00
   1.5309999999999999e+02   9.5221109390258807e+00
   1.5409999999999999e+02   2.7737421035766602e+01
   1.5500000000000000e+02   3.5471717834472699e+01
   1.5509999999999999e+02   5.4900623321533203e+01
   1.5600000000000000e+02   3.5141604614257801e+02
   1.5619999999999999e+02   2.6440650939941399e+01
   1.5690000000000001e+02   1.1773785400390599e+02
   1.5709999999999999e+02   1.3302546691894500e+02
   1.5719999999999999e+02   7.4290046691894503e+01
   1.5800000000000000e+02   2.1965051269531301e+02
   1.5809999999999999e+02   4.5115712890625000e+03
   1.5900000000000000e+02   3.3220794677734398e+02
   1.5909999999999999e+02   1.0733913574218800e+03
   1.6000000000000000e+02   7.7131896972656307e+01
   1.6009999999999999e+02   1.3249705810546900e+03
   1.6090000000000001e+02   1.1592882537841800e+02
   1.6109999999999999e+02   1.6087504577636699e+02
   1.6500000000000000e+02   5.4738845825195298e+01
   1.6669999999999999e+02   1.1678405761718800e+01
   1.6700000000000000e+02   1.0781674385070801e+01
   1.6709999999999999e+02   2.6018501281738299e+01
   1.6790000000000001e+02   1.4240214347839400e+01
   1.6800000000000000e+02   5.4413673400878899e+01
   1.6980000000000001e+02   1.4414022445678700e+01
   1.7000000000000000e+02   7.3427345275878906e+01
   1.7009999999999999e+02   5.7160938262939503e+01
   1.7080000000000001e+02   1.0887306213378899e+01
   1.7109999999999999e+02   3.1478837966918899e+01
   1.7200000000000000e+02   1.8899783325195301e+02
   1.7209999999999999e+02   1.9054811096191401e+02
   1.7280000000000001e+02   1.1145452880859401e+02
   1.7300000000000000e+02   1.4088621520996099e+02
   1.7309999999999999e+02   1.7534750366210901e+02
   1.7319999999999999e+02   3.3855949401855497e+01
   1.7390000000000001e+02   3.5070381164550803e+01
   1.7409999999999999e+02   2.8422294616699201e+01
   1.7469999999999999e+02   9.6416893005371094e+00
   1.7480000000000001e+02   3.7001010894775398e+01
   1.7500000000000000e+02   1.0309872436523401e+02
   1.7690000000000001e+02   9.4266567230224592e+00
   1.8009999999999999e+02   9.7363224029540998e+00
   1.8090000000000001e+02   1.9287204742431602e+01
   1.8200000000000000e+02   2.2115959167480501e+01
   1.8209999999999999e+02   4.4689792633056598e+01
   1.8390000000000001e+02   8.6287887573242202e+01
   1.8409999999999999e+02   6.3537945556640602e+02
   1.8419999999999999e+02   1.2293350219726599e+02
   1.8490000000000001e+02   1.4998225402832000e+02
   1.8509999999999999e+02   4.0685821533203102e+02
   1.8519999999999999e+02   5.1264354705810497e+01
   1.8609999999999999e+02   4.6966052246093801e+02
   1.8609999999999999e+02   1.2023184814453100e+03
   1.8709999999999999e+02   1.0070112915039100e+03
   1.8709999999999999e+02   8.4129882812500000e+02
   1.8809999999999999e+02   2.3250816406250000e+04
   1.8909999999999999e+02   1.0739038085937500e+04
   1.9000000000000000e+02   1.0130667877197300e+02
   1.9009999999999999e+02   1.2694309082031300e+03
   1.9090000000000001e+02   1.1433558464050300e+01
   1.9100000000000000e+02   5.2160182952880902e+01
   1.9119999999999999e+02   2.8323463439941399e+01
   2.0190000000000001e+02   3.3272994995117202e+01
   2.0200000000000000e+02   3.2665356445312500e+02
   2.0209999999999999e+02   2.5200395202636699e+02
   2.0219999999999999e+02   2.2280994415283200e+01
   2.0300000000000000e+02   5.1097393035888700e+01
   2.0680000000000001e+02   1.0092131614685099e+01
   2.0700000000000000e+02   2.0672685623168899e+01
   2.1069999999999999e+02   1.2572458267211900e+01
   2.1309999999999999e+02   4.5796112060546903e+01
   2.1319999999999999e+02   1.9641624450683601e+01
   2.1480000000000001e+02   3.7317993164062500e+01
   2.1500000000000000e+02   1.8407206726074199e+02
   2.1600000000000000e+02   1.0775254249572800e+01
   2.2590000000000001e+02   9.5089807510375994e+00
   2.2740000000000001e+02   1.0801529884338400e+01
   2.2800000000000000e+02   1.0249703407287599e+01
   2.2869999999999999e+02   9.7021598815918004e+00
   2.2880000000000001e+02   4.1745246887207003e+01
   2.2900000000000000e+02   2.5668506622314499e+01
   2.2919999999999999e+02   1.1621640777587901e+02
   2.2930000000000001e+02   4.7876991271972699e+01
   2.2940000000000001e+02   1.2002329826355000e+01
   2.2959999999999999e+02   2.5238822937011701e+01
   2.3019999999999999e+02   5.4962609863281295e+02
   2.3109999999999999e+02   6.6271789062500000e+04
   2.3209999999999999e+02   1.0363619140625000e+04
   2.3309999999999999e+02   8.1638403320312500e+02
   2.3309999999999999e+02   2.6443072509765602e+02
   2.3419999999999999e+02   1.0587948799133301e+01
   2.3709999999999999e+02   1.4727378845214799e+01
   2.7910000000000002e+02   6.7531417846679702e+01
   2.7919999999999999e+02   7.2145431518554702e+01
   2.9289999999999998e+02   8.3901329040527308e+00
   3.2000000000000000e+02   3.4173713684082003e+01
   3.2010000000000002e+02   3.7462635040283203e+01
   3.2110000000000002e+02   2.8059030532836900e+01
   3.2219999999999999e+02   1.3311336517334000e+01
   3.2310000000000002e+02   1.0346397399902299e+01
   3.2330000000000001e+02   1.0779157638549799e+01
   3.2380000000000001e+02   1.1331850051879901e+01
