   4.0100000000000001e+01   3.5396099853515602e+02
   4.0200000000000003e+01   6.1873355865478501e+01
   4.1100000000000001e+01   1.0871185546875000e+04
   4.2100000000000001e+01   6.9513891601562500e+03
   4.3100000000000001e+01   1.0817927246093800e+03
   4.4000000000000000e+01   2.3395063476562500e+03
   4.5000000000000000e+01   2.2822877883911101e+01
   4.9899999999999999e+01   1.4690663146972699e+02
   5.0000000000000000e+01   2.5054785156250000e+02
   5.0100000000000001e+01   1.8989477157592798e+01
   5.1000000000000000e+01   1.4554409179687500e+03
   5.1899999999999999e+01   1.3250424194335901e+02
   5.2000000000000000e+01   3.6896954345703102e+02
   5.3000000000000000e+01   5.3404583740234398e+02
   5.3899999999999999e+01   2.0918708801269499e+01
   5.4100000000000001e+01   6.3917932128906295e+02
   5.5000000000000000e+01   8.4525115966796898e+02
   5.5100000000000001e+01   7.0213476562500000e+02
   5.6000000000000000e+01   1.1901839599609400e+03
   5.6899999999999999e+01   7.2121292114257798e+01
   5.7000000000000000e+01   7.7513110351562500e+02
   5.8000000000000000e+01   6.9520805358886705e+01
   5.8100000000000001e+01   5.8181819915771499e+01
   5.8899999999999999e+01   5.3107948303222701e+00
   5.9000000000000000e+01   3.1891363143920898e+01
   6.0899999999999999e+01   1.5065082550048800e+01
   6.1899999999999999e+01   3.0001127243041999e+01
   6.2000000000000000e+01   1.4595425415039099e+02
   6.2799999999999997e+01   4.2300537109375000e+01
   6.3000000000000000e+01   3.7648507690429699e+02
   6.3000000000000000e+01   2.6720855712890602e+02
   6.3799999999999997e+01   4.9556434631347699e+01
   6.3899999999999999e+01   1.6251382446289099e+02
   6.4000000000000000e+01   1.4062532043457000e+02
   6.4200000000000003e+01   2.6032583236694300e+01
   6.5000000000000000e+01   2.9474069824218800e+03
   6.5799999999999997e+01   5.5798080444335902e+01
   6.6000000000000000e+01   4.4390640258789102e+02
   6.6099999999999994e+01   5.4071689605712898e+01
   6.6900000000000006e+01   3.5886962890625000e+01
   6.7000000000000000e+01   4.1197064208984398e+02
   6.7099999999999994e+01   7.1753558349609398e+02
   6.8099999999999994e+01   1.9685828857421900e+03
   6.9000000000000000e+01   2.1192601562500000e+04
   7.0000000000000000e+01   3.3559838867187500e+03
   7.0900000000000006e+01   4.2389175415039098e+01
   7.1000000000000000e+01   2.6086462402343801e+02
   7.1099999999999994e+01   1.4655307769775400e+01
   7.2799999999999997e+01   1.3882394790649400e+01
   7.3099999999999994e+01   1.0718125343322800e+01
   7.3900000000000006e+01   3.1571996688842798e+01
   7.3900000000000006e+01   4.7612632751464801e+01
   7.4200000000000003e+01   1.3904497146606399e+01
   7.4900000000000006e+01   8.8890090942382798e+01
   7.5000000000000000e+01   6.3363014221191399e+01
   7.5099999999999994e+01   3.9939975738525398e+01
   7.5900000000000006e+01   1.1610781860351599e+02
   7.6099999999999994e+01   7.5443679809570298e+01
   7.6200000000000003e+01   3.2466482543945301e+02
   7.7000000000000000e+01   8.6231318359375000e+03
   7.8000000000000000e+01   1.8503977050781300e+03
   7.9000000000000000e+01   2.7517104492187500e+03
   8.0000000000000000e+01   1.8882101440429699e+02
   8.0000000000000000e+01   5.1720874023437500e+02
   8.0700000000000003e+01   1.6679393768310501e+01
   8.0900000000000006e+01   4.2871330261230497e+01
   8.1000000000000000e+01   2.0324851989746099e+02
   8.1099999999999994e+01   7.4129920959472699e+01
   8.2000000000000000e+01   1.3507122802734400e+03
   8.2900000000000006e+01   4.9700565338134801e+01
   8.3000000000000000e+01   2.7335989379882801e+02
   8.3099999999999994e+01   4.5467433929443402e+01
   8.3900000000000006e+01   1.6895219802856399e+01
   8.4099999999999994e+01   2.8483740234375000e+02
   8.4099999999999994e+01   2.7818588256835898e+02
   8.4900000000000006e+01   4.1080257415771499e+01
   8.5000000000000000e+01   3.4640686035156300e+01
   8.7099999999999994e+01   1.1530793190002401e+01
   8.7799999999999997e+01   1.0119337081909199e+01
   8.9000000000000000e+01   6.6916418457031295e+02
   9.0099999999999994e+01   4.8913961791992199e+02
   9.0200000000000003e+01   6.4767868041992202e+01
   9.1000000000000000e+01   1.1659279296875000e+04
   9.2000000000000000e+01   1.4074353027343800e+03
   9.2099999999999994e+01   1.2010271453857401e+02
   9.3099999999999994e+01   2.5556352539062500e+03
   9.4000000000000000e+01   1.3711497802734400e+03
   9.4099999999999994e+01   1.7264193725585901e+02
   9.5000000000000000e+01   7.9186761474609398e+02
   9.5200000000000003e+01   2.1592662048339801e+02
   9.6099999999999994e+01   5.8598471679687500e+03
   9.7000000000000000e+01   1.9683886718750000e+02
   9.7099999999999994e+01   6.2694628906250000e+02
   9.7900000000000006e+01   8.1821777343750000e+01
   9.8099999999999994e+01   2.0145846557617199e+02
   9.8200000000000003e+01   6.7893959045410199e+01
   1.0090000000000001e+02   1.1635992050170900e+01
   1.0109999999999999e+02   1.7507936477661101e+01
   1.0190000000000001e+02   1.5087879943847699e+02
   1.0209999999999999e+02   2.4405650329589801e+02
   1.0300000000000000e+02   2.9148188476562500e+03
   1.0309999999999999e+02   3.8963569641113303e+01
   1.0400000000000000e+02   4.0492309570312500e+03
   1.0509999999999999e+02   9.6048154296875000e+03
   1.0590000000000001e+02   5.2254726409912102e+01
   1.0600000000000000e+02   1.5113692626953100e+03
   1.0609999999999999e+02   5.3077610015869098e+01
   1.0680000000000000e+02   1.1734514236450201e+01
   1.0700000000000000e+02   6.1491359710693402e+01
   1.0709999999999999e+02   6.2661628723144503e+01
   1.0790000000000001e+02   1.1005460739135700e+01
   1.0809999999999999e+02   8.2296524047851605e+01
   1.0880000000000000e+02   2.1093852996826200e+01
   1.0900000000000000e+02   6.7379325866699205e+01
   1.0970000000000000e+02   1.2589388847351101e+01
   1.0990000000000001e+02   1.6728767395019499e+01
   1.1000000000000000e+02   3.6204856872558601e+01
   1.1090000000000001e+02   4.0967128753662102e+01
   1.1180000000000000e+02   1.0447058677673301e+01
   1.1190000000000001e+02   1.3005051612854000e+01
   1.1209999999999999e+02   1.1265947341918899e+01
   1.1500000000000000e+02   2.5318334960937500e+02
   1.1509999999999999e+02   4.1222857666015602e+02
   1.1590000000000001e+02   2.2167463302612301e+01
   1.1600000000000000e+02   3.9650003051757801e+02
   1.1690000000000001e+02   9.3402473449707003e+01
   1.1700000000000000e+02   1.5217425537109400e+03
   1.1720000000000000e+02   1.9920402526855500e+02
   1.1800000000000000e+02   4.2867102050781301e+02
   1.1809999999999999e+02   2.6123654785156300e+03
   1.1900000000000000e+02   7.3335217285156295e+02
   1.1909999999999999e+02   2.7964752197265602e+02
   1.2000000000000000e+02   3.6616714477539102e+02
   1.2009999999999999e+02   5.2587085723877003e+01
   1.2670000000000000e+02   1.0368527412414601e+01
   1.2690000000000001e+02   2.4286149978637699e+01
   1.2780000000000000e+02   1.1360230445861800e+01
   1.2800000000000000e+02   1.4089205932617199e+02
   1.2809999999999999e+02   8.3747085571289105e+01
   1.2880000000000001e+02   6.0985881805419901e+01
   1.2900000000000000e+02   1.1609846496582000e+02
   1.2919999999999999e+02   4.9729743957519503e+01
   1.3000000000000000e+02   3.1493798828125000e+02
   1.3009999999999999e+02   4.1583657226562500e+03
   1.3100000000000000e+02   2.3827607421875000e+03
   1.3119999999999999e+02   1.1924300384521500e+02
   1.3209999999999999e+02   4.8199897460937500e+03
   1.3280000000000001e+02   1.7870466232299801e+01
   1.3300000000000000e+02   5.3152227783203102e+02
   1.3309999999999999e+02   2.5013328552246099e+02
   1.3380000000000001e+02   4.4643077850341797e+01
   1.3400000000000000e+02   1.2163762664794901e+02
   1.3409999999999999e+02   1.5571781921386699e+02
   1.3419999999999999e+02   1.5642054748535199e+02
   1.3700000000000000e+02   1.4280064392089801e+02
   1.3780000000000001e+02   1.0018752098083500e+01
   1.3869999999999999e+02   1.3146322250366200e+01
   1.3890000000000001e+02   4.9667427062988303e+01
   1.3900000000000000e+02   1.5242742919921901e+02
   1.3919999999999999e+02   1.5845788955688500e+01
   1.4000000000000000e+02   1.3063966751098601e+01
   1.4090000000000001e+02   2.4221216201782202e+01
   1.4109999999999999e+02   3.5309913635253899e+01
   1.4190000000000001e+02   2.6362245559692401e+01
   1.4209999999999999e+02   2.7428686141967798e+01
   1.4300000000000000e+02   1.6766401672363301e+02
   1.4319999999999999e+02   1.4521089172363301e+02
   1.4390000000000001e+02   1.4842265319824199e+02
   1.4400000000000000e+02   9.3951678466796898e+02
   1.4490000000000001e+02   3.4207942962646499e+01
   1.4509999999999999e+02   4.9417062377929699e+02
   1.4519999999999999e+02   2.3252769470214801e+02
   1.4609999999999999e+02   1.6051654296875000e+04
   1.4709999999999999e+02   2.0010543212890600e+03
   1.4800000000000000e+02   1.5903736877441401e+02
   1.4809999999999999e+02   1.0739928436279300e+02
   1.4819999999999999e+02   3.5283557891845703e+01
   1.4909999999999999e+02   1.1641932487487800e+01
   1.5400000000000000e+02   1.2282194137573200e+01
   1.5509999999999999e+02   1.1437943458557100e+01
   1.5580000000000001e+02   7.2010551452636705e+01
   1.5600000000000000e+02   6.9320968627929702e+01
   1.5609999999999999e+02   4.0770809173583999e+01
   1.5619999999999999e+02   5.3124488830566399e+01
   1.5680000000000001e+02   1.5717226982116699e+01
   1.5690000000000001e+02   7.9834152221679702e+01
   1.5719999999999999e+02   6.0422290802002003e+01
   1.5809999999999999e+02   1.6430260009765600e+03
   1.5880000000000001e+02   1.3138465881347701e+01
   1.5900000000000000e+02   6.7550695800781295e+02
   1.5919999999999999e+02   7.1594367980957003e+01
   1.5980000000000001e+02   2.0315092086791999e+01
   1.6000000000000000e+02   3.2991702270507801e+02
   1.6009999999999999e+02   7.8959020996093795e+02
   1.6019999999999999e+02   1.0968182563781699e+01
   1.6090000000000001e+02   4.7350528717041001e+01
   1.6109999999999999e+02   3.4449374389648398e+02
   1.6119999999999999e+02   1.9470762634277301e+02
   1.6180000000000001e+02   1.9246538162231399e+01
   1.6200000000000000e+02   1.2937710571289099e+02
   1.6219999999999999e+02   3.3335239410400398e+01
   1.7009999999999999e+02   3.6224548339843800e+01
   1.7090000000000001e+02   3.7613807678222699e+01
   1.7200000000000000e+02   1.0946723175048800e+02
   1.7209999999999999e+02   1.3554725646972699e+02
   1.7300000000000000e+02   1.5859690856933599e+02
   1.7309999999999999e+02   1.1844687652587901e+02
   1.7400000000000000e+02   2.0176399230956999e+01
   1.8209999999999999e+02   6.1869701385497997e+01
   1.8380000000000001e+02   3.2580883026122997e+01
   1.8409999999999999e+02   6.0069299316406295e+02
   1.8419999999999999e+02   4.8438709259033203e+01
   1.8490000000000001e+02   5.2406936645507798e+01
   1.8509999999999999e+02   4.1080581665039102e+02
   1.8530000000000001e+02   2.1597229003906300e+01
   1.8600000000000000e+02   2.7224627685546898e+02
   1.8609999999999999e+02   9.8474212646484398e+02
   1.8700000000000000e+02   1.4463259696960399e+01
   1.8709999999999999e+02   1.2217772216796900e+03
   1.8800000000000000e+02   4.3638809204101598e+01
   1.8809999999999999e+02   1.1839703369140600e+03
   1.8819999999999999e+02   7.1662927246093795e+02
   1.8909999999999999e+02   1.6486564453125000e+04
   1.9000000000000000e+02   9.9820335388183594e+01
   1.9009999999999999e+02   2.2662817382812500e+03
   1.9109999999999999e+02   1.2935931396484401e+02
   1.9690000000000001e+02   1.0518532752990700e+01
   2.0000000000000000e+02   3.0135383605956999e+01
   2.0009999999999999e+02   1.3195515632629400e+01
   2.0680000000000001e+02   1.3782746315002401e+01
   2.1090000000000001e+02   2.9605579376220699e+00
   2.1100000000000000e+02   2.2907924652099599e+01
   2.1269999999999999e+02   1.0937994003295900e+01
   2.1409999999999999e+02   2.9430939941406300e+03
   2.1419999999999999e+02   2.4312629699707000e+02
   2.1500000000000000e+02   6.8593762207031295e+02
   2.1609999999999999e+02   5.8813941955566399e+01
   2.1619999999999999e+02   1.0325594902038601e+01
   2.2809999999999999e+02   1.1608295440673800e+02
   2.2900000000000000e+02   3.8832317352294901e+01
   2.2909999999999999e+02   7.6451148986816406e+01
   2.3290000000000001e+02   2.5853590011596701e+01
   2.3309999999999999e+02   8.7641525268554699e-01
   2.3669999999999999e+02   3.1857662200927699e+01
   2.3700000000000000e+02   4.4675121307373002e+00
   2.5480000000000001e+02   1.1619813919067401e+01
   2.5500000000000000e+02   6.7623123168945298e+01
   2.5509999999999999e+02   1.4978551864624000e+01
   2.5559999999999999e+02   1.1873450279235801e+01
   2.5580000000000001e+02   1.7760267257690401e+01
   2.5590000000000001e+02   5.9038124084472699e+01
   2.5610000000000002e+02   1.9184057235717798e+01
   2.5619999999999999e+02   1.9879342651367199e+02
   2.5719999999999999e+02   3.6879914062500000e+04
   2.5819999999999999e+02   6.8361562500000000e+03
   2.5910000000000002e+02   5.4713726806640602e+02
   2.5919999999999999e+02   1.3049057006835901e+02
   2.6019999999999999e+02   1.1022778511047401e+01
   2.7889999999999998e+02   1.1171212196350099e+01
   2.7900000000000000e+02   6.3910068511962898e+01
   3.4600000000000000e+02   2.7807146072387699e+01
   3.4619999999999999e+02   3.4911334991455099e+01
   3.4889999999999998e+02   1.1637517929077100e+01
