   4.0100000000000001e+01   2.5537590026855500e+02
   4.1000000000000000e+01   2.6378471679687500e+03
   4.2100000000000001e+01   1.0420697265625000e+04
   4.3100000000000001e+01   1.2266701171875000e+04
   4.4000000000000000e+01   5.0136142578125000e+03
   4.4799999999999997e+01   1.4763356208801300e+01
   4.5000000000000000e+01   1.0954257965087901e+02
   4.5200000000000003e+01   4.2119899749755902e+01
   5.0000000000000000e+01   4.4544244384765602e+02
   5.0100000000000001e+01   1.9810499191284201e+01
   5.0899999999999999e+01   3.0258443832397500e+01
   5.1000000000000000e+01   1.6381658935546900e+03
   5.2000000000000000e+01   5.3709912109375000e+02
   5.3000000000000000e+01   3.3690570068359398e+02
   5.3000000000000000e+01   5.4750988769531295e+02
   5.3799999999999997e+01   1.0947437286376999e+01
   5.3899999999999999e+01   1.9408131408691401e+02
   5.4000000000000000e+01   6.8890325927734398e+02
   5.5000000000000000e+01   4.6519720458984398e+02
   5.5100000000000001e+01   1.1384742431640600e+03
   5.6000000000000000e+01   1.3612009277343800e+03
   5.6200000000000003e+01   7.4473114013671903e+01
   5.6899999999999999e+01   2.1983047485351602e+01
   5.7000000000000000e+01   9.0254632568359398e+02
   5.7899999999999999e+01   2.0730838775634801e+01
   5.8000000000000000e+01   9.2629463195800795e+01
   5.8100000000000001e+01   1.1607952117919901e+01
   5.8700000000000003e+01   1.0534625053405801e+01
   5.8899999999999999e+01   8.3260520935058594e+01
   5.9000000000000000e+01   1.2799024963378901e+02
   6.1100000000000001e+01   8.9602842330932599e+00
   6.1899999999999999e+01   3.1370500564575199e+01
   6.2000000000000000e+01   1.1898358917236300e+02
   6.2100000000000001e+01   1.9399454116821300e+01
   6.2799999999999997e+01   2.0585309982299801e+01
   6.3000000000000000e+01   6.9423937988281295e+02
   6.3100000000000001e+01   1.0437751007080099e+02
   6.3899999999999999e+01   2.5731576919555700e+01
   6.4000000000000000e+01   4.5714181518554699e+02
   6.5000000000000000e+01   2.7068859863281300e+03
   6.5900000000000006e+01   1.6903724670410199e+01
   6.6000000000000000e+01   4.0245315551757801e+02
   6.6099999999999994e+01   4.6843463134765602e+02
   6.6900000000000006e+01   2.1433444976806602e+01
   6.7000000000000000e+01   1.8141203613281300e+03
   6.7099999999999994e+01   2.7548768997192401e+01
   6.7900000000000006e+01   7.0920707702636705e+01
   6.8000000000000000e+01   1.9202020263671900e+03
   6.9000000000000000e+01   1.6449829101562500e+03
   7.0000000000000000e+01   2.3659841308593800e+03
   7.0900000000000006e+01   2.3281103134155298e+01
   7.1000000000000000e+01   1.0870829772949200e+02
   7.1099999999999994e+01   8.5346099853515597e+01
   7.1900000000000006e+01   3.6581241607666001e+01
   7.2099999999999994e+01   3.8594844818115199e+01
   7.2900000000000006e+01   2.4605655670166001e+01
   7.3000000000000000e+01   6.2041030883789098e+01
   7.3799999999999997e+01   2.7836341857910199e+01
   7.4000000000000000e+01   1.4246804809570301e+02
   7.4099999999999994e+01   4.6120220184326200e+01
   7.4799999999999997e+01   2.7085683822631800e+01
   7.4900000000000006e+01   7.7541961669921903e+01
   7.5099999999999994e+01   1.3242253112793000e+02
   7.5700000000000003e+01   9.8437538146972692e+00
   7.5900000000000006e+01   2.0624343872070301e+02
   7.6099999999999994e+01   3.6894256591796898e+02
   7.7000000000000000e+01   1.2640609375000000e+04
   7.7900000000000006e+01   5.3067096710205099e+01
   7.8000000000000000e+01   2.7100092773437500e+03
   7.9000000000000000e+01   4.0894072265625000e+03
   7.9900000000000006e+01   3.6265396118164102e+02
   8.0000000000000000e+01   6.2607745361328102e+02
   8.1000000000000000e+01   4.6224588012695301e+02
   8.1099999999999994e+01   2.2424959182739300e+01
   8.2099999999999994e+01   1.7931328125000000e+03
   8.3000000000000000e+01   3.4548934936523398e+02
   8.4000000000000000e+01   1.6240495300293000e+02
   8.4000000000000000e+01   2.9337289428710898e+02
   8.4799999999999997e+01   1.2799723625183100e+01
   8.5000000000000000e+01   1.1899883270263700e+01
   8.5099999999999994e+01   8.6280279159545898e+00
   8.6000000000000000e+01   5.1292915344238303e+01
   8.6200000000000003e+01   3.0066825866699201e+01
   8.6799999999999997e+01   1.0543292999267599e+01
   8.7099999999999994e+01   1.9745754241943398e+01
   8.8900000000000006e+01   4.5199847412109398e+02
   8.9099999999999994e+01   2.9490661621093801e+02
   8.9900000000000006e+01   2.1390414428710901e+02
   9.0099999999999994e+01   3.1508453369140602e+02
   9.1000000000000000e+01   7.8080805664062500e+03
   9.1900000000000006e+01   8.7647323608398395e+01
   9.2000000000000000e+01   1.1861477050781300e+03
   9.2200000000000003e+01   4.7331806182861300e+01
   9.3000000000000000e+01   4.2842231445312500e+03
   9.4000000000000000e+01   2.5710209960937500e+03
   9.4200000000000003e+01   8.4688217163085895e+01
   9.5000000000000000e+01   6.0859503173828102e+02
   9.5099999999999994e+01   8.6863598632812500e+02
   9.6099999999999994e+01   7.4039912109375000e+03
   9.7000000000000000e+01   6.4020935058593795e+02
   9.7099999999999994e+01   4.8084582519531301e+02
   9.8099999999999994e+01   6.8279852294921898e+02
   1.0080000000000000e+02   3.2677017211914098e+01
   1.0090000000000001e+02   4.9407829284667997e+01
   1.0109999999999999e+02   1.6343172073364300e+01
   1.0130000000000000e+02   1.0563188552856399e+01
   1.0190000000000001e+02   1.6384996032714801e+02
   1.0200000000000000e+02   3.2557800292968801e+02
   1.0209999999999999e+02   1.1697281646728500e+02
   1.0300000000000000e+02   4.6189511718750000e+03
   1.0400000000000000e+02   6.4044633789062500e+03
   1.0509999999999999e+02   1.7056820312500000e+04
   1.0600000000000000e+02   3.4333181152343800e+03
   1.0690000000000001e+02   3.0339611816406301e+02
   1.0700000000000000e+02   6.0286972045898402e+01
   1.0790000000000001e+02   3.2459026336669901e+01
   1.0800000000000000e+02   7.2719863891601605e+01
   1.0809999999999999e+02   3.3907154083252003e+01
   1.0880000000000000e+02   2.0666374206543001e+01
   1.0900000000000000e+02   9.2948112487793004e+00
   1.1000000000000000e+02   2.7301937103271499e+01
   1.1020000000000000e+02   1.1293372154235801e+01
   1.1090000000000001e+02   1.0930958747863800e+01
   1.1120000000000000e+02   1.0658488273620600e+01
   1.1380000000000000e+02   1.2163627624511699e+01
   1.1409999999999999e+02   1.5888179779052701e+01
   1.1490000000000001e+02   3.0462236404418899e+01
   1.1500000000000000e+02   2.2359123535156300e+03
   1.1590000000000001e+02   2.6916940307617199e+02
   1.1600000000000000e+02   5.9315496826171898e+02
   1.1620000000000000e+02   7.7298950195312500e+01
   1.1709999999999999e+02   6.3250239257812500e+03
   1.1809999999999999e+02   8.7984521484375000e+03
   1.1909999999999999e+02   8.5551132812500000e+03
   1.1990000000000001e+02   8.5552650451660199e+01
   1.2000000000000000e+02   1.3389671630859400e+03
   1.2090000000000001e+02   3.0779777526855501e+01
   1.2109999999999999e+02   1.9881858825683601e+01
   1.2700000000000000e+02   7.5266258239746094e+01
   1.2790000000000001e+02   1.4245925903320301e+02
   1.2800000000000000e+02   1.8202296447753901e+02
   1.2869999999999999e+02   8.6259450912475604e+00
   1.2890000000000001e+02   3.1432504653930700e+01
   1.2900000000000000e+02   1.9054100036621099e+02
   1.2909999999999999e+02   5.3786228179931598e+01
   1.3000000000000000e+02   5.0353579101562500e+03
   1.3109999999999999e+02   3.3329597167968800e+03
   1.3190000000000001e+02   7.1755874633789105e+01
   1.3209999999999999e+02   7.3866562500000000e+03
   1.3300000000000000e+02   1.9685066223144500e+02
   1.3309999999999999e+02   9.3048645019531295e+02
   1.3400000000000000e+02   7.5571556091308594e+01
   1.3409999999999999e+02   7.6758705139160199e+01
   1.3490000000000001e+02   3.9393489837646499e+01
   1.3500000000000000e+02   1.7472978210449199e+02
   1.3509999999999999e+02   1.4154931640625000e+02
   1.3580000000000001e+02   8.6978969573974592e+00
   1.3590000000000001e+02   1.1005923461914099e+02
   1.3600000000000000e+02   2.7305606079101602e+02
   1.3700000000000000e+02   2.3802053833007801e+02
   1.3700000000000000e+02   1.2677066040039099e+02
   1.3800000000000000e+02   1.0493901252746600e+01
   1.3869999999999999e+02   1.1837466239929199e+01
   1.3900000000000000e+02   1.9482429504394500e+02
   1.3909999999999999e+02   1.3660575866699199e+02
   1.4069999999999999e+02   1.0649844169616699e+01
   1.4080000000000001e+02   9.7824583053588903e+00
   1.4100000000000000e+02   1.8731882095336900e+01
   1.4190000000000001e+02   5.9414936065673800e+01
   1.4209999999999999e+02   5.8951679229736300e+01
   1.4219999999999999e+02   1.0967159271240201e+01
   1.4300000000000000e+02   2.1208425903320301e+02
   1.4309999999999999e+02   2.2207142639160199e+02
   1.4330000000000001e+02   1.4819259643554700e+01
   1.4390000000000001e+02   6.6154945373535199e+01
   1.4409999999999999e+02   1.8118365478515600e+03
   1.4490000000000001e+02   1.7334822082519500e+02
   1.4509999999999999e+02   1.0265715332031300e+03
   1.4609999999999999e+02   3.0216210937500000e+04
   1.4700000000000000e+02   1.8301544189453099e+02
   1.4709999999999999e+02   3.2951669921875000e+03
   1.4790000000000001e+02   4.6370952606201200e+01
   1.4809999999999999e+02   5.9253247070312500e+02
   1.4909999999999999e+02   8.7733068466186506e+00
   1.5400000000000000e+02   5.1967575073242202e+01
   1.5480000000000001e+02   8.7926578521728498e+00
   1.5500000000000000e+02   2.2003913879394499e+01
   1.5509999999999999e+02   5.7968830108642599e+01
   1.5590000000000001e+02   9.7025527954101598e+00
   1.5600000000000000e+02   2.3864826965332000e+02
   1.5619999999999999e+02   4.0880886077880902e+01
   1.5690000000000001e+02   4.6262924194335902e+01
   1.5700000000000000e+02   1.9949969482421901e+02
   1.5719999999999999e+02   2.0241533279418899e+01
   1.5809999999999999e+02   4.6066391601562500e+03
   1.5900000000000000e+02   9.3691339111328102e+02
   1.5909999999999999e+02   4.2961343383789102e+02
   1.6000000000000000e+02   2.3036659240722699e+02
   1.6009999999999999e+02   3.7316220092773398e+02
   1.6090000000000001e+02   2.2554304122924801e+01
   1.6100000000000000e+02   2.1041385650634801e+01
   1.6109999999999999e+02   4.7822319030761697e+01
   1.6180000000000001e+02   1.0482459068298301e+01
   1.6200000000000000e+02   1.2304586410522500e+01
   1.6209999999999999e+02   2.5514881134033200e+01
   1.6700000000000000e+02   9.1573591232299805e+00
   1.6709999999999999e+02   2.0600267410278299e+01
   1.6790000000000001e+02   1.0265318870544400e+01
   1.7000000000000000e+02   1.0502897644043000e+02
   1.7009999999999999e+02   7.1232963562011705e+01
   1.7100000000000000e+02   4.7796237945556598e+01
   1.7119999999999999e+02   8.9164905548095703e+00
   1.7200000000000000e+02   1.3781915283203099e+02
   1.7209999999999999e+02   2.1240802001953099e+02
   1.7280000000000001e+02   2.2351581573486300e+01
   1.7300000000000000e+02   8.2860389709472699e+01
   1.7300000000000000e+02   1.2862905883789099e+02
   1.7319999999999999e+02   2.3079685211181602e+01
   1.7390000000000001e+02   2.2493776321411101e+01
   1.7400000000000000e+02   2.2900463867187500e+02
   1.7409999999999999e+02   3.7652496337890602e+02
   1.7490000000000001e+02   1.9638221740722699e+01
   1.7509999999999999e+02   4.2808441162109403e+01
   1.7530000000000001e+02   1.1312643051147500e+01
   1.8280000000000001e+02   1.1246045112609901e+01
   1.8400000000000000e+02   3.6730117797851598e+01
   1.8419999999999999e+02   2.4910230636596701e+01
   1.8490000000000001e+02   6.8390815734863295e+01
   1.8509999999999999e+02   1.1234642028808601e+01
   1.8569999999999999e+02   8.8253850936889595e+00
   1.8590000000000001e+02   5.4436149597167997e+01
   1.8619999999999999e+02   8.8969131469726605e+01
   1.8690000000000001e+02   1.2190666961669901e+02
   1.8709999999999999e+02   8.9087701416015602e+02
   1.8809999999999999e+02   1.9789257812500000e+04
   1.8909999999999999e+02   9.9045283203125000e+03
   1.9009999999999999e+02   1.1547624511718800e+03
   1.9090000000000001e+02   8.7326164245605504e+00
   1.9109999999999999e+02   4.9544509887695298e+01
   1.9130000000000001e+02   1.3181002616882299e+01
   1.9590000000000001e+02   9.2789640426635707e+00
   1.9600000000000000e+02   8.8114538192749006e+00
   1.9700000000000000e+02   8.6589355468750000e+00
   1.9800000000000000e+02   1.5253619384765599e+02
   1.9809999999999999e+02   4.9281326293945301e+02
   1.9880000000000001e+02   1.2678792953491200e+01
   1.9900000000000000e+02   9.4002593994140597e+01
   1.9909999999999999e+02   2.5182432556152301e+02
   1.9930000000000001e+02   1.1594166755676300e+01
   2.0000000000000000e+02   7.8323371887207003e+01
   2.0009999999999999e+02   9.6947894287109398e+02
   2.0090000000000001e+02   8.1128921508789105e+01
   2.0109999999999999e+02   3.6234207153320301e+02
   2.0190000000000001e+02   8.6226453781127894e+00
   2.0209999999999999e+02   8.4441217041015602e+02
   2.0300000000000000e+02   6.3514770507812500e+01
   2.0309999999999999e+02   6.2485126495361300e+01
   2.0690000000000001e+02   2.1256286621093800e+01
   2.1069999999999999e+02   9.7173614501953107e+00
   2.1090000000000001e+02   5.5480583190917997e+01
   2.1109999999999999e+02   2.8066131591796900e+01
   2.1300000000000000e+02   4.5295440673828097e+01
   2.1480000000000001e+02   6.3886920928955099e+01
   2.1500000000000000e+02   1.7588136291503901e+02
   2.1590000000000001e+02   8.7824249267578107e+00
   2.1680000000000001e+02   1.2782917022705099e+01
   2.1900000000000000e+02   3.0920440673828100e+01
   2.2850000000000000e+02   8.4213666915893608e+00
   2.2900000000000000e+02   1.0895655059814500e+02
   2.2909999999999999e+02   2.5512550354003899e+01
   2.2930000000000001e+02   2.1571168899536101e+01
   2.2959999999999999e+02   8.4388723373413104e+00
   2.2990000000000001e+02   8.0599075317382798e+01
   2.3009999999999999e+02   3.8729129028320301e+02
   2.3109999999999999e+02   6.0142589843750000e+04
   2.3219999999999999e+02   9.6916230468750000e+03
   2.3309999999999999e+02   6.5188580322265602e+02
   2.3319999999999999e+02   2.1440153503418000e+02
   2.3380000000000001e+02   1.2002645492553700e+01
   2.3669999999999999e+02   9.9232864379882795e+00
   2.3690000000000001e+02   1.1934842681884800e+02
   2.3700000000000000e+02   5.0781040191650398e+01
   2.4490000000000001e+02   8.5149784088134801e+00
   2.6519999999999999e+02   8.6499271392822301e+00
   2.7080000000000001e+02   1.0209120750427200e+01
   2.7100000000000000e+02   8.1429450988769503e+01
   2.7130000000000001e+02   2.0762632369995099e+01
   2.9280000000000001e+02   1.6163352966308601e+01
   2.9310000000000002e+02   5.7466476440429702e+01
   2.9319999999999999e+02   2.5813217163085898e+01
   3.3419999999999999e+02   8.1863227844238295e+01
   3.3430000000000001e+02   2.1725587844848601e+01
   3.3500000000000000e+02   9.1880998611450195e+00
   3.3519999999999999e+02   2.2170799255371101e+01
   3.3730000000000001e+02   1.0496503829956101e+01
