   4.0100000000000001e+01   2.9583114624023398e+02
   4.1100000000000001e+01   4.6941655273437500e+03
   4.2100000000000001e+01   2.4067466796875000e+04
   4.3000000000000000e+01   2.3200695800781300e+03
   4.4100000000000001e+01   2.5001080078125000e+04
   4.5000000000000000e+01   4.7468621826171898e+02
   4.5100000000000001e+01   2.0652604675293000e+02
   4.6700000000000003e+01   1.0635838508606000e+01
   4.9000000000000000e+01   1.0971323013305700e+01
   5.0000000000000000e+01   1.0988676757812500e+03
   5.1000000000000000e+01   4.6075512695312500e+03
   5.2000000000000000e+01   1.4350478515625000e+03
   5.3000000000000000e+01   5.4189385986328102e+02
   5.3100000000000001e+01   8.6132714843750000e+02
   5.4000000000000000e+01   5.2445623779296898e+02
   5.4000000000000000e+01   1.5563884277343800e+03
   5.5000000000000000e+01   2.7899140625000000e+03
   5.6000000000000000e+01   3.4899514160156300e+03
   5.7000000000000000e+01   1.0252343750000000e+02
   5.7100000000000001e+01   2.5602746582031300e+03
   5.8000000000000000e+01   4.0421899414062500e+02
   5.8100000000000001e+01   5.5438217163085902e+01
   5.8899999999999999e+01   8.3548140525817904e-01
   5.9000000000000000e+01   1.4404269409179699e+02
   6.0899999999999999e+01   3.1703283309936499e+01
   6.1899999999999999e+01   2.0449621582031301e+02
   6.2000000000000000e+01   3.0539294433593801e+02
   6.3000000000000000e+01   2.5527509765625000e+03
   6.3799999999999997e+01   4.5675975799560497e+01
   6.4000000000000000e+01   1.2510966796875000e+03
   6.4099999999999994e+01   2.8088827133178700e+01
   6.5000000000000000e+01   1.4382915039062500e+04
   6.5900000000000006e+01   4.3892158508300803e+01
   6.6000000000000000e+01   2.6541203613281300e+03
   6.7000000000000000e+01   5.7397834777832003e+01
   6.7000000000000000e+01   1.5406854248046900e+03
   6.8000000000000000e+01   3.3245368652343800e+03
   6.8900000000000006e+01   7.7063262939453097e+01
   6.9099999999999994e+01   1.6654785156250000e+03
   7.0099999999999994e+01   8.2226513671875000e+03
   7.1000000000000000e+01   4.1029702758789102e+02
   7.1099999999999994e+01   1.3481549072265599e+02
   7.1900000000000006e+01   6.9437576293945298e+01
   7.2099999999999994e+01   9.7096725463867202e+01
   7.3000000000000000e+01   7.6485694885253906e+01
   7.3099999999999994e+01   2.3527244567871101e+01
   7.3799999999999997e+01   2.8513912200927699e+01
   7.4000000000000000e+01   3.9850152587890602e+02
   7.4200000000000003e+01   3.3703536987304702e+01
   7.4900000000000006e+01   1.2233773040771500e+02
   7.5000000000000000e+01   4.9518057250976602e+02
   7.6099999999999994e+01   1.3813469238281300e+03
   7.7000000000000000e+01   2.5071371093750000e+04
   7.8000000000000000e+01   6.3179409179687500e+03
   7.9000000000000000e+01   8.1626494140625000e+03
   7.9900000000000006e+01   9.9850898742675795e+01
   8.0000000000000000e+01   1.3403522949218800e+03
   8.0099999999999994e+01   5.5262203216552699e+01
   8.0299999999999997e+01   1.0092777252197299e+01
   8.0900000000000006e+01   3.8324401855468801e+02
   8.1000000000000000e+01   2.9814556884765602e+02
   8.1099999999999994e+01   3.4180816650390597e+01
   8.1900000000000006e+01   6.0822513580322301e+01
   8.2000000000000000e+01   1.9644879150390600e+03
   8.2099999999999994e+01   1.3866482543945301e+02
   8.3000000000000000e+01   2.7152770996093801e+02
   8.3099999999999994e+01   2.9187548828125000e+02
   8.3200000000000003e+01   1.1144788742065399e+01
   8.4000000000000000e+01   3.9399996948242199e+02
   8.4099999999999994e+01   2.4262112426757801e+02
   8.4200000000000003e+01   1.9544326782226599e+02
   8.5000000000000000e+01   5.9361724853515597e+01
   8.5099999999999994e+01   5.9289646148681598e+01
   8.6799999999999997e+01   1.3464710235595700e+01
   8.6900000000000006e+01   6.9055847167968807e+01
   8.7099999999999994e+01   1.1282936096191399e+01
   8.8000000000000000e+01   1.5436223030090300e+01
   8.8200000000000003e+01   4.5927124023437500e+01
   8.9000000000000000e+01   2.8460161132812500e+03
   8.9900000000000006e+01   2.8635421752929702e+01
   9.0000000000000000e+01   8.2782189941406295e+02
   9.0099999999999994e+01   1.3605029296875000e+03
   9.1000000000000000e+01   4.5198359375000000e+04
   9.1900000000000006e+01   9.4428939819335895e+01
   9.2000000000000000e+01   6.6402929687500000e+03
   9.2900000000000006e+01   7.3727233886718807e+01
   9.3000000000000000e+01   3.7796892089843800e+03
   9.4000000000000000e+01   3.0012823486328102e+02
   9.4200000000000003e+01   9.6796981811523395e+01
   9.4400000000000006e+01   7.9086022949218795e+02
   9.4599999999999994e+01   3.7962673339843800e+03
   9.4700000000000003e+01   1.9659442138671901e+02
   9.5200000000000003e+01   4.1317474365234403e+01
   9.6099999999999994e+01   1.7312783203125000e+04
   9.7000000000000000e+01   1.1625500488281300e+03
   9.7099999999999994e+01   1.3671070556640600e+03
   9.7900000000000006e+01   1.3110066413879400e+01
   9.8000000000000000e+01   1.5764935302734401e+02
   9.8200000000000003e+01   1.7526910400390599e+02
   1.0090000000000001e+02   1.7116390991210901e+02
   1.0109999999999999e+02   1.5817677497863800e+01
   1.0130000000000000e+02   1.1774419784545900e+01
   1.0200000000000000e+02   6.7535137939453102e+02
   1.0209999999999999e+02   4.4565158081054699e+02
   1.0300000000000000e+02   7.7652773437500000e+03
   1.0400000000000000e+02   1.0674679687500000e+04
   1.0500000000000000e+02   2.0861082031250000e+04
   1.0600000000000000e+02   7.3122963867187500e+03
   1.0690000000000001e+02   1.1825862121582000e+02
   1.0700000000000000e+02   5.7513293457031295e+02
   1.0800000000000000e+02   1.1182095336914099e+02
   1.0870000000000000e+02   9.7125797271728498e+00
   1.0880000000000000e+02   1.2119279861450201e+01
   1.0890000000000001e+02   3.5840007781982401e+01
   1.1000000000000000e+02   1.3376855850219700e+01
   1.1100000000000000e+02   2.0923875808715799e+01
   1.1109999999999999e+02   5.6848026275634801e+01
   1.1120000000000000e+02   2.8520961761474599e+01
   1.1490000000000001e+02   5.1793647766113303e+01
   1.1500000000000000e+02   1.5929512939453100e+03
   1.1600000000000000e+02   7.9828198242187500e+02
   1.1609999999999999e+02   6.9768737792968807e+01
   1.1700000000000000e+02   7.7986621093750000e+03
   1.1809999999999999e+02   3.0221939453125000e+04
   1.1900000000000000e+02   7.9589497070312500e+03
   1.2009999999999999e+02   1.9126862792968800e+03
   1.2090000000000001e+02   7.8333312988281307e+01
   1.2100000000000000e+02   6.3649223327636697e+01
   1.2109999999999999e+02   1.9558851242065401e+01
   1.2690000000000001e+02   5.0553066253662102e+01
   1.2700000000000000e+02   9.7720321655273395e+01
   1.2720000000000000e+02   6.0172866821289098e+01
   1.2800000000000000e+02   5.4283801269531295e+02
   1.2809999999999999e+02   7.9433052062988295e+01
   1.2900000000000000e+02   5.5108282470703102e+02
   1.2909999999999999e+02   1.7813839721679699e+02
   1.3009999999999999e+02   8.7866181640625000e+03
   1.3100000000000000e+02   2.4766612243652301e+02
   1.3109999999999999e+02   5.0912353515625000e+03
   1.3209999999999999e+02   2.2923955078125000e+04
   1.3290000000000001e+02   2.2007959365844702e+01
   1.3309999999999999e+02   2.7831130371093800e+03
   1.3319999999999999e+02   1.7233318328857401e+01
   1.3390000000000001e+02   4.4851989746093800e+01
   1.3409999999999999e+02   1.1181868896484400e+03
   1.3500000000000000e+02   6.6625587463378906e+01
   1.3509999999999999e+02   5.5300430297851598e+01
   1.3690000000000001e+02   9.3115844726562500e+00
   1.3700000000000000e+02   9.1711944580078097e+01
   1.3809999999999999e+02   1.0156523704528800e+01
   1.3900000000000000e+02   2.8937770843505898e+01
   1.4080000000000001e+02   4.8418701171875000e+01
   1.4100000000000000e+02   6.9126831054687500e+01
   1.4190000000000001e+02   1.6616973876953100e+01
   1.4200000000000000e+02   1.0499826049804700e+02
   1.4280000000000001e+02   1.8463077545166001e+01
   1.4300000000000000e+02   2.0957054138183599e+02
   1.4309999999999999e+02   4.6343768310546898e+02
   1.4400000000000000e+02   5.2351947021484398e+02
   1.4409999999999999e+02   2.3451169433593800e+03
   1.4500000000000000e+02   1.5552487182617199e+02
   1.4509999999999999e+02   6.9086120605468795e+02
   1.4519999999999999e+02   1.6042514648437500e+03
   1.4609999999999999e+02   1.0479421093750000e+05
   1.4709999999999999e+02   1.2132055664062500e+04
   1.4800000000000000e+02   5.2797161865234398e+02
   1.4809999999999999e+02   1.4639442138671900e+03
   1.4819999999999999e+02   3.4859012603759801e+01
   1.4900000000000000e+02   1.2797242736816401e+02
   1.4919999999999999e+02   3.6926467895507798e+01
   1.5390000000000001e+02   4.8934040069580099e+01
   1.5480000000000001e+02   2.2040521621704102e+01
   1.5490000000000001e+02   3.9567638397216797e+01
   1.5509999999999999e+02   2.4519466400146499e+01
   1.5590000000000001e+02   9.6610765457153303e+00
   1.5600000000000000e+02   1.7200071716308599e+02
   1.5609999999999999e+02   9.2160873413085895e+01
   1.5690000000000001e+02   9.2461196899414105e+01
   1.5709999999999999e+02   1.0773554992675800e+02
   1.5809999999999999e+02   8.2092858886718795e+02
   1.5869999999999999e+02   3.2669954299926798e+00
   1.5900000000000000e+02   6.1932183837890602e+02
   1.5919999999999999e+02   3.9643997192382798e+01
   1.6000000000000000e+02   8.5166259765625000e+01
   1.6009999999999999e+02   4.0827270507812500e+03
   1.6080000000000001e+02   2.7008401870727500e+01
   1.6100000000000000e+02   3.6665115356445301e+02
   1.6109999999999999e+02   3.2101464843750000e+02
   1.6190000000000001e+02   4.3498184204101598e+01
   1.6209999999999999e+02   2.1399169921875000e+01
   1.6290000000000001e+02   1.0786321640014600e+01
   1.6680000000000001e+02   2.9271404266357401e+01
   1.6800000000000000e+02   2.1503059387206999e+01
   1.6809999999999999e+02   1.1331749916076699e+01
   1.6980000000000001e+02   1.2069974899291999e+01
   1.7000000000000000e+02   2.8584064483642599e+01
   1.7009999999999999e+02   1.4325983047485400e+01
   1.7080000000000001e+02   4.6696147918701200e+01
   1.7200000000000000e+02   7.3533256530761705e+01
   1.7290000000000001e+02   3.1659164428710898e+01
   1.7309999999999999e+02   1.0371173858642599e+02
   1.7319999999999999e+02   1.0522766113281300e+02
   1.7390000000000001e+02   2.5235416412353501e+01
   1.7400000000000000e+02   2.6156284332275401e+01
   1.7409999999999999e+02   1.0802948951721200e+01
   1.7419999999999999e+02   3.2137100219726598e+01
   1.7500000000000000e+02   9.5227441787719709e+00
   1.7790000000000001e+02   1.2028706550598100e+01
   1.8009999999999999e+02   3.3754108428955099e+01
   1.8109999999999999e+02   1.1360261917114300e+01
   1.8300000000000000e+02   2.7403348922729499e+01
   1.8400000000000000e+02   2.7502017211914102e+02
   1.8409999999999999e+02   2.7902816772460898e+02
   1.8469999999999999e+02   2.2586297988891602e+01
   1.8490000000000001e+02   1.1476795959472700e+02
   1.8509999999999999e+02   3.2029656982421898e+02
   1.8530000000000001e+02   2.7235704421997099e+01
   1.8600000000000000e+02   3.9295492553710898e+02
   1.8609999999999999e+02   6.1931884765625000e+02
   1.8709999999999999e+02   1.4048785400390600e+03
   1.8719999999999999e+02   7.3945419311523395e+01
   1.8790000000000001e+02   2.5887355804443398e+01
   1.8809999999999999e+02   1.8537460937500000e+03
   1.8909999999999999e+02   8.8577898437500000e+04
   1.9009999999999999e+02   1.2698952148437500e+04
   1.9100000000000000e+02   1.3519341468811000e+01
   1.9109999999999999e+02   7.0517553710937500e+02
   1.9119999999999999e+02   9.2912910461425795e+01
   1.9600000000000000e+02   2.6580442428588899e+01
   1.9609999999999999e+02   1.4592986106872599e+01
   2.0300000000000000e+02   3.9676986694335902e+01
   2.0309999999999999e+02   1.0041729927063001e+01
   2.0680000000000001e+02   4.2897157669067401e+00
   2.0700000000000000e+02   2.3339986801147501e+00
   2.1480000000000001e+02   1.1118820190429700e+01
   2.1490000000000001e+02   9.2599067687988295e+01
   2.1600000000000000e+02   3.9831661224365199e+01
   2.1690000000000001e+02   3.3184402465820298e+01
   2.1880000000000001e+02   1.4414949417114300e+01
   2.1900000000000000e+02   6.8057069778442401e+00
   2.3290000000000001e+02   4.4809074401855504e+00
   2.3309999999999999e+02   2.8494539260864300e+01
   2.3669999999999999e+02   4.5426872253417997e+01
   2.3680000000000001e+02   4.0760578155517599e+01
   2.3690000000000001e+02   3.7236862182617202e+01
   2.3790000000000001e+02   1.1344469070434601e+01
   2.5090000000000001e+02   1.4428911209106399e+01
   2.5109999999999999e+02   9.1476211547851605e+01
   2.7800000000000000e+02   8.1279922485351605e+01
   2.8010000000000002e+02   1.1207166748046900e+03
   2.8019999999999999e+02   2.0828779296875000e+03
   2.8089999999999998e+02   1.9220094680786101e+01
   2.8100000000000000e+02   6.6322624206542997e+01
   2.8119999999999999e+02   5.2640863037109398e+02
   2.8200000000000000e+02   4.2942848205566399e+01
   2.9289999999999998e+02   5.8395107269287102e+01
