   4.0100000000000001e+01   2.1830157470703099e+02
   4.1100000000000001e+01   4.8203803710937500e+03
   4.2000000000000000e+01   4.1258461914062500e+03
   4.2899999999999999e+01   7.4921875000000000e+01
   4.3100000000000001e+01   5.9572412109375000e+02
   4.4000000000000000e+01   1.3045773925781300e+03
   4.9899999999999999e+01   1.7718298339843801e+02
   5.0100000000000001e+01   4.9461391448974602e+01
   5.1000000000000000e+01   9.1168341064453102e+02
   5.1799999999999997e+01   1.5207069396972699e+02
   5.2000000000000000e+01   6.6859741210937500e+01
   5.2100000000000001e+01   5.4979251861572301e+01
   5.2899999999999999e+01   1.1711099243164099e+02
   5.3100000000000001e+01   2.8698815917968801e+02
   5.4000000000000000e+01   3.5658343505859398e+02
   5.4100000000000001e+01   6.7773010253906307e+01
   5.5000000000000000e+01   6.2120922851562500e+02
   5.5100000000000001e+01   2.4409114074707000e+02
   5.6000000000000000e+01   2.5953350830078102e+02
   5.6100000000000001e+01   5.5448645019531295e+02
   5.6899999999999999e+01   1.6334640502929699e+02
   5.7000000000000000e+01   3.5142239379882801e+02
   5.8100000000000001e+01   2.9985740661621101e+01
   5.8799999999999997e+01   1.3249164581298800e+01
   5.9000000000000000e+01   2.8916625976562500e+01
   6.1700000000000003e+01   1.0719449043273899e+01
   6.1899999999999999e+01   3.9116821289062500e+01
   6.2100000000000001e+01   3.7993320465087898e+01
   6.2799999999999997e+01   1.6588531494140600e+01
   6.3000000000000000e+01   2.3139981079101599e+02
   6.3100000000000001e+01   1.6907743835449199e+02
   6.3799999999999997e+01   1.3661309242248500e+01
   6.3899999999999999e+01   2.6842041015625000e+01
   6.4000000000000000e+01   1.6950756835937500e+02
   6.4099999999999994e+01   5.8153408050537102e+01
   6.4799999999999997e+01   3.4392631530761697e+01
   6.5000000000000000e+01   1.8006401367187500e+03
   6.5900000000000006e+01   1.4598565673828099e+02
   6.6000000000000000e+01   1.4063302612304699e+02
   6.6099999999999994e+01   1.4044697570800801e+02
   6.6900000000000006e+01   2.4689736938476599e+02
   6.7000000000000000e+01   6.9344818115234398e+02
   6.8000000000000000e+01   3.3159652709960898e+02
   6.8099999999999994e+01   9.8785687255859398e+02
   6.9000000000000000e+01   1.8250701171875000e+04
   7.0000000000000000e+01   2.1974365234375000e+03
   7.0200000000000003e+01   2.1578113555908200e+01
   7.0799999999999997e+01   1.3052645683288601e+01
   7.0900000000000006e+01   1.4994100952148401e+02
   7.1000000000000000e+01   3.5768585205078097e+01
   7.1200000000000003e+01   4.3040893554687500e+01
   7.3000000000000000e+01   3.0993370056152301e+01
   7.3200000000000003e+01   8.4208850860595703e+00
   7.3900000000000006e+01   1.2765576362609901e+01
   7.4000000000000000e+01   6.3478443145752003e+01
   7.4900000000000006e+01   1.0531374359130901e+02
   7.5099999999999994e+01   6.2257671356201200e+01
   7.6000000000000000e+01   8.2819854736328097e+01
   7.6099999999999994e+01   1.3892233276367199e+02
   7.7000000000000000e+01   5.7580581054687500e+03
   7.8000000000000000e+01   1.1905504150390600e+03
   7.8099999999999994e+01   1.2210448455810500e+02
   7.9000000000000000e+01   2.0069514160156300e+03
   8.0000000000000000e+01   3.1862866210937500e+02
   8.0099999999999994e+01   1.7054721069335901e+02
   8.0900000000000006e+01   1.2084112548828099e+02
   8.1099999999999994e+01   1.3326399230957000e+02
   8.2000000000000000e+01   5.1006118774414102e+02
   8.2099999999999994e+01   3.5524505615234398e+02
   8.2900000000000006e+01   3.2550765991210902e+01
   8.3000000000000000e+01   1.2788607025146500e+02
   8.3200000000000003e+01   4.2961185455322301e+01
   8.3900000000000006e+01   3.7858161926269503e+01
   8.4000000000000000e+01   1.4831303405761699e+02
   8.4099999999999994e+01   9.7062278747558594e+01
   8.4799999999999997e+01   2.3464071273803700e+01
   8.5000000000000000e+01   9.7237596511840803e+00
   8.8900000000000006e+01   5.5033218383789098e+01
   8.9000000000000000e+01   3.4606225585937500e+02
   8.9200000000000003e+01   2.7822076797485401e+01
   8.9900000000000006e+01   2.8824844360351602e+01
   9.0000000000000000e+01   1.5181430053710901e+02
   9.0099999999999994e+01   1.3918669128418000e+02
   9.0299999999999997e+01   3.4784801483154297e+01
   9.1099999999999994e+01   6.4590029296875000e+03
   9.2000000000000000e+01   5.7740313720703102e+02
   9.2099999999999994e+01   3.5071984863281301e+02
   9.2900000000000006e+01   9.7942787170410199e+01
   9.3000000000000000e+01   1.4505297851562500e+03
   9.3900000000000006e+01   3.1726261138916001e+01
   9.4000000000000000e+01   1.1289149169921900e+03
   9.4799999999999997e+01   3.1269559860229499e+01
   9.5000000000000000e+01   4.4482037353515602e+02
   9.5099999999999994e+01   1.6309512329101599e+02
   9.6099999999999994e+01   5.0962338867187500e+03
   9.6900000000000006e+01   2.6849935531616200e+01
   9.7000000000000000e+01   6.6906234741210895e+01
   9.7099999999999994e+01   4.4375241088867199e+02
   9.7900000000000006e+01   1.5484892272949199e+02
   9.8000000000000000e+01   3.0871508789062500e+02
   9.8200000000000003e+01   2.4905290603637699e+01
   9.9099999999999994e+01   1.1406838417053200e+01
   1.0109999999999999e+02   1.0306056976318400e+01
   1.0200000000000000e+02   1.3754045104980500e+02
   1.0209999999999999e+02   1.6517359924316401e+02
   1.0230000000000000e+02   2.5167602539062500e+01
   1.0300000000000000e+02   2.8572778320312500e+02
   1.0300000000000000e+02   1.9114680175781300e+03
   1.0400000000000000e+02   2.0497634277343800e+03
   1.0409999999999999e+02   1.0799334716796900e+03
   1.0509999999999999e+02   6.7536621093750000e+03
   1.0590000000000001e+02   7.3269104003906307e+01
   1.0600000000000000e+02   1.0718363037109400e+03
   1.0609999999999999e+02   7.5908485412597699e+01
   1.0680000000000000e+02   1.4555641174316399e+01
   1.0690000000000001e+02   8.5122810363769503e+01
   1.0709999999999999e+02   1.0319008827209499e+01
   1.0800000000000000e+02   9.1604738235473597e+00
   1.0809999999999999e+02   3.3921600341796903e+01
   1.0890000000000001e+02   5.5930118560791001e+01
   1.0900000000000000e+02   1.1479796409606900e+01
   1.0909999999999999e+02   1.0711700439453100e+01
   1.0980000000000000e+02   1.0308788299560501e+01
   1.1000000000000000e+02   3.1285457611083999e+01
   1.1009999999999999e+02   3.3027770996093800e+01
   1.1090000000000001e+02   3.6115039825439503e+01
   1.1100000000000000e+02   4.2827072143554702e+01
   1.1470000000000000e+02   1.1652841567993200e+01
   1.1480000000000000e+02   2.7983966827392599e+01
   1.1500000000000000e+02   3.0823126220703102e+02
   1.1509999999999999e+02   2.0665792846679699e+02
   1.1590000000000001e+02   4.7638637542724602e+01
   1.1609999999999999e+02   2.0188484191894500e+02
   1.1690000000000001e+02   1.6153678894043000e+02
   1.1700000000000000e+02   1.1635083007812500e+03
   1.1800000000000000e+02   2.4271589355468800e+03
   1.1900000000000000e+02   5.7122668457031295e+02
   1.1909999999999999e+02   1.1366287231445300e+02
   1.1990000000000001e+02   2.4300905227661101e+01
   1.2000000000000000e+02   3.2453872680664102e+02
   1.2020000000000000e+02   1.2277668952941900e+01
   1.2100000000000000e+02   1.1014715194702100e+01
   1.2700000000000000e+02   8.9409742355346697e+00
   1.2709999999999999e+02   4.5716888427734403e+01
   1.2780000000000000e+02   3.1244771957397500e+01
   1.2800000000000000e+02   1.3990403747558599e+02
   1.2819999999999999e+02   1.2056283950805700e+01
   1.2830000000000001e+02   1.1852901458740201e+01
   1.2890000000000001e+02   4.5968662261962898e+01
   1.2909999999999999e+02   1.5495806884765599e+02
   1.2980000000000001e+02   3.3695831298828097e+01
   1.3000000000000000e+02   3.3352204589843800e+03
   1.3019999999999999e+02   7.4037353515625000e+01
   1.3090000000000001e+02   1.9727696228027301e+02
   1.3109999999999999e+02   1.7896223144531300e+03
   1.3190000000000001e+02   4.8879337310791001e+01
   1.3200000000000000e+02   1.0296456298828100e+03
   1.3209999999999999e+02   2.4633029785156300e+03
   1.3300000000000000e+02   4.6157934570312500e+02
   1.3309999999999999e+02   1.4369097900390599e+02
   1.3319999999999999e+02   1.4371767997741699e+01
   1.3390000000000001e+02   1.1196658134460399e+01
   1.3400000000000000e+02   3.0633911132812500e+02
   1.3419999999999999e+02   1.1882869720459000e+01
   1.3469999999999999e+02   9.8097763061523402e+00
   1.3509999999999999e+02   1.8690845489501999e+01
   1.3700000000000000e+02   1.3714158630371099e+02
   1.3880000000000001e+02   4.7185554504394503e+01
   1.3900000000000000e+02   1.0109165191650401e+02
   1.3909999999999999e+02   1.6636975097656301e+02
   1.4100000000000000e+02   2.7457710266113299e+01
   1.4190000000000001e+02   1.0228382110595700e+01
   1.4280000000000001e+02   1.8051214218139599e+01
   1.4300000000000000e+02   1.7523988342285199e+02
   1.4319999999999999e+02   2.1569360733032202e+01
   1.4390000000000001e+02   1.8475942993164099e+02
   1.4409999999999999e+02   6.8932794189453102e+02
   1.4419999999999999e+02   1.4371293640136699e+02
   1.4490000000000001e+02   1.1327960968017599e+02
   1.4509999999999999e+02   4.4426293945312500e+02
   1.4519999999999999e+02   7.0942993164062500e+01
   1.4609999999999999e+02   1.3058939453125000e+04
   1.4700000000000000e+02   2.7539056777954102e+01
   1.4709999999999999e+02   1.4431494140625000e+03
   1.4800000000000000e+02   1.3458505249023401e+02
   1.4809999999999999e+02   1.1752700805664099e+02
   1.4819999999999999e+02   2.7971519470214801e+01
   1.5209999999999999e+02   3.5798130035400398e+01
   1.5380000000000001e+02   1.1682233810424799e+01
   1.5490000000000001e+02   1.0409765243530300e+01
   1.5500000000000000e+02   4.8746566772460902e+00
   1.5519999999999999e+02   1.3707983016967800e+01
   1.5590000000000001e+02   4.0838623046875000e+01
   1.5609999999999999e+02   1.5583816528320301e+02
   1.5690000000000001e+02   3.8952476501464801e+01
   1.5709999999999999e+02   8.2658378601074205e+01
   1.5790000000000001e+02   4.1808101654052699e+01
   1.5809999999999999e+02   1.7745534667968800e+03
   1.5890000000000001e+02   7.8494644165039105e+01
   1.5900000000000000e+02   6.9593548583984398e+02
   1.5980000000000001e+02   2.2840204238891602e+01
   1.6009999999999999e+02   8.8749365234375000e+02
   1.6019999999999999e+02   8.2711357116699205e+01
   1.6080000000000001e+02   1.9256080627441399e+01
   1.6100000000000000e+02   1.9308752441406301e+02
   1.6109999999999999e+02   2.8583520507812500e+02
   1.6180000000000001e+02   2.9540998458862301e+01
   1.6200000000000000e+02   6.8451141357421903e+01
   1.6209999999999999e+02   8.0013336181640597e+01
   1.6219999999999999e+02   7.6480484008789105e+01
   1.6300000000000000e+02   2.8392925262451200e+01
   1.6990000000000001e+02   1.1348338127136200e+01
   1.7009999999999999e+02   3.8560073852539098e+01
   1.7030000000000001e+02   3.0320333480835000e+01
   1.7109999999999999e+02   9.3516130447387695e+00
   1.7190000000000001e+02   1.7882329940795898e+01
   1.7209999999999999e+02   1.5980361938476599e+02
   1.7290000000000001e+02   9.9951461791992202e+01
   1.7309999999999999e+02   7.4939140319824205e+01
   1.8190000000000001e+02   3.3999134063720703e+01
   1.8200000000000000e+02   2.0512712478637699e+01
   1.8300000000000000e+02   1.5158018112182599e+01
   1.8319999999999999e+02   1.1383211135864300e+01
   1.8400000000000000e+02   4.6870135498046898e+02
   1.8419999999999999e+02   7.9783508300781307e+01
   1.8480000000000001e+02   1.7134496688842798e+01
   1.8500000000000000e+02   1.3711488342285199e+02
   1.8509999999999999e+02   3.0970175170898398e+02
   1.8609999999999999e+02   5.8965148925781295e+02
   1.8609999999999999e+02   7.0845837402343795e+02
   1.8690000000000001e+02   1.1281074523925801e+01
   1.8709999999999999e+02   8.1464935302734398e+02
   1.8719999999999999e+02   1.6282273864746099e+02
   1.8740000000000001e+02   1.0805709838867200e+01
   1.8800000000000000e+02   2.6060108184814499e+01
   1.8809999999999999e+02   1.3529403076171900e+03
   1.8909999999999999e+02   1.4809060546875000e+04
   1.8990000000000001e+02   2.6988845825195298e+01
   1.9009999999999999e+02   2.0480620117187500e+03
   1.9090000000000001e+02   6.8197410583496094e+01
   1.9109999999999999e+02   8.7564056396484403e+01
   1.9130000000000001e+02   2.0587551116943398e+01
   1.9790000000000001e+02   9.9055385589599592e+00
   1.9819999999999999e+02   2.7866067886352500e+01
   2.0000000000000000e+02   9.8424997329711896e+00
   2.1090000000000001e+02   2.9156112670898402e+00
   2.1109999999999999e+02   2.7096048355102500e+01
   2.1190000000000001e+02   4.2239959716796903e+01
   2.1300000000000000e+02   1.9291795730590799e+01
   2.1409999999999999e+02   3.2344580078125000e+03
   2.1500000000000000e+02   2.2378877258300801e+02
   2.1509999999999999e+02   3.9218612670898398e+02
   2.1590000000000001e+02   1.1460547447204601e+01
   2.1609999999999999e+02   5.7466651916503899e+01
   2.1630000000000001e+02   9.2349338531494105e+00
   2.1680000000000001e+02   9.3320522308349592e+00
   2.1700000000000000e+02   3.7759757995605497e+01
   2.1909999999999999e+02   2.0428977966308601e+01
   2.2800000000000000e+02   7.8916923522949205e+01
   2.2809999999999999e+02   1.1226374053955099e+02
   2.2819999999999999e+02   1.6480115890502901e+01
   2.2900000000000000e+02   1.8202932357788100e+01
   2.2909999999999999e+02   6.4270385742187500e+01
   2.3269999999999999e+02   8.2328052520752006e+00
   2.3290000000000001e+02   5.7823707580566399e+01
   2.3709999999999999e+02   4.5917636871337898e+01
   2.4100000000000000e+02   2.0331058502197301e+01
   2.5509999999999999e+02   2.1811840057373001e+01
   2.5519999999999999e+02   1.0531582832336399e+01
   2.5600000000000000e+02   2.4908124923706101e+01
   2.5610000000000002e+02   7.9577239990234403e+01
   2.5719999999999999e+02   2.8421498046875000e+04
   2.5819999999999999e+02   4.9781987304687500e+03
   2.5900000000000000e+02   1.5865083312988301e+02
   2.5910000000000002e+02   1.6142436218261699e+02
   2.5930000000000001e+02   1.8791241455078099e+02
   2.6019999999999999e+02   2.0308572769165000e+01
   2.7910000000000002e+02   1.9029998779296901e+02
   2.7919999999999999e+02   1.2868745422363301e+02
   2.8000000000000000e+02   1.1292092323303200e+01
   2.9289999999999998e+02   3.4190406799316399e+01
   3.4619999999999999e+02   9.1996345520019496e+00
