   4.0100000000000001e+01   2.3671217346191401e+02
   4.0200000000000003e+01   1.4419020080566401e+02
   4.1100000000000001e+01   1.1164308593750000e+04
   4.2100000000000001e+01   1.3091095703125000e+04
   4.3000000000000000e+01   1.2917662353515600e+03
   4.3100000000000001e+01   1.4602630615234400e+03
   4.4100000000000001e+01   6.5288847656250000e+03
   4.4899999999999999e+01   1.1637736320495600e+01
   4.5000000000000000e+01   8.4377563476562500e+01
   4.5100000000000001e+01   7.6667739868164105e+01
   4.9899999999999999e+01   2.3073939514160199e+02
   5.0000000000000000e+01   3.2264245605468801e+02
   5.1000000000000000e+01   2.2051020507812500e+03
   5.2000000000000000e+01   5.4824182128906295e+02
   5.2100000000000001e+01   7.0420204162597699e+01
   5.2899999999999999e+01   2.2538511276245099e+01
   5.3000000000000000e+01   4.9913665771484398e+02
   5.3100000000000001e+01   5.8344720458984398e+02
   5.3899999999999999e+01   1.9765460968017599e+01
   5.4000000000000000e+01   1.2610343017578100e+03
   5.4899999999999999e+01   1.4858023071289099e+02
   5.5000000000000000e+01   5.0291450195312500e+03
   5.5899999999999999e+01   8.0197692871093807e+01
   5.6000000000000000e+01   2.5451281738281300e+03
   5.7100000000000001e+01   2.0767787109375000e+04
   5.8000000000000000e+01   1.0307362060546900e+03
   5.8200000000000003e+01   6.9189804077148395e+01
   5.9000000000000000e+01   1.7859107971191401e+02
   5.9100000000000001e+01   8.4756488800048793e+00
   6.1000000000000000e+01   2.2173156738281300e+01
   6.1899999999999999e+01   4.9982818603515597e+01
   6.2000000000000000e+01   1.4151998901367199e+02
   6.3000000000000000e+01   1.0799259033203100e+03
   6.3899999999999999e+01   2.6703849792480501e+01
   6.4000000000000000e+01   3.5270529174804699e+02
   6.4099999999999994e+01   2.4834877014160199e+02
   6.5000000000000000e+01   4.7391040039062500e+03
   6.6000000000000000e+01   7.1309552001953102e+02
   6.6099999999999994e+01   2.5510374450683599e+02
   6.6200000000000003e+01   2.1596231460571300e+01
   6.6900000000000006e+01   1.8794147491455099e+01
   6.7000000000000000e+01   2.2005507812500000e+03
   6.8000000000000000e+01   3.1551281738281300e+03
   6.8900000000000006e+01   3.2240230560302699e+01
   6.9099999999999994e+01   2.9083688964843800e+03
   7.0099999999999994e+01   5.2251191406250000e+03
   7.0799999999999997e+01   1.2678183555603001e+01
   7.1000000000000000e+01   4.8122576904296898e+02
   7.1200000000000003e+01   5.8429122924804702e+01
   7.1900000000000006e+01   1.4790229797363301e+01
   7.2900000000000006e+01   1.7404413223266602e+01
   7.3000000000000000e+01   3.2683506011962898e+01
   7.3799999999999997e+01   9.3170032501220703e+00
   7.4000000000000000e+01   1.5668399047851599e+02
   7.4900000000000006e+01   1.7136265563964801e+02
   7.5099999999999994e+01   1.0408116149902300e+02
   7.5200000000000003e+01   1.1018416404724100e+01
   7.5900000000000006e+01   2.2667021179199199e+02
   7.6099999999999994e+01   4.6436114501953102e+02
   7.6299999999999997e+01   4.6850818634033203e+01
   7.7000000000000000e+01   1.5627327148437500e+04
   7.8000000000000000e+01   3.2423493652343800e+03
   7.9000000000000000e+01   5.2276635742187500e+03
   8.0000000000000000e+01   7.1042846679687500e+02
   8.0099999999999994e+01   5.4032360839843795e+02
   8.0900000000000006e+01   3.7838226318359403e+01
   8.1000000000000000e+01   5.2569635009765602e+02
   8.1200000000000003e+01   1.7518064498901399e+01
   8.2000000000000000e+01   2.8284523925781300e+03
   8.2799999999999997e+01   1.5339174270629901e+01
   8.3000000000000000e+01   1.0128400878906300e+03
   8.4000000000000000e+01   4.5783148193359398e+02
   8.4099999999999994e+01   9.1654467773437500e+02
   8.5000000000000000e+01   8.1741518554687500e+03
   8.6000000000000000e+01   4.4683132934570301e+02
   8.6099999999999994e+01   1.2429620361328099e+02
   8.6799999999999997e+01   1.4809999465942401e+01
   8.7000000000000000e+01   1.5369876861572299e+01
   8.7099999999999994e+01   2.3571338653564499e+01
   8.8099999999999994e+01   2.4493515014648398e+01
   8.8900000000000006e+01   4.1649404907226602e+02
   8.9000000000000000e+01   6.9048126220703102e+02
   8.9700000000000003e+01   1.8715686798095700e+01
   8.9900000000000006e+01   4.3361335754394503e+01
   9.0000000000000000e+01   4.1685375976562500e+02
   9.0200000000000003e+01   4.2496166992187500e+02
   9.1000000000000000e+01   2.2148810546875000e+04
   9.2000000000000000e+01   3.4815468750000000e+03
   9.3000000000000000e+01   6.1069472656250000e+03
   9.3900000000000006e+01   8.2460838317871094e+01
   9.4099999999999994e+01   3.6500371093750000e+03
   9.5000000000000000e+01   1.1181710205078100e+03
   9.5099999999999994e+01   1.0883582763671900e+03
   9.6099999999999994e+01   1.3163555664062500e+04
   9.7000000000000000e+01   1.7292645263671900e+03
   9.7099999999999994e+01   6.4873278808593795e+02
   9.8000000000000000e+01   3.2271823120117199e+02
   9.8099999999999994e+01   3.8778717041015602e+02
   9.8900000000000006e+01   2.4918823242187500e+01
   9.9900000000000006e+01   1.2328527450561500e+01
   1.0050000000000000e+02   8.9301967620849592e+00
   1.0100000000000000e+02   1.3672331237793000e+02
   1.0109999999999999e+02   5.0351840972900398e+01
   1.0120000000000000e+02   2.7565275192260700e+01
   1.0180000000000000e+02   3.9937225341796903e+01
   1.0190000000000001e+02   2.6891284179687500e+02
   1.0209999999999999e+02   2.9287191772460898e+02
   1.0300000000000000e+02   5.0577573242187500e+03
   1.0400000000000000e+02   8.0050698242187500e+03
   1.0509999999999999e+02   2.1394734375000000e+04
   1.0609999999999999e+02   3.9115646972656300e+03
   1.0690000000000001e+02   6.8896568298339801e+01
   1.0700000000000000e+02   3.7917050170898398e+02
   1.0780000000000000e+02   3.1861055374145501e+01
   1.0800000000000000e+02   1.1715606689453099e+02
   1.0809999999999999e+02   5.3427898406982401e+01
   1.0890000000000001e+02   5.9632312774658203e+01
   1.0900000000000000e+02   3.9381877899169901e+01
   1.0909999999999999e+02   5.8277824401855497e+01
   1.0920000000000000e+02   4.7085834503173800e+01
   1.0970000000000000e+02   9.7101984024047905e+00
   1.1000000000000000e+02   4.1485515594482401e+01
   1.1080000000000000e+02   2.9496614456176800e+01
   1.1100000000000000e+02   1.6059794616699199e+02
   1.1109999999999999e+02   1.6344009399414102e+01
   1.1170000000000000e+02   2.5472335815429702e+01
   1.1190000000000001e+02   4.1269386291503899e+01
   1.1209999999999999e+02   2.8503255844116200e+01
   1.1290000000000001e+02   1.0735982894897500e+01
   1.1300000000000000e+02   6.8930130004882798e+01
   1.1320000000000000e+02   9.2948884963989293e+00
   1.1390000000000001e+02   2.3823204040527301e+01
   1.1409999999999999e+02   2.1327880859375000e+01
   1.1420000000000000e+02   2.7035013198852500e+01
   1.1480000000000000e+02   1.7019399642944300e+01
   1.1490000000000001e+02   3.0591928100585898e+02
   1.1500000000000000e+02   5.9105041503906295e+02
   1.1520000000000000e+02   2.1365066528320298e+01
   1.1600000000000000e+02   3.3076693725585898e+02
   1.1609999999999999e+02   1.8248902893066401e+02
   1.1700000000000000e+02   3.4283171386718800e+03
   1.1790000000000001e+02   1.2509630584716800e+02
   1.1809999999999999e+02   7.6261538085937500e+03
   1.1890000000000001e+02   5.3684597015380902e+01
   1.1900000000000000e+02   1.6879434814453100e+03
   1.1909999999999999e+02   1.4469399414062500e+03
   1.2000000000000000e+02   4.3019265747070301e+02
   1.2000000000000000e+02   9.7631689453125000e+02
   1.2100000000000000e+02   1.3019892883300801e+02
   1.2109999999999999e+02   3.0556884765625000e+01
   1.2220000000000000e+02   1.8772394180297901e+01
   1.2630000000000000e+02   8.8837041854858398e+00
   1.2680000000000000e+02   9.6092615127563494e+00
   1.2700000000000000e+02   3.3809104919433601e+01
   1.2709999999999999e+02   9.1626937866210895e+01
   1.2790000000000001e+02   2.6863436889648398e+02
   1.2809999999999999e+02   1.6208090209960901e+02
   1.2890000000000001e+02   3.8544174194335902e+01
   1.2900000000000000e+02   2.5496903991699199e+02
   1.2909999999999999e+02   1.6425007629394500e+02
   1.2919999999999999e+02   5.6135284423828097e+01
   1.3009999999999999e+02   9.5505771484375000e+03
   1.3109999999999999e+02   5.7644511718750000e+03
   1.3209999999999999e+02   1.0788506835937500e+04
   1.3300000000000000e+02   1.8874515380859400e+03
   1.3409999999999999e+02   1.1706145019531300e+03
   1.3490000000000001e+02   1.2137315750122101e+01
   1.3500000000000000e+02   4.3679623413085898e+02
   1.3509999999999999e+02   1.2386380004882800e+02
   1.3590000000000001e+02   2.3477893829345700e+01
   1.3609999999999999e+02   6.1023338317871101e+01
   1.3619999999999999e+02   1.0366084098815900e+01
   1.3690000000000001e+02   1.9890299987793000e+02
   1.3790000000000001e+02   1.2650764465331999e+01
   1.3809999999999999e+02   3.1864997863769499e+01
   1.3819999999999999e+02   1.5716035842895501e+01
   1.3900000000000000e+02   5.3013543701171898e+02
   1.3909999999999999e+02   1.0899829101562500e+03
   1.3990000000000001e+02   1.5501399993896500e+01
   1.4000000000000000e+02   1.2480932617187500e+02
   1.4019999999999999e+02   4.6412559509277301e+01
   1.4090000000000001e+02   2.3633193969726602e+01
   1.4100000000000000e+02   5.4614635467529297e+01
   1.4109999999999999e+02   7.0844078063964801e+01
   1.4190000000000001e+02   2.3654529571533200e+01
   1.4200000000000000e+02   8.2279121398925795e+01
   1.4209999999999999e+02   3.1405431747436499e+01
   1.4290000000000001e+02   9.9943862915039105e+01
   1.4300000000000000e+02   3.3772415161132801e+02
   1.4309999999999999e+02   6.2178638458252003e+01
   1.4409999999999999e+02   1.7998134765625000e+03
   1.4500000000000000e+02   7.7207839965820298e+01
   1.4509999999999999e+02   1.5788743896484400e+03
   1.4609999999999999e+02   4.1198453125000000e+04
   1.4709999999999999e+02   4.6427851562500000e+03
   1.4800000000000000e+02   1.2980290222168000e+02
   1.4809999999999999e+02   6.3079321289062500e+02
   1.4890000000000001e+02   3.2857696533203097e+01
   1.4909999999999999e+02   4.5813453674316399e+01
   1.4919999999999999e+02   9.1525468826293892e+00
   1.5209999999999999e+02   1.0633963584899901e+01
   1.5290000000000001e+02   1.0244492530822800e+01
   1.5319999999999999e+02   1.3663604736328100e+01
   1.5390000000000001e+02   9.5098314285278303e+00
   1.5409999999999999e+02   4.8844146728515597e+01
   1.5490000000000001e+02   5.4997421264648402e+01
   1.5500000000000000e+02   7.6966110229492202e+01
   1.5519999999999999e+02   9.6953277587890607e+00
   1.5600000000000000e+02   3.7321438598632801e+02
   1.5700000000000000e+02   1.7269534301757801e+02
   1.5709999999999999e+02   1.8889996337890599e+02
   1.5719999999999999e+02   2.0918777465820298e+01
   1.5800000000000000e+02   1.5813626098632801e+02
   1.5800000000000000e+02   7.7601519775390602e+02
   1.5809999999999999e+02   1.0109309692382800e+03
   1.5909999999999999e+02   1.7327039794921900e+03
   1.6009999999999999e+02   3.1981926269531300e+03
   1.6090000000000001e+02   4.2595668792724602e+01
   1.6100000000000000e+02   4.0483572387695301e+02
   1.6119999999999999e+02   5.6765468597412102e+01
   1.6200000000000000e+02   1.8374168395996101e+01
   1.6209999999999999e+02   1.5842903137206999e+01
   1.6490000000000001e+02   1.0634910583496101e+01
   1.6669999999999999e+02   9.9042062759399396e+00
   1.6680000000000001e+02   2.0265043258666999e+01
   1.6700000000000000e+02   1.1782234191894499e+01
   1.6790000000000001e+02   1.6631723403930700e+01
   1.6800000000000000e+02   3.7481292724609403e+01
   1.6819999999999999e+02   1.1242264747619600e+01
   1.6900000000000000e+02   1.4719380378723100e+01
   1.6909999999999999e+02   1.2203864097595201e+01
   1.6980000000000001e+02   9.6282482147216797e+00
   1.7000000000000000e+02   7.8078796386718807e+01
   1.7009999999999999e+02   5.5030094146728501e+01
   1.7080000000000001e+02   1.1309313774108899e+01
   1.7100000000000000e+02   5.2501895904541001e+01
   1.7190000000000001e+02   4.3456157684326200e+01
   1.7209999999999999e+02   3.9071359252929699e+02
   1.7290000000000001e+02   1.8584482192993200e+01
   1.7300000000000000e+02   2.3474145507812500e+02
   1.7309999999999999e+02   2.4202239990234401e+02
   1.7380000000000001e+02   4.8698143005371101e+01
   1.7400000000000000e+02   3.0814998626708999e+01
   1.7409999999999999e+02   7.5539764404296903e+01
   1.7430000000000001e+02   1.8640970230102500e+01
   1.7500000000000000e+02   4.1882705688476598e+01
   1.7509999999999999e+02   1.6136825561523398e+01
   1.7519999999999999e+02   1.0962748527526900e+01
   1.7690000000000001e+02   8.8447326660156307e+01
   1.7700000000000000e+02   2.2658360290527301e+02
   1.7719999999999999e+02   2.2578653335571300e+01
   1.7790000000000001e+02   3.0786603927612301e+01
   1.7800000000000000e+02   2.0264514160156301e+02
   1.7819999999999999e+02   1.5417292785644500e+02
   1.7890000000000001e+02   1.1063441276550300e+01
   1.8190000000000001e+02   3.6587615966796903e+01
   1.8200000000000000e+02   8.3216400146484403e+01
   1.8309999999999999e+02   4.4321636199951200e+01
   1.8400000000000000e+02   3.6617130279541001e+01
   1.8409999999999999e+02   9.7225573730468795e+02
   1.8500000000000000e+02   1.1190971374511699e+01
   1.8509999999999999e+02   8.2755462646484398e+02
   1.8609999999999999e+02   9.4969000244140602e+02
   1.8609999999999999e+02   1.9172741699218800e+03
   1.8709999999999999e+02   2.5405329589843800e+03
   1.8809999999999999e+02   5.6485170898437500e+03
   1.8909999999999999e+02   2.6703394531250000e+04
   1.9009999999999999e+02   3.7244643554687500e+03
   1.9100000000000000e+02   1.1639715576171901e+02
   1.9109999999999999e+02   1.6229675292968801e+02
   1.9980000000000001e+02   9.8501844406127894e+00
   2.0009999999999999e+02   6.8956283569335895e+01
   2.0100000000000000e+02   5.8032894134521499e+01
   2.0209999999999999e+02   1.2408912658691399e+01
   2.0709999999999999e+02   1.0347000122070300e+01
   2.0719999999999999e+02   1.0864996910095201e+01
   2.1080000000000001e+02   3.0382219314575199e+01
   2.1100000000000000e+02   1.2329511642456101e+01
   2.1190000000000001e+02   1.2858629226684601e+01
   2.1209999999999999e+02   2.2037313461303700e+01
   2.1300000000000000e+02   9.6080179214477504e+00
   2.1480000000000001e+02   2.4168333053588899e+01
   2.1490000000000001e+02   1.3641043090820301e+02
   2.1509999999999999e+02   4.5791919708252003e+01
   2.1609999999999999e+02   2.7983798980712901e+01
   2.1700000000000000e+02   1.0345416069030801e+01
   2.1900000000000000e+02   6.1027421951293901e+00
   2.2800000000000000e+02   2.0774387359619102e+01
   2.2809999999999999e+02   9.7865848541259801e+00
   2.2819999999999999e+02   1.8649995803833001e+01
   2.2880000000000001e+02   2.8037975311279300e+01
   2.2890000000000001e+02   2.6804521560668899e+01
   2.2909999999999999e+02   1.1287516784668000e+02
   2.2930000000000001e+02   2.0559375762939499e+01
   2.3009999999999999e+02   2.9790932617187500e+03
   2.3109999999999999e+02   7.2798400878906295e+02
   2.3130000000000001e+02   3.7652809143066399e+01
   2.3190000000000001e+02   2.4012628555297901e+01
   2.3209999999999999e+02   6.8145332336425795e+01
   2.3280000000000001e+02   8.0374393463134801e+00
   2.3290000000000001e+02   2.9438907623291001e+01
   2.3300000000000000e+02   4.6075942993164098e+01
   2.3409999999999999e+02   9.9589519500732404e+00
   2.3680000000000001e+02   3.2750190734863303e+01
   2.3690000000000001e+02   8.2276779174804702e+01
   2.3790000000000001e+02   1.3633077621460000e+01
   2.4080000000000001e+02   1.7067073822021499e+01
   2.4200000000000000e+02   1.1405837059021000e+01
   2.4309999999999999e+02   2.3459318161010700e+01
   2.4380000000000001e+02   1.4423149108886699e+01
   2.4409999999999999e+02   1.6471229553222699e+02
   2.4419999999999999e+02   8.7056091308593807e+01
   2.4500000000000000e+02   4.3232067108154297e+01
   2.4509999999999999e+02   1.5727472305297900e+01
   2.5109999999999999e+02   1.0245482444763200e+01
   2.5119999999999999e+02   1.6711223602294901e+01
   2.5500000000000000e+02   1.0007378578186000e+01
   2.5509999999999999e+02   3.3682399749755902e+01
   2.5530000000000001e+02   2.0282037734985401e+01
   2.5710000000000002e+02   4.2054435729980497e+01
   2.5739999999999998e+02   8.8960475921630895e+00
   2.6750000000000000e+02   1.1895519256591800e+01
   2.6930000000000001e+02   1.0517514228820801e+01
   2.7089999999999998e+02   2.6890966415405298e+01
   2.7110000000000002e+02   1.0494002532959000e+02
   2.7119999999999999e+02   8.3009361267089801e+01
   2.7139999999999998e+02   2.4368099212646499e+01
   2.7210000000000002e+02   8.9569892883300795e+01
   2.7219999999999999e+02   3.1010021972656301e+02
   2.7319999999999999e+02   6.7231554687500000e+04
   2.7419999999999999e+02   1.2921476562500000e+04
   2.7500000000000000e+02   1.1528732299804700e+02
   2.7519999999999999e+02   1.1768321533203100e+03
   2.7600000000000000e+02   3.2289581298828097e+01
   2.7619999999999999e+02   6.9753341674804702e+01
   2.7700000000000000e+02   1.2210243225097701e+01
   2.7900000000000000e+02   4.5688861846923800e+01
   2.7919999999999999e+02   1.7795364379882801e+02
   2.9280000000000001e+02   1.2216429710388200e+01
   2.9300000000000000e+02   1.3075870513916000e+01
   3.0689999999999998e+02   1.1133841514587401e+01
   3.0710000000000002e+02   2.4141201019287099e+01
   3.2100000000000000e+02   1.1927247047424300e+01
   3.2119999999999999e+02   1.8666336059570298e+01
   3.3530000000000001e+02   3.2695407867431598e+01
   3.6200000000000000e+02   1.2667931556701699e+01
   3.6219999999999999e+02   3.6357818603515597e+01
   3.6230000000000001e+02   1.1148007202148401e+02
   3.6319999999999999e+02   4.0592681884765597e+01
   3.6330000000000001e+02   4.1041347503662102e+01
   3.6510000000000002e+02   2.1203325271606399e+01
   3.6530000000000001e+02   1.0970039367675801e+01
