   4.0100000000000001e+01   2.1826260375976599e+02
   4.0200000000000003e+01   5.0457927703857401e+01
   4.1100000000000001e+01   6.7226259765625000e+03
   4.2100000000000001e+01   9.9056582031250000e+03
   4.3100000000000001e+01   1.7984621093750000e+04
   4.4100000000000001e+01   6.6801479492187500e+03
   4.4899999999999999e+01   3.4174365997314503e+01
   4.5000000000000000e+01   1.6879393005371099e+02
   4.9899999999999999e+01   1.1924554824829100e+01
   5.0000000000000000e+01   3.6891027832031301e+02
   5.1000000000000000e+01   8.5029425048828102e+02
   5.1899999999999999e+01   1.2221392822265599e+02
   5.2100000000000001e+01   2.4202375793457000e+02
   5.2899999999999999e+01   3.8752040863037102e+01
   5.3000000000000000e+01   6.1271313476562500e+02
   5.3899999999999999e+01   1.3132754516601599e+02
   5.4000000000000000e+01   6.7904803466796898e+02
   5.4200000000000003e+01   3.8305450439453097e+01
   5.4899999999999999e+01   9.7259017944335895e+01
   5.5000000000000000e+01   2.4185148925781300e+03
   5.6000000000000000e+01   1.8329932861328100e+03
   5.6899999999999999e+01   5.3880489349365199e+01
   5.7000000000000000e+01   1.5283525390625000e+03
   5.7899999999999999e+01   2.1941617965698200e+01
   5.8100000000000001e+01   1.7645094299316401e+02
   5.8899999999999999e+01   5.5943618774414098e+01
   5.9000000000000000e+01   1.3127391052246099e+02
   5.9100000000000001e+01   3.1814216613769499e+01
   6.0799999999999997e+01   1.3658706665039100e+01
   6.1899999999999999e+01   3.8305912017822301e+01
   6.2000000000000000e+01   1.1316951751709000e+02
   6.3000000000000000e+01   7.6305902099609398e+02
   6.4000000000000000e+01   1.2815612792968801e+02
   6.4099999999999994e+01   9.3357734680175795e+01
   6.5000000000000000e+01   3.2472973632812500e+03
   6.5799999999999997e+01   1.1190776824951200e+01
   6.6000000000000000e+01   2.8468948364257801e+02
   6.7000000000000000e+01   7.6829150390625000e+02
   6.7099999999999994e+01   9.9928192138671898e+02
   6.7900000000000006e+01   3.2456779479980497e+01
   6.8000000000000000e+01   2.7227082519531300e+03
   6.8900000000000006e+01   2.3111738204956101e+01
   6.9000000000000000e+01   1.9780140380859400e+03
   6.9099999999999994e+01   9.4017779541015602e+02
   7.0099999999999994e+01   4.6039057617187500e+03
   7.1099999999999994e+01   1.1132456054687500e+04
   7.2000000000000000e+01   2.3774365234375000e+02
   7.2099999999999994e+01   3.6172015380859398e+02
   7.2299999999999997e+01   1.0087630271911600e+01
   7.2799999999999997e+01   2.2575813293456999e+01
   7.3900000000000006e+01   1.3510618591308599e+02
   7.4099999999999994e+01   9.4676544189453097e+01
   7.4799999999999997e+01   2.7022523880004901e+01
   7.5000000000000000e+01   1.6334671630859400e+03
   7.5900000000000006e+01   1.0450517272949200e+02
   7.6000000000000000e+01   1.9391197204589801e+02
   7.6099999999999994e+01   8.6312202453613295e+01
   7.7000000000000000e+01   4.6723188476562500e+03
   7.7900000000000006e+01   8.2689025878906307e+01
   7.8000000000000000e+01   4.2959490966796898e+02
   7.8000000000000000e+01   1.2009350585937500e+03
   7.9000000000000000e+01   9.9736999511718807e+01
   7.9000000000000000e+01   4.1839790039062500e+03
   7.9900000000000006e+01   2.6457400512695301e+02
   8.0000000000000000e+01   7.5281860351562500e+02
   8.0200000000000003e+01   4.5241413116455099e+01
   8.1000000000000000e+01   3.3797454833984398e+02
   8.1099999999999994e+01   1.8287890625000000e+02
   8.1900000000000006e+01   1.3460408020019500e+02
   8.2000000000000000e+01   2.4861064453125000e+03
   8.3000000000000000e+01   8.4547631835937500e+02
   8.3099999999999994e+01   8.1602874755859398e+02
   8.3799999999999997e+01   1.8620279312133800e+01
   8.4000000000000000e+01   1.1493878173828100e+03
   8.5000000000000000e+01   7.7744338989257798e+01
   8.5099999999999994e+01   5.5456146240234403e+01
   8.6799999999999997e+01   9.0813093185424805e+00
   8.8000000000000000e+01   1.0672423362731900e+01
   8.8900000000000006e+01   2.7927905273437500e+02
   8.9000000000000000e+01   6.0108319091796898e+02
   8.9799999999999997e+01   2.5981142044067401e+01
   8.9900000000000006e+01   1.3384234619140599e+02
   9.0099999999999994e+01   2.7046984863281301e+02
   9.0200000000000003e+01   1.4146183776855500e+02
   9.1099999999999994e+01   1.4493274414062500e+04
   9.2000000000000000e+01   8.4273248291015602e+02
   9.2099999999999994e+01   6.7425701904296898e+02
   9.2900000000000006e+01   1.0261295318603500e+02
   9.3000000000000000e+01   1.8820713806152301e+02
   9.3099999999999994e+01   9.2815803527832003e+01
   9.3299999999999997e+01   2.1724977493286101e+01
   9.3900000000000006e+01   1.2353047180175800e+02
   9.4000000000000000e+01   1.4592362060546900e+03
   9.5000000000000000e+01   8.2875175781250000e+03
   9.6099999999999994e+01   1.0874686523437500e+04
   9.7099999999999994e+01   1.8474376220703100e+03
   9.8000000000000000e+01   3.9202429199218801e+02
   9.8099999999999994e+01   1.0067663574218800e+02
   9.9900000000000006e+01   3.6609294891357401e+01
   1.0009999999999999e+02   1.1117935180664100e+01
   1.0020000000000000e+02   1.4771754264831500e+01
   1.0090000000000001e+02   9.6762046813964801e+01
   1.0109999999999999e+02   1.0493196105957000e+02
   1.0200000000000000e+02   5.9069677734375000e+02
   1.0300000000000000e+02   4.5485375976562500e+03
   1.0320000000000000e+02   6.9839035034179702e+01
   1.0400000000000000e+02   9.7052801513671898e+02
   1.0409999999999999e+02   1.5722918701171900e+03
   1.0509999999999999e+02   1.5784424804687500e+04
   1.0600000000000000e+02   1.4573193359375000e+03
   1.0690000000000001e+02   1.5511737060546901e+02
   1.0709999999999999e+02   1.5991641235351599e+02
   1.0790000000000001e+02   2.2876626968383800e+01
   1.0800000000000000e+02   3.3354055786132801e+02
   1.0820000000000000e+02   3.2489959716796903e+01
   1.0890000000000001e+02   4.2490676879882798e+01
   1.0900000000000000e+02   3.0354304199218800e+03
   1.0990000000000001e+02   4.0447704315185497e+01
   1.1000000000000000e+02   1.3826506347656300e+03
   1.1020000000000000e+02   1.7181936264038100e+01
   1.1100000000000000e+02   3.3807890625000000e+03
   1.1200000000000000e+02   4.5913165283203102e+02
   1.1209999999999999e+02   3.6822387695312500e+02
   1.1230000000000000e+02   1.4978766441345201e+01
   1.1290000000000001e+02   2.4706710815429702e+01
   1.1300000000000000e+02   5.1582073211669901e+01
   1.1320000000000000e+02   2.0246862411498999e+01
   1.1500000000000000e+02   3.6272109985351602e+02
   1.1509999999999999e+02   1.3423074340820301e+02
   1.1520000000000000e+02   1.1292470932006800e+01
   1.1580000000000000e+02   3.8530143737792997e+01
   1.1600000000000000e+02   1.4133044433593801e+02
   1.1609999999999999e+02   6.8275321960449205e+01
   1.1700000000000000e+02   5.9547583007812500e+02
   1.1709999999999999e+02   3.6509957885742199e+02
   1.1800000000000000e+02   2.1894062805175801e+02
   1.1809999999999999e+02   9.0552658081054702e+01
   1.1880000000000000e+02   1.8772628784179702e+01
   1.1990000000000001e+02   4.1202648162841797e+01
   1.2020000000000000e+02   9.8242998123168892e+00
   1.2090000000000001e+02   2.7453057861328102e+02
   1.2100000000000000e+02   3.2337829589843801e+02
   1.2109999999999999e+02   1.1615095520019500e+02
   1.2200000000000000e+02   5.9591660156250000e+03
   1.2290000000000001e+02   1.9363998413085898e+01
   1.2300000000000000e+02   2.0950383300781300e+03
   1.2400000000000000e+02   1.4836865234375000e+03
   1.2500000000000000e+02   1.2111570739746099e+02
   1.2709999999999999e+02   1.1154598236084000e+01
   1.2770000000000000e+02   1.1987254142761200e+01
   1.2790000000000001e+02   1.7908483886718801e+02
   1.2809999999999999e+02   6.1494945526122997e+01
   1.2890000000000001e+02   9.6537857055664105e+01
   1.2900000000000000e+02   1.7092283630371099e+02
   1.2990000000000001e+02   1.4280139160156301e+02
   1.3000000000000000e+02   1.6581572265625000e+03
   1.3009999999999999e+02   2.4130622863769499e+01
   1.3090000000000001e+02   2.0251306152343801e+02
   1.3100000000000000e+02   3.5006338500976602e+02
   1.3119999999999999e+02   3.1599243164062500e+01
   1.3200000000000000e+02   4.3606396484375000e+02
   1.3209999999999999e+02   5.0764349365234398e+02
   1.3219999999999999e+02   3.5959400177002003e+01
   1.3290000000000001e+02   2.2861384582519500e+02
   1.3309999999999999e+02   8.4533355712890597e+01
   1.3390000000000001e+02   1.0131935882568401e+02
   1.3409999999999999e+02   6.7672943115234398e+02
   1.3500000000000000e+02   1.2861750488281300e+03
   1.3509999999999999e+02   7.4969836425781295e+02
   1.3600000000000000e+02   5.4185063476562500e+03
   1.3700000000000000e+02   3.0200546875000000e+03
   1.3790000000000001e+02   5.4936374664306598e+01
   1.3800000000000000e+02   8.7125061035156295e+02
   1.3900000000000000e+02   3.9352035522460898e+02
   1.3900000000000000e+02   7.5482843017578102e+02
   1.3980000000000001e+02   1.3605091094970700e+01
   1.3990000000000001e+02   2.7801465988159201e+01
   1.4009999999999999e+02   6.3694831848144503e+01
   1.4019999999999999e+02   1.7901409149169901e+01
   1.4090000000000001e+02   5.5176116943359403e+01
   1.4109999999999999e+02   8.1076332092285199e+01
   1.4209999999999999e+02   1.4696640014648400e+01
   1.4290000000000001e+02   9.6062255859375000e+01
   1.4300000000000000e+02   2.2627311706543001e+01
   1.4319999999999999e+02   1.9216556549072301e+01
   1.4390000000000001e+02   1.7095654296875000e+02
   1.4400000000000000e+02   2.8207586669921898e+02
   1.4419999999999999e+02   1.4798080444335900e+01
   1.4490000000000001e+02   4.6449478149414098e+01
   1.4500000000000000e+02   9.7296150207519503e+01
   1.4519999999999999e+02   1.9178649902343800e+01
   1.4590000000000001e+02   6.3957420349121101e+01
   1.4600000000000000e+02   1.5797122192382801e+02
   1.4609999999999999e+02   2.2371083068847699e+02
   1.4700000000000000e+02   1.0512219238281300e+02
   1.4709999999999999e+02   1.0943880462646500e+02
   1.4809999999999999e+02   6.5460273437500000e+03
   1.4890000000000001e+02   9.7879203796386705e+01
   1.4909999999999999e+02   5.1653813476562500e+03
   1.4919999999999999e+02   7.0289733886718807e+01
   1.5009999999999999e+02   8.3282089843750000e+03
   1.5100000000000000e+02   1.1777255859375000e+03
   1.5109999999999999e+02   1.7685501098632801e+02
   1.5200000000000000e+02   3.4483163452148398e+02
   1.5209999999999999e+02   1.0197837829589800e+02
   1.5290000000000001e+02   4.2112514495849602e+01
   1.5300000000000000e+02   5.6232875823974602e+01
   1.5390000000000001e+02   4.4174873352050803e+01
   1.5500000000000000e+02   4.9340770721435497e+01
   1.5509999999999999e+02   4.6938461303710902e+01
   1.5590000000000001e+02   1.8504312515258800e+01
   1.5600000000000000e+02   1.4792858886718801e+02
   1.5619999999999999e+02   1.4223303794860801e+01
   1.5700000000000000e+02   9.8670978546142596e+00
   1.5800000000000000e+02   8.6952560424804702e+01
   1.5800000000000000e+02   2.5811508178710898e+02
   1.5880000000000001e+02   3.2645622253417997e+01
   1.5890000000000001e+02   1.1318605804443401e+02
   1.5909999999999999e+02   1.1711595916748000e+02
   1.5990000000000001e+02   8.4002159118652301e+01
   1.6009999999999999e+02   1.4366190185546900e+03
   1.6090000000000001e+02   2.7047080993652301e+01
   1.6100000000000000e+02   1.6596472167968801e+02
   1.6109999999999999e+02   2.0355836486816401e+02
   1.6119999999999999e+02   1.9340375900268601e+01
   1.6200000000000000e+02   1.0145585937500000e+03
   1.6219999999999999e+02   2.9691833496093800e+01
   1.6290000000000001e+02   1.9203718185424801e+01
   1.6300000000000000e+02   9.3164544677734398e+02
   1.6309999999999999e+02   3.0471127319335898e+02
   1.6409999999999999e+02   3.6479050781250000e+04
   1.6509999999999999e+02   4.2595029296875000e+03
   1.6590000000000001e+02   2.5347877502441399e+01
   1.6600000000000000e+02   3.8907641601562500e+02
   1.6609999999999999e+02   1.8629740905761699e+02
   1.6690000000000001e+02   3.2188751220703097e+01
   1.6700000000000000e+02   3.3148834228515597e+01
   1.6809999999999999e+02   3.3856296539306598e+01
   1.7000000000000000e+02   1.4688906669616699e+01
   1.7000000000000000e+02   4.6222145080566399e+01
   1.7200000000000000e+02   1.2278795242309601e+01
   1.7300000000000000e+02   9.1262922286987305e+00
   1.7380000000000001e+02   1.0682028770446800e+01
   1.7390000000000001e+02   4.0346958160400398e+01
   1.7409999999999999e+02   6.0809024810791001e+01
   1.7480000000000001e+02   8.5707099914550795e+01
   1.7500000000000000e+02   8.4276741027832003e+01
   1.7580000000000001e+02   1.7505580902099599e+01
   1.7600000000000000e+02   7.9179449462890602e+02
   1.7609999999999999e+02   8.2386822509765602e+02
   1.7700000000000000e+02   9.6304431152343795e+02
   1.7709999999999999e+02   1.6852360534668000e+02
   1.7800000000000000e+02   2.7242694091796898e+02
   1.7809999999999999e+02   3.0115228271484398e+02
   1.7890000000000001e+02   2.3686014175415000e+01
   1.7900000000000000e+02   9.4523757934570298e+01
   1.7919999999999999e+02   3.9896244049072301e+01
   1.8090000000000001e+02   4.7140373229980497e+01
   1.8109999999999999e+02   2.3455659484863301e+02
   1.8190000000000001e+02   1.1089162445068401e+02
   1.8209999999999999e+02   2.5511038208007801e+02
   1.8290000000000001e+02   1.1521122932434100e+01
   1.8300000000000000e+02   3.8261894226074197e+01
   1.8309999999999999e+02   1.1985847473144499e+01
   1.8390000000000001e+02   3.3096572875976598e+01
   1.8400000000000000e+02   2.7544232177734398e+02
   1.8409999999999999e+02   4.2579495239257801e+02
   1.8490000000000001e+02   1.6474992752075199e+01
   1.8500000000000000e+02   1.3171156311035199e+02
   1.8509999999999999e+02   3.0502658081054699e+02
   1.8609999999999999e+02   2.1375832519531300e+03
   1.8690000000000001e+02   1.4360263824462900e+01
   1.8700000000000000e+02   3.4985104370117199e+02
   1.8719999999999999e+02   2.3374665832519500e+02
   1.8800000000000000e+02   2.9830612182617202e+01
   1.8809999999999999e+02   2.3838024902343800e+03
   1.8900000000000000e+02   1.1685690307617200e+02
   1.8909999999999999e+02   2.5584820556640599e+02
   1.8919999999999999e+02   3.3202999114990199e+01
   1.9000000000000000e+02   1.3612419128418000e+02
   1.9009999999999999e+02   3.7742668151855497e+01
   1.9090000000000001e+02   2.7258205413818398e+01
   1.9100000000000000e+02   4.3843499755859398e+02
   1.9109999999999999e+02   5.3498229980468800e+01
   1.9180000000000001e+02   2.1782344818115199e+01
   1.9200000000000000e+02   7.2795463562011705e+01
   1.9309999999999999e+02   2.4070955276489300e+01
   2.0280000000000001e+02   1.3538720130920399e+01
   2.0300000000000000e+02   4.3981269836425803e+01
   2.0319999999999999e+02   9.6375265121459996e+00
   2.0390000000000001e+02   9.0675678253173793e+00
   2.0409999999999999e+02   5.3803211212158203e+01
   2.0419999999999999e+02   1.1058792114257800e+01
   2.0430000000000001e+02   1.8073011398315401e+01
   2.0500000000000000e+02   1.7059095764160199e+02
   2.0509999999999999e+02   1.3061806640625000e+03
   2.0600000000000000e+02   1.7882785034179699e+02
   2.0609999999999999e+02   1.6206387939453100e+03
   2.0619999999999999e+02   1.0571828460693401e+02
   2.0709999999999999e+02   2.2161974609375000e+04
   2.0809999999999999e+02   3.1451733398437500e+03
   2.0900000000000000e+02   3.1836942672729499e+01
   2.0909999999999999e+02   6.7468879699707003e+01
   2.0919999999999999e+02   4.6795738220214801e+01
   2.1080000000000001e+02   6.5083854675292997e+01
   2.1100000000000000e+02   1.2922394752502401e+01
   2.1190000000000001e+02   9.5629825592040998e+00
   2.1290000000000001e+02   1.2267898559570300e+01
   2.1490000000000001e+02   1.8056752014160199e+02
   2.1580000000000001e+02   3.7167156219482401e+01
   2.1590000000000001e+02   3.1296602249145501e+01
   2.1700000000000000e+02   4.8879581451416001e+01
   2.1809999999999999e+02   2.9292213439941399e+01
   2.1880000000000001e+02   4.2196323394775398e+01
   2.1919999999999999e+02   1.2023006439209000e+01
   2.3080000000000001e+02   1.0702246665954601e+01
   2.3100000000000000e+02   1.1349221038818401e+02
   2.3109999999999999e+02   1.1463598251342800e+01
   2.3119999999999999e+02   3.4721557617187500e+01
   2.3200000000000000e+02   8.0158424377441406e+01
   2.3280000000000001e+02   3.2313404083252003e+01
   2.3309999999999999e+02   5.2558200836181598e+01
   2.3400000000000000e+02   9.5490249633789105e+01
   2.3409999999999999e+02   3.7742707519531300e+03
   2.3490000000000001e+02   4.0215030670166001e+01
   2.3509999999999999e+02   3.8535446166992199e+02
   2.3519999999999999e+02   2.5019465637207000e+02
   2.3600000000000000e+02   9.0517148971557599e+00
   2.3609999999999999e+02   3.7052280426025398e+01
   2.3669999999999999e+02   9.5719137191772496e+00
   2.3690000000000001e+02   1.0550896453857401e+02
   2.4709999999999999e+02   1.0160816192626999e+01
   2.4809999999999999e+02   3.1852011108398398e+02
   2.4819999999999999e+02   1.1088980865478500e+02
   2.4900000000000000e+02   2.7812252044677699e+01
   2.4909999999999999e+02   4.1140506744384801e+01
   2.5900000000000000e+02   1.0030694007873500e+01
   2.5919999999999999e+02   1.0278018951416000e+01
   2.7310000000000002e+02   9.3385925292968803e+00
   2.7489999999999998e+02   9.8788175582885707e+00
   2.7500000000000000e+02   4.5178329467773402e+01
   2.7519999999999999e+02   1.8704572677612301e+01
   2.7589999999999998e+02   1.2677365303039601e+01
   2.7600000000000000e+02   1.9253723144531300e+01
   2.7619999999999999e+02   1.8793429565429699e+02
   2.7719999999999999e+02   6.3505332031250000e+04
   2.7819999999999999e+02   1.1369464843750000e+04
   2.7900000000000000e+02   5.8435268402099602e+01
   2.7919999999999999e+02   9.2628167724609398e+02
   2.7930000000000001e+02   1.7742991638183599e+02
   2.8019999999999999e+02   3.5587593078613303e+01
   2.8030000000000001e+02   9.4311008453369105e+00
   2.8889999999999998e+02   2.9611831665039102e+01
   2.9710000000000002e+02   1.0349480438232401e+02
   2.9719999999999999e+02   5.9907810211181598e+01
   2.9800000000000000e+02   9.0059709548950195e+00
   3.2510000000000002e+02   1.1491334915161101e+01
   3.2519999999999999e+02   1.0873786926269499e+01
   3.6600000000000000e+02   1.0522810935974100e+01
   3.6610000000000002e+02   6.1614761352539098e+01
   3.6630000000000001e+02   4.3963020324707003e+01
   3.6710000000000002e+02   1.2461521148681600e+01
