   4.0100000000000001e+01   1.3591592407226599e+02
   4.1100000000000001e+01   4.8366918945312500e+03
   4.2100000000000001e+01   1.9372414062500000e+04
   4.3000000000000000e+01   3.2957453613281300e+03
   4.4100000000000001e+01   1.2926420898437500e+04
   4.5000000000000000e+01   2.3801922607421901e+02
   4.5100000000000001e+01   1.3039010620117199e+02
   4.8899999999999999e+01   1.0836349487304700e+01
   4.9799999999999997e+01   3.3129638671875000e+01
   5.0000000000000000e+01   5.1688018798828102e+02
   5.0100000000000001e+01   5.5160533905029297e+01
   5.1000000000000000e+01   1.6661038818359400e+03
   5.1799999999999997e+01   1.8128883361816399e+01
   5.2000000000000000e+01   5.7666760253906295e+02
   5.2000000000000000e+01   9.5315650939941406e+01
   5.2200000000000003e+01   2.1483831405639599e+01
   5.2899999999999999e+01   8.4970947265625000e+01
   5.3000000000000000e+01   1.2386230468750000e+03
   5.3799999999999997e+01   3.0544088363647500e+01
   5.4000000000000000e+01   1.7818989257812500e+03
   5.5000000000000000e+01   4.3980585937500000e+03
   5.5899999999999999e+01   4.4776268005371101e+01
   5.6100000000000001e+01   3.6957265625000000e+03
   5.7000000000000000e+01   2.8309517578125000e+04
   5.8000000000000000e+01   1.1877996826171900e+03
   5.8899999999999999e+01   8.8792945861816406e+01
   5.9000000000000000e+01   1.2563282775878901e+02
   5.9200000000000003e+01   6.4221023559570298e+01
   6.0899999999999999e+01   3.6214767456054702e+01
   6.1000000000000000e+01   1.7313154220581101e+01
   6.1899999999999999e+01   3.3445669555664102e+02
   6.2100000000000001e+01   4.1047805786132798e+01
   6.3000000000000000e+01   1.4660272216796900e+03
   6.4000000000000000e+01   3.7235876464843801e+02
   6.4099999999999994e+01   1.7973603820800801e+02
   6.5000000000000000e+01   6.2035229492187500e+03
   6.5900000000000006e+01   1.0999607086181599e+02
   6.6000000000000000e+01   5.9047180175781295e+02
   6.7000000000000000e+01   4.7108673095703102e+02
   6.7099999999999994e+01   2.6383229980468800e+03
   6.7900000000000006e+01   6.1826766967773402e+01
   6.8099999999999994e+01   4.3804560546875000e+03
   6.9000000000000000e+01   4.7822456054687500e+03
   7.0099999999999994e+01   7.4906997070312500e+03
   7.0799999999999997e+01   1.0602900505065900e+01
   7.1000000000000000e+01   6.8409570312500000e+02
   7.1200000000000003e+01   8.7078826904296903e+01
   7.1900000000000006e+01   1.0569834136962901e+02
   7.2200000000000003e+01   1.6337312698364300e+01
   7.2900000000000006e+01   1.0399205017089800e+02
   7.3000000000000000e+01   7.2837486267089801e+01
   7.3799999999999997e+01   2.3747991561889599e+01
   7.4000000000000000e+01   3.1825909423828102e+02
   7.4099999999999994e+01   7.0066345214843807e+01
   7.5000000000000000e+01   3.1691894531250000e+03
   7.5799999999999997e+01   5.7531044006347699e+01
   7.6000000000000000e+01   7.4140118408203102e+02
   7.7000000000000000e+01   8.9528984375000000e+03
   7.8000000000000000e+01   3.2237211914062500e+03
   7.9000000000000000e+01   7.2988315429687500e+03
   8.0000000000000000e+01   1.7850604248046900e+03
   8.0099999999999994e+01   5.8539211273193402e+01
   8.0900000000000006e+01   4.8783271789550803e+01
   8.1000000000000000e+01   7.8077722167968795e+02
   8.1099999999999994e+01   1.1775993347168000e+02
   8.2000000000000000e+01   4.2039506835937500e+03
   8.2900000000000006e+01   4.0787796020507798e+01
   8.3000000000000000e+01   2.5705610351562500e+03
   8.4099999999999994e+01   1.7196490478515600e+03
   8.4900000000000006e+01   6.0231113433837898e+01
   8.5000000000000000e+01   1.5239350891113301e+02
   8.5200000000000003e+01   1.0611605644226101e+01
   8.5799999999999997e+01   1.1346430778503400e+01
   8.5900000000000006e+01   4.3030963897705099e+01
   8.6000000000000000e+01   1.5571321105957000e+02
   8.6900000000000006e+01   2.4166599273681602e+01
   8.7099999999999994e+01   2.0909400939941399e+01
   8.7900000000000006e+01   2.5739440917968800e+01
   8.8000000000000000e+01   4.8858524322509801e+01
   8.8200000000000003e+01   7.8453063964843807e+01
   8.8900000000000006e+01   4.9057273864746101e+01
   8.9000000000000000e+01   1.6913596191406300e+03
   9.0000000000000000e+01   2.7846322631835898e+02
   9.0099999999999994e+01   7.8884906005859398e+02
   9.1099999999999994e+01   2.6630966796875000e+04
   9.2000000000000000e+01   2.6421462402343800e+03
   9.2900000000000006e+01   1.3380541992187500e+02
   9.3000000000000000e+01   4.9819869995117199e+02
   9.3099999999999994e+01   7.3423446655273395e+01
   9.3299999999999997e+01   2.3952016830444300e+01
   9.4000000000000000e+01   2.7122102050781300e+03
   9.5000000000000000e+01   1.4649964843750000e+04
   9.6099999999999994e+01   1.7575404296875000e+04
   9.7000000000000000e+01   9.9136520385742202e+01
   9.7099999999999994e+01   2.8366333007812500e+03
   9.8000000000000000e+01   6.0174206542968795e+02
   9.8099999999999994e+01   1.6824131774902301e+02
   9.8799999999999997e+01   1.1770389556884799e+01
   9.8900000000000006e+01   1.3499316215515099e+01
   9.9000000000000000e+01   2.3186355590820298e+01
   9.9700000000000003e+01   1.1740674972534199e+01
   9.9799999999999997e+01   9.7176675796508807e+00
   1.0000000000000000e+02   4.7404960632324197e+01
   1.0090000000000001e+02   2.2262080383300801e+02
   1.0100000000000000e+02   1.6435987854003901e+02
   1.0190000000000001e+02   3.2906459808349602e+01
   1.0200000000000000e+02   5.0810653686523398e+02
   1.0209999999999999e+02   3.9470056152343801e+02
   1.0300000000000000e+02   7.5281577148437500e+03
   1.0409999999999999e+02   4.2577021484375000e+03
   1.0509999999999999e+02   2.4806521484375000e+04
   1.0590000000000001e+02   3.6957214355468800e+01
   1.0609999999999999e+02   2.3585175781250000e+03
   1.0680000000000000e+02   4.4825878143310497e+01
   1.0700000000000000e+02   1.7232701110839801e+02
   1.0709999999999999e+02   1.6911492919921901e+02
   1.0709999999999999e+02   9.1777389526367202e+01
   1.0770000000000000e+02   2.6001380920410199e+01
   1.0800000000000000e+02   3.8703387451171898e+02
   1.0809999999999999e+02   3.2768020629882801e+02
   1.0820000000000000e+02   7.5506805419921903e+01
   1.0900000000000000e+02   5.1370478515625000e+03
   1.1000000000000000e+02   2.1208691406250000e+03
   1.1090000000000001e+02   1.0190536499023401e+02
   1.1100000000000000e+02   4.8920888671875000e+03
   1.1190000000000001e+02   4.0959133911132801e+02
   1.1200000000000000e+02   9.2718945312500000e+02
   1.1280000000000000e+02   1.1185173988342299e+01
   1.1300000000000000e+02   8.1477478027343807e+01
   1.1320000000000000e+02   2.9851694107055700e+01
   1.1490000000000001e+02   1.9226255416870099e+01
   1.1500000000000000e+02   5.1939093017578102e+02
   1.1509999999999999e+02   3.1051867675781301e+02
   1.1590000000000001e+02   2.0566564941406301e+02
   1.1609999999999999e+02   3.1484680175781301e+02
   1.1700000000000000e+02   1.6547239990234400e+03
   1.1790000000000001e+02   5.4376876831054702e+01
   1.1800000000000000e+02   4.6433102416992199e+02
   1.1870000000000000e+02   1.0820058822631800e+01
   1.1909999999999999e+02   1.0120048522949200e+02
   1.2000000000000000e+02   1.7101232910156301e+02
   1.2100000000000000e+02   7.0240356445312500e+02
   1.2109999999999999e+02   4.7966839599609398e+02
   1.2200000000000000e+02   9.4517041015625000e+03
   1.2300000000000000e+02   3.0873791503906300e+03
   1.2400000000000000e+02   2.5687077636718800e+03
   1.2500000000000000e+02   2.4695751953125000e+02
   1.2590000000000001e+02   1.1946192741394000e+01
   1.2680000000000000e+02   3.0104219436645501e+01
   1.2700000000000000e+02   9.1096672058105497e+01
   1.2790000000000001e+02   8.8246299743652301e+01
   1.2800000000000000e+02   2.8983792114257801e+02
   1.2819999999999999e+02   1.1113554954528800e+01
   1.2880000000000001e+02   6.1026588439941399e+01
   1.2900000000000000e+02   2.2227874755859401e+02
   1.2909999999999999e+02   1.6818994140625000e+02
   1.2990000000000001e+02   4.7313022613525398e+01
   1.3000000000000000e+02   2.7861169433593800e+03
   1.3090000000000001e+02   2.5795254516601602e+02
   1.3109999999999999e+02   6.4698034667968795e+02
   1.3190000000000001e+02   9.5232498168945298e+01
   1.3200000000000000e+02   1.3711110839843800e+03
   1.3209999999999999e+02   2.5930498123168899e+01
   1.3280000000000001e+02   2.8862941741943398e+01
   1.3300000000000000e+02   3.5872409057617199e+02
   1.3300000000000000e+02   2.0350198364257801e+02
   1.3390000000000001e+02   8.9031547546386705e+01
   1.3409999999999999e+02   1.2320845947265600e+03
   1.3500000000000000e+02   3.2409174804687500e+03
   1.3600000000000000e+02   9.3760576171875000e+03
   1.3700000000000000e+02   3.4181264648437500e+03
   1.3790000000000001e+02   1.0047438812255901e+02
   1.3809999999999999e+02   1.1496390380859400e+03
   1.3900000000000000e+02   8.7887741088867202e+01
   1.3900000000000000e+02   8.2040576171875000e+02
   1.3909999999999999e+02   4.7169686889648398e+02
   1.3990000000000001e+02   2.0073659896850600e+01
   1.4009999999999999e+02   1.8018449401855500e+02
   1.4090000000000001e+02   8.9132095336914105e+01
   1.4109999999999999e+02   7.5482864379882798e+01
   1.4200000000000000e+02   1.2379760742187500e+01
   1.4309999999999999e+02   2.5989913940429699e+02
   1.4390000000000001e+02   8.0683807373046903e+01
   1.4400000000000000e+02   7.0816711425781295e+02
   1.4409999999999999e+02   1.0083507537841800e+02
   1.4469999999999999e+02   1.8556158065795898e+01
   1.4480000000000001e+02   1.5417497634887701e+01
   1.4490000000000001e+02   1.2284191894531300e+02
   1.4509999999999999e+02   1.5326780700683599e+02
   1.4590000000000001e+02   3.3165611267089801e+01
   1.4600000000000000e+02   1.2445728759765600e+03
   1.4619999999999999e+02   1.6720138549804702e+01
   1.4700000000000000e+02   1.9690737915039099e+02
   1.4709999999999999e+02   1.2376140594482401e+02
   1.4809999999999999e+02   1.0272089843750000e+04
   1.4900000000000000e+02   1.6508944702148401e+02
   1.4909999999999999e+02   7.2576201171875000e+03
   1.5009999999999999e+02   1.4746667968750000e+04
   1.5090000000000001e+02   1.1429709434509300e+01
   1.5100000000000000e+02   2.3533579101562500e+03
   1.5180000000000001e+02   1.3851218223571800e+01
   1.5190000000000001e+02   5.7935901641845703e+01
   1.5209999999999999e+02   1.9138851928710901e+02
   1.5219999999999999e+02   1.2310646820068401e+02
   1.5300000000000000e+02   1.2937833786010700e+01
   1.5309999999999999e+02   2.4331226348876999e+01
   1.5400000000000000e+02   1.0155403137206999e+01
   1.5490000000000001e+02   3.9405395507812500e+01
   1.5509999999999999e+02   3.3072872161865199e+01
   1.5580000000000001e+02   3.5932437896728501e+01
   1.5600000000000000e+02   1.1509201049804700e+02
   1.5609999999999999e+02   8.1262893676757798e+01
   1.5690000000000001e+02   7.9532020568847699e+01
   1.5709999999999999e+02   2.1421363830566399e+01
   1.5780000000000001e+02   1.6201116561889599e+01
   1.5800000000000000e+02   2.6960018920898398e+02
   1.5809999999999999e+02   2.0461047363281301e+02
   1.5900000000000000e+02   1.2426786804199200e+02
   1.5909999999999999e+02   2.0447325134277301e+02
   1.6009999999999999e+02   1.5659182128906300e+03
   1.6009999999999999e+02   5.4945379638671898e+02
   1.6090000000000001e+02   9.8541784286499006e+00
   1.6100000000000000e+02   3.1571725463867199e+02
   1.6109999999999999e+02   2.9380325317382801e+02
   1.6200000000000000e+02   3.4175958251953102e+02
   1.6209999999999999e+02   1.3267114257812500e+03
   1.6300000000000000e+02   3.7547409057617199e+02
   1.6309999999999999e+02   1.3712028808593800e+03
   1.6409999999999999e+02   6.0244742187500000e+04
   1.6509999999999999e+02   6.9863725585937500e+03
   1.6600000000000000e+02   8.8350573730468795e+02
   1.6619999999999999e+02   1.1662039947509800e+02
   1.6700000000000000e+02   3.5068655395507801e+02
   1.6709999999999999e+02   1.8391482543945301e+02
   1.6800000000000000e+02   8.4870559692382798e+01
   1.6809999999999999e+02   6.1704168701171898e+02
   1.6890000000000001e+02   2.6141544342041001e+01
   1.6900000000000000e+02   6.3478340148925803e+01
   1.6990000000000001e+02   1.5674482345581101e+01
   1.7000000000000000e+02   7.3075920104980497e+01
   1.7019999999999999e+02   1.0671124458313001e+01
   1.7090000000000001e+02   1.3330184936523400e+01
   1.7200000000000000e+02   1.0311347961425800e+02
   1.7209999999999999e+02   1.0066752433776900e+01
   1.7290000000000001e+02   2.3130460739135700e+01
   1.7369999999999999e+02   1.3755071640014600e+01
   1.7390000000000001e+02   1.0824850463867200e+02
   1.7409999999999999e+02   6.8951515197753906e+01
   1.7419999999999999e+02   4.9478343963622997e+01
   1.7480000000000001e+02   1.1553366661071800e+01
   1.7490000000000001e+02   1.0462734222412099e+02
   1.7509999999999999e+02   1.9770228576660199e+02
   1.7530000000000001e+02   1.7492975234985401e+01
   1.7609999999999999e+02   3.7739741210937500e+03
   1.7690000000000001e+02   3.3113929748535199e+01
   1.7700000000000000e+02   1.7935006103515600e+03
   1.7790000000000001e+02   1.9836614608764599e+01
   1.7800000000000000e+02   8.3964099121093795e+02
   1.7900000000000000e+02   7.8587303161621094e+01
   1.7909999999999999e+02   9.7316940307617202e+01
   1.7919999999999999e+02   5.5815299987792997e+01
   1.7990000000000001e+02   1.4803718566894499e+01
   1.8200000000000000e+02   1.2448975372314500e+02
   1.8280000000000001e+02   1.0515931129455600e+01
   1.8300000000000000e+02   1.3024327278137200e+01
   1.8319999999999999e+02   2.5449375152587901e+01
   1.8400000000000000e+02   5.8673919677734398e+02
   1.8409999999999999e+02   6.0289880371093795e+02
   1.8490000000000001e+02   1.0063061523437500e+02
   1.8500000000000000e+02   4.4250115966796898e+02
   1.8509999999999999e+02   1.7243447875976599e+02
   1.8609999999999999e+02   3.2523588867187500e+03
   1.8700000000000000e+02   1.8536776733398401e+02
   1.8709999999999999e+02   6.2531213378906295e+02
   1.8719999999999999e+02   6.5316635131835895e+01
   1.8800000000000000e+02   3.9243232727050803e+01
   1.8809999999999999e+02   2.6336835937500000e+03
   1.8900000000000000e+02   4.9637905883789102e+02
   1.8919999999999999e+02   6.1729028320312500e+02
   1.8990000000000001e+02   1.0354766845703099e+02
   1.9009999999999999e+02   3.6350561523437500e+02
   1.9100000000000000e+02   2.3378051757812500e+02
   1.9109999999999999e+02   3.3754614257812500e+02
   1.9190000000000001e+02   3.7691463470458999e+01
   1.9209999999999999e+02   6.8440467834472699e+01
   1.9300000000000000e+02   3.6056961059570298e+01
   2.0109999999999999e+02   2.7120128631591800e+01
   2.0190000000000001e+02   1.4078701019287100e+01
   2.0269999999999999e+02   1.0645807266235400e+01
   2.0290000000000001e+02   3.1139623641967798e+01
   2.0380000000000001e+02   3.5926738739013700e+01
   2.0390000000000001e+02   6.2523605346679702e+01
   2.0409999999999999e+02   4.8668849945068402e+01
   2.0500000000000000e+02   2.6569320678710898e+02
   2.0509999999999999e+02   1.9588829345703100e+03
   2.0609999999999999e+02   2.6558088378906300e+03
   2.0709999999999999e+02   2.9787738281250000e+04
   2.0809999999999999e+02   4.2604765625000000e+03
   2.0900000000000000e+02   1.9421989440918000e+02
   2.0909999999999999e+02   1.0591632843017599e+02
   2.1090000000000001e+02   4.2251510620117202e+01
   2.1390000000000001e+02   1.2632785797119100e+01
   2.1409999999999999e+02   3.4976966857910199e+01
   2.1469999999999999e+02   1.2008291244506800e+01
   2.1500000000000000e+02   1.4216043090820301e+02
   2.1509999999999999e+02   9.9752670288085895e+01
   2.1590000000000001e+02   2.4961059570312500e+01
   2.1600000000000000e+02   5.7751712799072301e+01
   2.1680000000000001e+02   2.6159603118896499e+01
   2.1700000000000000e+02   6.1694114685058601e+01
   2.1780000000000001e+02   1.1251737594604499e+01
   2.1790000000000001e+02   7.9163314819335895e+01
   2.1809999999999999e+02   8.2117294311523395e+01
   2.1830000000000001e+02   1.1547829627990700e+01
   2.1880000000000001e+02   9.0108823776245099e+00
   2.1890000000000001e+02   1.2342134857177700e+02
   2.1909999999999999e+02   3.9402381896972699e+01
   2.2009999999999999e+02   1.4344583984375000e+04
   2.2109999999999999e+02   1.0824783935546900e+03
   2.2119999999999999e+02   9.7985595703125000e+02
   2.2200000000000000e+02   1.0106027221679700e+02
   2.2219999999999999e+02   8.9414505004882798e+01
   2.2890000000000001e+02   2.3212736129760700e+01
   2.2909999999999999e+02   1.0580233573913601e+01
   2.3100000000000000e+02   4.3151657104492202e+01
   2.3109999999999999e+02   1.7352798461914102e+01
   2.3130000000000001e+02   2.2127555847168001e+01
   2.3280000000000001e+02   2.4266355514526399e+01
   2.3290000000000001e+02   1.0920881652832000e+02
   2.3300000000000000e+02   7.4220352172851605e+01
   2.3390000000000001e+02   1.9138345718383800e+01
   2.3409999999999999e+02   9.7186157226562500e+02
   2.3490000000000001e+02   6.8587188720703097e+01
   2.3509999999999999e+02   6.4254844665527301e+01
   2.3519999999999999e+02   2.0171228408813501e+01
   2.3669999999999999e+02   3.7135051727294901e+01
   2.3690000000000001e+02   7.0333290100097701e+00
   2.3700000000000000e+02   3.2454021453857401e+01
   2.3869999999999999e+02   1.4272392272949199e+01
   2.4390000000000001e+02   2.0333847045898398e+01
   2.4419999999999999e+02   3.6658527374267599e+01
   2.4509999999999999e+02   4.2129623413085902e+01
   2.4519999999999999e+02   2.8718585968017599e+01
   2.4680000000000001e+02   9.5564870834350604e+00
   2.4709999999999999e+02   9.7571439743041992e+00
   2.5710000000000002e+02   1.0233507690429700e+03
   2.5730000000000001e+02   8.7168395996093807e+01
   2.5789999999999998e+02   2.0263097763061499e+01
   2.5810000000000002e+02   1.8487773132324199e+02
   2.5830000000000001e+02   9.4131050109863299e+00
   2.6019999999999999e+02   1.0913313865661600e+01
   2.6080000000000001e+02   2.2514301300048800e+01
   2.6110000000000002e+02   2.1629902648925801e+02
   2.6119999999999999e+02   4.1402416229247997e+01
   2.6210000000000002e+02   4.0079513549804699e+02
   2.6319999999999999e+02   1.0988785156250000e+05
   2.6419999999999999e+02   1.8539652343750000e+04
   2.6519999999999999e+02   1.8115522460937500e+03
   2.6600000000000000e+02   4.8969028472900398e+01
   2.6619999999999999e+02   6.5121986389160199e+01
   2.6900000000000000e+02   1.1248120307922401e+01
   2.9289999999999998e+02   9.6090421676635707e+00
   2.9700000000000000e+02   1.3185671997070301e+02
   2.9710000000000002e+02   6.0750782012939503e+01
   2.9719999999999999e+02   8.2871475219726605e+01
   2.9810000000000002e+02   1.5552996635436999e+01
   3.2510000000000002e+02   1.9789859771728501e+01
   3.5189999999999998e+02   1.5938392639160201e+01
   3.5210000000000002e+02   2.7955381393432599e+01
   3.5219999999999999e+02   1.9043556213378901e+02
   3.5230000000000001e+02   1.0099825859069799e+01
   3.5310000000000002e+02   5.5637859344482401e+01
   3.5519999999999999e+02   1.1940487861633301e+01
