   4.0100000000000001e+01   1.4223869323730500e+02
   4.1000000000000000e+01   2.7181975097656300e+03
   4.2000000000000000e+01   6.2138549804687500e+03
   4.3000000000000000e+01   9.4284472656250000e+02
   4.4000000000000000e+01   2.4807729492187500e+03
   4.4100000000000001e+01   2.6169442749023398e+02
   4.4899999999999999e+01   4.9073318481445298e+01
   4.5100000000000001e+01   1.0943813323974600e+01
   4.9899999999999999e+01   1.0002973175048800e+02
   5.0000000000000000e+01   2.3076242065429699e+02
   5.0200000000000003e+01   1.6976051330566399e+01
   5.1000000000000000e+01   3.1354745483398398e+02
   5.1000000000000000e+01   9.2303265380859398e+02
   5.1100000000000001e+01   3.6401012420654297e+01
   5.1899999999999999e+01   1.2502382659912099e+02
   5.2000000000000000e+01   2.7228738403320301e+02
   5.2899999999999999e+01   1.2343531799316401e+02
   5.3000000000000000e+01   3.9503121948242199e+02
   5.3899999999999999e+01   5.3758293151855497e+01
   5.4000000000000000e+01   3.8108547973632801e+02
   5.4100000000000001e+01   3.7558464050292997e+01
   5.5000000000000000e+01   3.3805630493164102e+02
   5.5000000000000000e+01   1.2202159423828100e+03
   5.6000000000000000e+01   9.3317071533203102e+02
   5.6100000000000001e+01   1.1492185211181599e+02
   5.7000000000000000e+01   1.0059002929687500e+04
   5.8000000000000000e+01   7.4785229492187500e+02
   5.8100000000000001e+01   2.2202157592773401e+02
   5.8899999999999999e+01   4.9313976287841797e+01
   5.9000000000000000e+01   3.8214454650878899e+01
   5.9100000000000001e+01   4.0636455535888700e+01
   6.1100000000000001e+01   4.4375911712646499e+01
   6.1799999999999997e+01   1.3610996246337900e+01
   6.1899999999999999e+01   7.8582908630371094e+01
   6.2100000000000001e+01   5.1291007995605497e+01
   6.2899999999999999e+01   1.1852729797363300e+02
   6.3000000000000000e+01   4.8094281005859398e+02
   6.3799999999999997e+01   7.8428375244140597e+01
   6.4000000000000000e+01   2.0928851318359401e+02
   6.4099999999999994e+01   1.6701385498046901e+02
   6.4900000000000006e+01   1.0233450317382800e+02
   6.5000000000000000e+01   2.6066628417968800e+03
   6.5799999999999997e+01   5.4967292785644503e+01
   6.6000000000000000e+01   2.2994558715820301e+02
   6.6099999999999994e+01   3.3210726928710898e+02
   6.6900000000000006e+01   9.8626205444335895e+01
   6.7000000000000000e+01   7.3059436035156295e+02
   6.8000000000000000e+01   4.6407632446289102e+02
   6.8099999999999994e+01   8.0928607177734398e+02
   6.8200000000000003e+01   1.9623189926147500e+01
   6.9000000000000000e+01   1.1963286132812500e+03
   6.9200000000000003e+01   1.8882141113281300e+01
   6.9900000000000006e+01   6.5209014892578097e+01
   7.0000000000000000e+01   1.2764266357421900e+03
   7.0799999999999997e+01   1.7594547271728501e+01
   7.1099999999999994e+01   2.9566558837890602e+02
   7.2000000000000000e+01   3.8479526519775398e+01
   7.2900000000000006e+01   1.0332821846008301e+01
   7.3200000000000003e+01   1.1219504356384300e+01
   7.3799999999999997e+01   2.5682561874389599e+01
   7.4000000000000000e+01   4.6267681121826200e+01
   7.4099999999999994e+01   6.9873336791992202e+01
   7.4799999999999997e+01   3.4592258453369098e+01
   7.5000000000000000e+01   1.4157136535644500e+02
   7.5900000000000006e+01   7.9081497192382798e+01
   7.6000000000000000e+01   1.9945445251464801e+02
   7.6200000000000003e+01   1.6010997009277301e+02
   7.7000000000000000e+01   8.2247958984375000e+03
   7.7900000000000006e+01   2.8874156951904300e+01
   7.8000000000000000e+01   1.7650634765625000e+03
   7.9000000000000000e+01   2.8318835449218800e+03
   7.9900000000000006e+01   1.1670022583007800e+02
   8.0000000000000000e+01   3.8669049072265602e+02
   8.0799999999999997e+01   4.7242080688476598e+01
   8.1000000000000000e+01   7.2382214355468795e+02
   8.1200000000000003e+01   3.1650367736816399e+01
   8.1799999999999997e+01   1.0208527565002401e+01
   8.2000000000000000e+01   8.8219781494140602e+02
   8.2099999999999994e+01   6.3717613220214801e+01
   8.2900000000000006e+01   9.1287612915039105e+01
   8.3000000000000000e+01   1.7124606323242199e+02
   8.3200000000000003e+01   1.0430195617675800e+02
   8.3900000000000006e+01   1.2932528495788601e+01
   8.4000000000000000e+01   1.4986856689453100e+03
   8.5000000000000000e+01   2.6363700866699201e+01
   8.9000000000000000e+01   5.5678515625000000e+02
   8.9099999999999994e+01   5.5362705230712898e+01
   9.0000000000000000e+01   1.9756309509277301e+02
   9.0000000000000000e+01   2.5511550903320301e+02
   9.0200000000000003e+01   1.3859675598144500e+02
   9.1099999999999994e+01   1.1184803710937500e+04
   9.1900000000000006e+01   1.8189441680908200e+01
   9.2000000000000000e+01   1.1244822998046900e+03
   9.2099999999999994e+01   3.9663134765625000e+02
   9.3000000000000000e+01   3.3377258300781300e+03
   9.4000000000000000e+01   7.4068908691406295e+02
   9.4099999999999994e+01   6.9817645263671898e+02
   9.4900000000000006e+01   7.7884849548339801e+01
   9.5000000000000000e+01   1.8640754699707000e+02
   9.5099999999999994e+01   8.4132682800292997e+01
   9.5900000000000006e+01   3.3986103057861300e+01
   9.6099999999999994e+01   1.1613016357421900e+03
   9.6799999999999997e+01   1.0172992706298800e+01
   9.7000000000000000e+01   1.2762255859375000e+02
   9.7200000000000003e+01   2.6370738983154300e+01
   9.7900000000000006e+01   7.7415527343750000e+01
   9.8000000000000000e+01   1.2511977386474599e+02
   9.8099999999999994e+01   1.5254447937011699e+02
   9.8900000000000006e+01   2.0188753128051800e+01
   1.0080000000000000e+02   1.0879934310913100e+01
   1.0109999999999999e+02   2.1104642868041999e+01
   1.0190000000000001e+02   2.0057725524902301e+02
   1.0200000000000000e+02   7.0360092163085895e+01
   1.0300000000000000e+02   2.7055385742187500e+03
   1.0400000000000000e+02   4.2867397460937500e+03
   1.0509999999999999e+02   9.5642744140625000e+03
   1.0600000000000000e+02   1.9869569091796900e+03
   1.0620000000000000e+02   2.1608032226562500e+01
   1.0700000000000000e+02   1.9296536254882801e+02
   1.0709999999999999e+02   1.6293110656738301e+02
   1.0790000000000001e+02   1.9451910018920898e+01
   1.0800000000000000e+02   3.1993899536132801e+02
   1.0809999999999999e+02   4.0187701416015602e+02
   1.0890000000000001e+02   9.7326141357421903e+01
   1.0900000000000000e+02   2.4731382751464801e+02
   1.0920000000000000e+02   1.9395777893066401e+02
   1.1000000000000000e+02   1.7537730407714801e+02
   1.1009999999999999e+02   3.9108098144531300e+03
   1.1100000000000000e+02   5.3054565429687500e+02
   1.1180000000000000e+02   1.5893802642822299e+01
   1.1190000000000001e+02   1.4023149108886699e+02
   1.1209999999999999e+02   2.1559988403320301e+02
   1.1309999999999999e+02   1.1144053459167500e+01
   1.1500000000000000e+02   4.5224551391601602e+02
   1.1509999999999999e+02   1.1752487182617200e+02
   1.1590000000000001e+02   1.6843679809570301e+02
   1.1609999999999999e+02   5.3718376159667997e+01
   1.1620000000000000e+02   1.8876928329467798e+01
   1.1690000000000001e+02   1.4186010742187500e+02
   1.1700000000000000e+02   1.6851308593750000e+03
   1.1790000000000001e+02   1.1106516265869099e+02
   1.1800000000000000e+02   3.1730588378906300e+03
   1.1890000000000001e+02   3.8827194213867202e+01
   1.1900000000000000e+02   3.0585925292968801e+02
   1.1909999999999999e+02   8.5480407714843795e+02
   1.2000000000000000e+02   5.1959808349609398e+02
   1.2009999999999999e+02   1.9404887390136699e+02
   1.2100000000000000e+02   6.9830238342285199e+01
   1.2509999999999999e+02   1.0304450035095201e+01
   1.2790000000000001e+02   1.4863987731933599e+02
   1.2809999999999999e+02   9.2318962097167997e+01
   1.2880000000000001e+02   1.8044551849365199e+01
   1.2890000000000001e+02   6.3935508728027301e+01
   1.2900000000000000e+02   6.0097785949707003e+01
   1.2909999999999999e+02   4.1821231842041001e+01
   1.2990000000000001e+02   1.2073782348632800e+02
   1.3000000000000000e+02   2.9383356933593800e+03
   1.3009999999999999e+02   1.0714427185058599e+02
   1.3100000000000000e+02   1.8881673583984400e+03
   1.3109999999999999e+02   4.3078685760497997e+01
   1.3209999999999999e+02   5.9044033203125000e+03
   1.3300000000000000e+02   5.2175396728515602e+02
   1.3309999999999999e+02   6.6377239990234398e+02
   1.3400000000000000e+02   3.8856024169921898e+02
   1.3409999999999999e+02   2.7061636352539102e+02
   1.3490000000000001e+02   1.0296743392944300e+01
   1.3519999999999999e+02   2.5906290054321300e+01
   1.3680000000000001e+02   5.9134178161621103e+00
   1.3700000000000000e+02   7.8609062194824205e+01
   1.3719999999999999e+02   1.1275955200195300e+01
   1.4200000000000000e+02   2.3697973251342798e+01
   1.4280000000000001e+02   2.3681467056274400e+01
   1.4290000000000001e+02   4.6232276916503899e+01
   1.4309999999999999e+02   1.4942813110351599e+02
   1.4319999999999999e+02   1.3568136215210000e+01
   1.4380000000000001e+02   3.5081325531005902e+01
   1.4400000000000000e+02   4.9185018920898398e+02
   1.4409999999999999e+02   1.0501595458984400e+03
   1.4490000000000001e+02   3.7255344390869098e+01
   1.4500000000000000e+02   1.0031321411132800e+03
   1.4600000000000000e+02   2.5866680145263700e+01
   1.4609999999999999e+02   1.2357871093750000e+03
   1.4619999999999999e+02   2.0919994354248001e+01
   1.4680000000000001e+02   2.9240142822265600e+01
   1.4700000000000000e+02   1.0585476684570300e+02
   1.4709999999999999e+02   1.0779285430908200e+02
   1.4719999999999999e+02   1.4153725624084499e+01
   1.4790000000000001e+02   7.2567703247070298e+01
   1.4800000000000000e+02   1.6781881713867199e+02
   1.4809999999999999e+02   7.8605628967285199e+01
   1.4890000000000001e+02   8.3383453369140597e+01
   1.4900000000000000e+02   1.2677767944335901e+02
   1.4909999999999999e+02   2.3908283996582000e+02
   1.4990000000000001e+02   3.8849494934082003e+01
   1.5009999999999999e+02   9.9868927001953097e+01
   1.5280000000000001e+02   5.9991840362548800e+01
   1.5300000000000000e+02   9.8789932250976605e+01
   1.5309999999999999e+02   3.2804302215576200e+01
   1.5330000000000001e+02   1.4697917938232401e+01
   1.5390000000000001e+02   2.6804101943969702e+01
   1.5409999999999999e+02   2.7132570266723601e+01
   1.5490000000000001e+02   1.2702630996704100e+01
   1.5500000000000000e+02   2.6700990676879901e+01
   1.5590000000000001e+02   1.1252968788146999e+01
   1.5600000000000000e+02   8.7638229370117202e+01
   1.5609999999999999e+02   1.2837269592285199e+02
   1.5690000000000001e+02   3.1529382705688501e+01
   1.5709999999999999e+02   1.1309059143066401e+02
   1.5730000000000001e+02   1.4297930717468301e+01
   1.5809999999999999e+02   5.3599584960937500e+02
   1.5819999999999999e+02   4.0971530914306598e+01
   1.5830000000000001e+02   2.8302850723266602e+01
   1.5880000000000001e+02   1.7408756256103501e+01
   1.5890000000000001e+02   4.9607177734375000e+01
   1.5909999999999999e+02   4.9364407348632801e+02
   1.5909999999999999e+02   4.2688000488281301e+02
   1.6009999999999999e+02   1.4898494140625000e+04
   1.6100000000000000e+02   4.7452670288085898e+02
   1.6109999999999999e+02   1.5775563964843800e+03
   1.6200000000000000e+02   8.0791305541992202e+01
   1.6209999999999999e+02   2.5360038757324199e+02
   1.6280000000000001e+02   1.5405177116394000e+01
   1.6300000000000000e+02   1.4125216484069799e+01
   1.6700000000000000e+02   1.3571207046508800e+01
   1.6780000000000001e+02   1.2694364547729499e+01
   1.6790000000000001e+02   2.1493005752563501e+01
   1.6990000000000001e+02   7.5400009155273395e+01
   1.7009999999999999e+02   1.2307595062255901e+02
   1.7100000000000000e+02   3.2960762023925803e+01
   1.7109999999999999e+02   4.0301128387451200e+01
   1.7119999999999999e+02   3.1330022811889599e+01
   1.7209999999999999e+02   1.6979107666015600e+03
   1.7300000000000000e+02   3.7473196411132801e+02
   1.7319999999999999e+02   1.4310320854186999e+01
   1.7409999999999999e+02   9.9898565673828102e+02
   1.7419999999999999e+02   3.5454063415527301e+01
   1.7469999999999999e+02   1.4010236740112299e+01
   1.7509999999999999e+02   6.4338706970214801e+01
   1.8190000000000001e+02   2.6565246582031300e+01
   1.8219999999999999e+02   1.0328626632690399e+01
   1.8390000000000001e+02   1.0649948120117200e+01
   1.8400000000000000e+02   1.7501950073242199e+02
   1.8419999999999999e+02   1.2512328338623000e+02
   1.8490000000000001e+02   6.4520446777343807e+01
   1.8509999999999999e+02   4.0947814941406300e+01
   1.8600000000000000e+02   1.1089287567138700e+02
   1.8609999999999999e+02   1.2763575744628901e+02
   1.8700000000000000e+02   4.1097805023193402e+01
   1.8709999999999999e+02   1.3688101196289099e+02
   1.8800000000000000e+02   1.1559044837951699e+01
   1.8819999999999999e+02   1.0254486083984400e+01
   1.9600000000000000e+02   4.2493110656738303e+01
   1.9730000000000001e+02   1.0355675697326699e+01
   1.9809999999999999e+02   6.9194036865234398e+02
   1.9890000000000001e+02   1.9263471603393601e+01
   1.9909999999999999e+02   2.4286708068847699e+02
   1.9919999999999999e+02   1.6084727478027301e+02
   2.0000000000000000e+02   9.3040496826171903e+01
   2.0009999999999999e+02   4.2676416015625000e+02
   2.0009999999999999e+02   4.9016320800781301e+02
   2.0080000000000001e+02   3.9451465606689503e+01
   2.0100000000000000e+02   2.2296056747436499e+01
   2.0109999999999999e+02   7.2886553955078102e+02
   2.0119999999999999e+02   1.3356011962890599e+02
   2.0190000000000001e+02   2.7939739227294901e+01
   2.0209999999999999e+02   1.2195467529296900e+03
   2.0230000000000001e+02   6.2775154113769503e+01
   2.0309999999999999e+02   8.8829101562500000e+03
   2.0400000000000000e+02   5.0275032043457003e+01
   2.0409999999999999e+02   1.3560915527343800e+03
   2.0500000000000000e+02   5.1248794555664098e+01
   2.0690000000000001e+02   1.6115060806274400e+01
   2.1130000000000001e+02   1.1528306007385300e+01
   2.1390000000000001e+02   1.3711976051330600e+01
   2.1400000000000000e+02   1.1819795608520501e+01
   2.1440000000000001e+02   2.4704057693481399e+01
   2.1459999999999999e+02   3.2702503204345703e+01
   2.1480000000000001e+02   3.1959674835205099e+01
   2.1509999999999999e+02   1.4689176940918000e+02
   2.1519999999999999e+02   2.9060987472534201e+01
   2.1609999999999999e+02   7.3838295898437500e+03
   2.1700000000000000e+02   3.2784277343750000e+02
   2.1709999999999999e+02   8.0529803466796898e+02
   2.1719999999999999e+02   1.4494787216186500e+01
   2.1790000000000001e+02   5.3674114227294901e+01
   2.1809999999999999e+02   4.1861644744872997e+01
   2.1819999999999999e+02   1.2544764518737800e+01
   2.1900000000000000e+02   1.2635707855224600e+01
   2.3009999999999999e+02   3.7224220275878899e+01
   2.3019999999999999e+02   2.1825248718261701e+01
   2.3280000000000001e+02   5.3093757629394503e+01
   2.3700000000000000e+02   2.7688728332519499e+01
   2.4109999999999999e+02   1.0620173645019500e+02
   2.4309999999999999e+02   2.2655479431152301e+01
   2.4509999999999999e+02   1.3612682342529300e+01
   2.5700000000000000e+02   4.5123062133789098e+01
   2.5710000000000002e+02   8.6992088317871094e+01
   2.5719999999999999e+02   3.8504711151122997e+01
   2.5769999999999999e+02   1.1192947387695300e+01
   2.5789999999999998e+02   1.4480703353881800e+01
   2.5819999999999999e+02   1.5807978820800801e+02
   2.5919999999999999e+02   2.9924589843750000e+04
   2.6019999999999999e+02   5.3935185546875000e+03
   2.6110000000000002e+02   5.5544561767578102e+02
   2.6130000000000001e+02   3.1664648056030298e+01
   2.6210000000000002e+02   1.1779999732971200e+01
   2.9300000000000000e+02   3.0916992187500000e+01
   2.9319999999999999e+02   7.9100845336914105e+01
   3.4800000000000000e+02   2.4169271469116200e+01
   3.4819999999999999e+02   5.5588314056396499e+01
   3.4910000000000002e+02   1.0182955741882299e+01
   3.5139999999999998e+02   2.3059713363647500e+01
