   4.0100000000000001e+01   1.4420849609375000e+02
   4.1100000000000001e+01   1.0410658203125000e+04
   4.1899999999999999e+01   9.3138832092285199e+01
   4.2100000000000001e+01   6.6241352539062500e+03
   4.3100000000000001e+01   1.1126323242187500e+03
   4.4000000000000000e+01   7.0181799316406295e+02
   4.4100000000000001e+01   1.2550107421875000e+03
   4.5000000000000000e+01   4.7426212310791001e+01
   4.9899999999999999e+01   1.4993336486816401e+02
   5.0100000000000001e+01   1.8647917175293000e+02
   5.0200000000000003e+01   2.1900497436523398e+01
   5.0899999999999999e+01   2.8471731567382801e+02
   5.1000000000000000e+01   9.9825830078125000e+02
   5.1200000000000003e+01   3.3357414245605497e+01
   5.1899999999999999e+01   8.7563858032226605e+01
   5.2000000000000000e+01   3.2923223876953102e+02
   5.2899999999999999e+01   8.5475082397460895e+01
   5.3000000000000000e+01   2.9667407226562500e+02
   5.3100000000000001e+01   1.9577743530273401e+02
   5.3799999999999997e+01   1.4081704139709499e+01
   5.4000000000000000e+01   4.9155099487304699e+02
   5.4000000000000000e+01   1.4047183227539099e+02
   5.4200000000000003e+01   1.3207029342651399e+01
   5.4899999999999999e+01   4.4133132934570298e+01
   5.5000000000000000e+01   1.4853291015625000e+03
   5.5899999999999999e+01   1.8160911560058601e+01
   5.6000000000000000e+01   1.1536437988281300e+03
   5.6899999999999999e+01   6.4268714904785199e+01
   5.7000000000000000e+01   7.4603533935546898e+02
   5.7899999999999999e+01   3.0549365997314499e+01
   5.8000000000000000e+01   8.7221168518066406e+01
   5.8200000000000003e+01   9.5367536544799805e+00
   5.8799999999999997e+01   5.6274452209472699e+01
   6.0899999999999999e+01   1.0795434951782200e+01
   6.2000000000000000e+01   1.5166136169433599e+02
   6.3000000000000000e+01   6.7790588378906295e+02
   6.3799999999999997e+01   3.6480651855468800e+01
   6.3899999999999999e+01   1.8149432373046901e+02
   6.4099999999999994e+01   1.8820825195312500e+02
   6.4900000000000006e+01   4.7367717742919901e+01
   6.5000000000000000e+01   2.7474282226562500e+03
   6.5900000000000006e+01   2.9935958862304699e+02
   6.6000000000000000e+01   1.6684187316894500e+02
   6.7000000000000000e+01   1.1335257568359400e+03
   6.8000000000000000e+01   3.0451748657226602e+02
   6.8099999999999994e+01   1.7069687500000000e+03
   6.9000000000000000e+01   2.0097398437500000e+04
   7.0000000000000000e+01   3.0469106445312500e+03
   7.1000000000000000e+01   2.7970932006835898e+02
   7.2900000000000006e+01   3.7919685363769503e+01
   7.3799999999999997e+01   1.6270185470581101e+01
   7.4000000000000000e+01   8.7540763854980497e+01
   7.4799999999999997e+01   2.0374423980712901e+01
   7.5000000000000000e+01   1.0183235168457000e+02
   7.5099999999999994e+01   7.6779785156250000e+01
   7.5400000000000006e+01   1.1023356437683100e+01
   7.5900000000000006e+01   7.2135848999023395e+01
   7.6000000000000000e+01   2.0962518310546901e+02
   7.6099999999999994e+01   8.4342224121093807e+01
   7.7000000000000000e+01   8.1651586914062500e+03
   7.8000000000000000e+01   1.8796313476562500e+03
   7.8900000000000006e+01   6.2312232971191399e+01
   7.9000000000000000e+01   2.5908015136718800e+03
   7.9099999999999994e+01   8.1315284729003906e+01
   7.9900000000000006e+01   9.3915588378906307e+01
   8.0000000000000000e+01   4.1753576660156301e+02
   8.0099999999999994e+01   1.8115953063964801e+02
   8.0900000000000006e+01   1.0191319274902300e+02
   8.1099999999999994e+01   1.6238610839843801e+02
   8.2000000000000000e+01   7.5297912597656295e+02
   8.2099999999999994e+01   6.5764282226562500e+02
   8.2900000000000006e+01   4.3232788085937500e+01
   8.3000000000000000e+01   2.6169168090820301e+02
   8.4000000000000000e+01   2.3869087219238301e+02
   8.4099999999999994e+01   1.9935346984863301e+02
   8.4200000000000003e+01   1.9800949096679702e+01
   8.4900000000000006e+01   1.1150097846984901e+01
   8.5099999999999994e+01   1.0559832572936999e+01
   8.5200000000000003e+01   1.2362293243408200e+01
   8.7900000000000006e+01   1.0171737670898400e+01
   8.9000000000000000e+01   6.0635443115234398e+02
   8.9099999999999994e+01   1.2385123443603500e+02
   8.9900000000000006e+01   1.0772105407714800e+02
   9.0000000000000000e+01   4.2520880126953102e+02
   9.0099999999999994e+01   1.0014218902587901e+02
   9.1000000000000000e+01   1.1142977539062500e+04
   9.2000000000000000e+01   1.4323745727539099e+02
   9.2099999999999994e+01   1.3766231689453100e+03
   9.3000000000000000e+01   2.5219379882812500e+03
   9.4000000000000000e+01   1.1529475097656300e+03
   9.4099999999999994e+01   1.4146037292480500e+02
   9.4700000000000003e+01   4.0955116271972699e+01
   9.5000000000000000e+01   4.6111294555664102e+02
   9.5099999999999994e+01   3.8160165405273398e+02
   9.6099999999999994e+01   4.9459179687500000e+03
   9.6099999999999994e+01   5.8121392822265602e+02
   9.6900000000000006e+01   4.7321670532226598e+01
   9.7099999999999994e+01   6.6994451904296898e+02
   9.7200000000000003e+01   1.0740903472900401e+02
   9.7799999999999997e+01   1.0673645973205600e+01
   9.8000000000000000e+01   9.4927322387695298e+01
   9.8099999999999994e+01   3.0063732910156301e+02
   1.0100000000000000e+02   1.1440634727478001e+01
   1.0109999999999999e+02   1.3740740776061999e+01
   1.0190000000000001e+02   3.0665395736694300e+01
   1.0200000000000000e+02   1.3809187316894500e+02
   1.0209999999999999e+02   1.6998991394043000e+02
   1.0300000000000000e+02   2.7397507324218800e+03
   1.0400000000000000e+02   3.8973540039062500e+03
   1.0509999999999999e+02   9.1882412109375000e+03
   1.0600000000000000e+02   2.8256921386718801e+02
   1.0600000000000000e+02   1.2245568847656300e+03
   1.0700000000000000e+02   1.3944047546386699e+02
   1.0709999999999999e+02   2.2022649765014599e+01
   1.0780000000000000e+02   1.2468173027038601e+01
   1.0800000000000000e+02   3.6589851379394503e+01
   1.0800000000000000e+02   5.7733631134033203e+01
   1.0890000000000001e+02   3.6760272979736300e+01
   1.0990000000000001e+02   1.3671483993530300e+01
   1.1009999999999999e+02   1.0837018966674799e+01
   1.1100000000000000e+02   9.4903059005737305e+00
   1.1200000000000000e+02   3.0593650817871101e+01
   1.1490000000000001e+02   3.1536535644531301e+02
   1.1500000000000000e+02   1.9770004272460901e+02
   1.1580000000000000e+02   2.3578022003173800e+01
   1.1600000000000000e+02   2.1386695861816401e+02
   1.1609999999999999e+02   9.5545516967773395e+01
   1.1630000000000000e+02   1.6835603713989300e+01
   1.1650000000000000e+02   1.1032812118530300e+01
   1.1690000000000001e+02   1.2464816284179700e+02
   1.1700000000000000e+02   1.4299515380859400e+03
   1.1790000000000001e+02   5.6557914733886697e+01
   1.1800000000000000e+02   3.0142023925781300e+03
   1.1890000000000001e+02   3.2267562866210898e+02
   1.1900000000000000e+02   6.3885308837890602e+02
   1.1990000000000001e+02   1.3868432617187500e+02
   1.2000000000000000e+02   3.7122677612304699e+02
   1.2109999999999999e+02   1.0494421958923301e+01
   1.2700000000000000e+02   1.0507417678833001e+01
   1.2720000000000000e+02   3.5016365051269503e+01
   1.2780000000000000e+02   1.7784864425659201e+01
   1.2800000000000000e+02   1.0301936340332000e+02
   1.2819999999999999e+02   3.9286701202392599e+01
   1.2880000000000001e+02   2.3222194671630898e+01
   1.2900000000000000e+02   9.6766487121582003e+01
   1.2919999999999999e+02   8.4858360290527301e+01
   1.2990000000000001e+02   3.8881061553955099e+01
   1.3000000000000000e+02   4.1162690429687500e+03
   1.3090000000000001e+02   3.4701065063476598e+01
   1.3100000000000000e+02   2.2203347167968800e+03
   1.3209999999999999e+02   4.6346357421875000e+03
   1.3300000000000000e+02   2.7076565551757801e+02
   1.3309999999999999e+02   5.4379339599609398e+02
   1.3400000000000000e+02   2.0672177124023401e+02
   1.3409999999999999e+02   2.0160255432128901e+02
   1.3419999999999999e+02   1.0554358482360801e+01
   1.3680000000000001e+02   1.1925370216369600e+01
   1.3690000000000001e+02   6.8064254760742202e+01
   1.3890000000000001e+02   7.2245674133300795e+01
   1.3909999999999999e+02   8.6591644287109403e+01
   1.3919999999999999e+02   2.5252164840698200e+01
   1.4069999999999999e+02   1.6656509399414102e+01
   1.4100000000000000e+02   2.6607101440429702e+01
   1.4190000000000001e+02   1.0389561653137200e+01
   1.4209999999999999e+02   2.8047653198242202e+01
   1.4290000000000001e+02   1.4660350036621099e+02
   1.4309999999999999e+02   9.9719070434570298e+01
   1.4319999999999999e+02   3.2629188537597699e+01
   1.4400000000000000e+02   2.2817123413085901e+02
   1.4409999999999999e+02   8.6152148437500000e+02
   1.4490000000000001e+02   2.6915731430053700e+01
   1.4509999999999999e+02   2.1101989746093801e+02
   1.4519999999999999e+02   4.7704702758789102e+02
   1.4609999999999999e+02   1.5149777343750000e+04
   1.4690000000000001e+02   2.2545400619506800e+01
   1.4709999999999999e+02   1.7900701904296900e+03
   1.4790000000000001e+02   4.6755317687988303e+01
   1.4809999999999999e+02   2.0117308044433599e+02
   1.5490000000000001e+02   5.0420764923095703e+01
   1.5590000000000001e+02   1.0453417968750000e+02
   1.5609999999999999e+02   1.0446998596191401e+02
   1.5619999999999999e+02   2.6455514907836900e+01
   1.5690000000000001e+02   1.6740215301513700e+01
   1.5700000000000000e+02   4.7663230895996101e+01
   1.5709999999999999e+02   1.3062791442871099e+02
   1.5809999999999999e+02   1.4997010498046900e+03
   1.5890000000000001e+02   1.9378944396972699e+02
   1.5909999999999999e+02   5.8638781738281295e+02
   1.5990000000000001e+02   1.0770684242248500e+01
   1.6000000000000000e+02   6.3926379394531295e+02
   1.6009999999999999e+02   3.5106997680664102e+02
   1.6100000000000000e+02   2.6468582153320301e+02
   1.6109999999999999e+02   2.5824923706054699e+02
   1.6130000000000001e+02   1.3136274337768601e+01
   1.6190000000000001e+02   3.0491134643554702e+01
   1.6200000000000000e+02   1.2499134826660200e+02
   1.6219999999999999e+02   1.7654357910156300e+01
   1.6309999999999999e+02   2.2433233261108398e+01
   1.6809999999999999e+02   1.8987470626831101e+01
   1.6819999999999999e+02   1.0271242141723601e+01
   1.7000000000000000e+02   2.0149976730346701e+01
   1.7019999999999999e+02   3.5314636230468800e+01
   1.7100000000000000e+02   2.7061080932617202e+01
   1.7119999999999999e+02   1.3584578514099100e+01
   1.7180000000000001e+02   6.2395236968994098e+01
   1.7190000000000001e+02   6.8425140380859403e+01
   1.7209999999999999e+02   1.1039149475097700e+02
   1.7219999999999999e+02   1.7917493820190401e+01
   1.7280000000000001e+02   1.6106782913208001e+01
   1.7290000000000001e+02   9.0530845642089801e+01
   1.7309999999999999e+02   9.8555023193359403e+01
   1.7409999999999999e+02   3.4174407958984403e+01
   1.7509999999999999e+02   1.1286063194274901e+01
   1.8180000000000001e+02   1.6630968093872099e+01
   1.8200000000000000e+02   1.1463868141174300e+01
   1.8209999999999999e+02   3.7834255218505902e+01
   1.8309999999999999e+02   3.0919525146484400e+01
   1.8390000000000001e+02   5.1059349060058601e+01
   1.8409999999999999e+02   4.9910964965820301e+02
   1.8419999999999999e+02   8.7774002075195298e+01
   1.8480000000000001e+02   2.1275260925293001e+01
   1.8509999999999999e+02   3.7561761474609398e+02
   1.8519999999999999e+02   7.2037841796875000e+01
   1.8600000000000000e+02   3.1185787963867199e+02
   1.8609999999999999e+02   9.3465496826171898e+02
   1.8690000000000001e+02   1.8635925292968800e+01
   1.8709999999999999e+02   1.1398411865234400e+03
   1.8719999999999999e+02   6.1590385437011697e+01
   1.8800000000000000e+02   8.5977478027343807e+01
   1.8809999999999999e+02   1.7766624755859400e+03
   1.8909999999999999e+02   1.5753525390625000e+04
   1.8990000000000001e+02   2.0256471633911101e+01
   1.9009999999999999e+02   2.1059013671875000e+03
   1.9109999999999999e+02   8.7753303527832003e+01
   1.9130000000000001e+02   2.6209148406982401e+01
   1.9790000000000001e+02   1.5331533432006800e+01
   1.9809999999999999e+02   1.0621441841125501e+01
   2.0000000000000000e+02   5.7386890411377003e+01
   2.0019999999999999e+02   1.1801262855529799e+01
   2.1080000000000001e+02   3.9614440917968800e+01
   2.1100000000000000e+02   1.5409067153930700e+01
   2.1200000000000000e+02   2.8422645568847699e+01
   2.1259999999999999e+02   9.9397611618041992e+00
   2.1390000000000001e+02   3.3860054016113303e+01
   2.1409999999999999e+02   3.1355434570312500e+03
   2.1500000000000000e+02   1.3852960205078099e+02
   2.1509999999999999e+02   5.8152978515625000e+02
   2.1590000000000001e+02   1.0903268814086900e+01
   2.1609999999999999e+02   4.0970642089843800e+01
   2.1869999999999999e+02   1.0800335884094199e+01
   2.2800000000000000e+02   5.0681304931640597e+01
   2.2809999999999999e+02   4.2341979980468800e+01
   2.2830000000000001e+02   1.0376877784729000e+01
   2.2900000000000000e+02   6.5699226379394503e+01
   2.2930000000000001e+02   1.1561018943786600e+01
   2.3290000000000001e+02   2.2368551254272500e+01
   2.3700000000000000e+02   7.1817794799804702e+01
   2.5469999999999999e+02   2.2964895248413100e+01
   2.5490000000000001e+02   1.6550815582275401e+01
   2.5509999999999999e+02   1.0665235519409199e+01
   2.5519999999999999e+02   2.9632461547851602e+01
   2.5540000000000001e+02   2.8790897369384801e+01
   2.5559999999999999e+02   9.4448480606079102e+00
   2.5600000000000000e+02   3.2318897247314503e+01
   2.5619999999999999e+02   2.3060298156738301e+02
   2.5719999999999999e+02   3.4790660156250000e+04
   2.5819999999999999e+02   6.2534560546875000e+03
   2.5910000000000002e+02   3.2278417968750000e+02
   2.5919999999999999e+02   2.9819400024414102e+02
   2.7889999999999998e+02   1.2171977996826200e+01
   2.7910000000000002e+02   1.5523002624511699e+01
   2.7930000000000001e+02   9.5879678726196307e+00
   3.4610000000000002e+02   5.7656444549560497e+01
   3.4730000000000001e+02   2.8401893615722699e+01
