   4.0100000000000001e+01   9.5830337524414105e+01
   4.0200000000000003e+01   7.3745674133300795e+01
   4.1100000000000001e+01   5.2281357421875000e+03
   4.2100000000000001e+01   2.1807066406250000e+04
   4.3100000000000001e+01   3.1264248046875000e+03
   4.3100000000000001e+01   5.7423626708984398e+02
   4.4100000000000001e+01   1.4486387695312500e+04
   4.5100000000000001e+01   4.0384521484375000e+02
   5.0000000000000000e+01   3.6945462036132801e+02
   5.0100000000000001e+01   2.7136761474609398e+02
   5.1000000000000000e+01   2.9522747802734398e+02
   5.1000000000000000e+01   1.5687083740234400e+03
   5.1899999999999999e+01   2.6390640258789102e+02
   5.2000000000000000e+01   4.3671832275390602e+02
   5.2899999999999999e+01   5.7983654022216797e+01
   5.3100000000000001e+01   1.2962312011718800e+03
   5.4000000000000000e+01   2.0474235839843800e+03
   5.5000000000000000e+01   4.8646606445312500e+03
   5.6100000000000001e+01   4.3027333984375000e+03
   5.7100000000000001e+01   3.2031423828125000e+04
   5.7899999999999999e+01   1.4236784934997599e+01
   5.8000000000000000e+01   1.3905948486328100e+03
   5.9000000000000000e+01   3.1805929565429699e+02
   6.0899999999999999e+01   3.3695995330810497e+01
   6.1000000000000000e+01   5.2479682922363303e+01
   6.1799999999999997e+01   3.9377365112304702e+01
   6.1899999999999999e+01   9.8978683471679702e+01
   6.2000000000000000e+01   1.1755164337158200e+02
   6.2100000000000001e+01   7.3851493835449205e+01
   6.3000000000000000e+01   1.1122471923828100e+03
   6.3100000000000001e+01   3.7307015991210898e+02
   6.4000000000000000e+01   2.6327545166015602e+02
   6.4099999999999994e+01   2.2875924682617199e+02
   6.4200000000000003e+01   4.5696304321289098e+01
   6.5000000000000000e+01   6.6817324218750000e+03
   6.5799999999999997e+01   3.6314048767089801e+01
   6.6000000000000000e+01   5.9862207031250000e+02
   6.6099999999999994e+01   1.0475860595703099e+02
   6.7000000000000000e+01   1.6580644531250000e+03
   6.7099999999999994e+01   2.1782368164062500e+03
   6.8000000000000000e+01   2.8299340820312500e+03
   6.8099999999999994e+01   2.7078664550781300e+03
   6.9000000000000000e+01   5.6828720703125000e+03
   7.0099999999999994e+01   8.8100947265625000e+03
   7.1000000000000000e+01   3.5981506347656301e+02
   7.1099999999999994e+01   5.3550274658203102e+02
   7.1799999999999997e+01   9.5944795608520508e+00
   7.2000000000000000e+01   6.9266433715820298e+01
   7.2700000000000003e+01   1.3743636131286600e+01
   7.2900000000000006e+01   8.0015464782714801e+01
   7.3000000000000000e+01   5.0106399536132798e+01
   7.3799999999999997e+01   1.4753267288208001e+01
   7.4000000000000000e+01   2.2392851257324199e+02
   7.4099999999999994e+01   1.6949047851562500e+02
   7.5000000000000000e+01   3.4820644531250000e+03
   7.6000000000000000e+01   2.9446725463867199e+02
   7.6099999999999994e+01   5.4378472900390602e+02
   7.7000000000000000e+01   9.9902968750000000e+03
   7.8000000000000000e+01   3.6196645507812500e+03
   7.9000000000000000e+01   8.8146464843750000e+03
   7.9900000000000006e+01   1.2446204376220700e+02
   8.0000000000000000e+01   1.8397231445312500e+03
   8.0900000000000006e+01   7.8816070556640598e+00
   8.1000000000000000e+01   1.1952519531250000e+03
   8.2000000000000000e+01   4.8788393554687500e+03
   8.3000000000000000e+01   2.9896062011718800e+03
   8.3900000000000006e+01   8.8796890258789105e+01
   8.4099999999999994e+01   1.8680844726562500e+03
   8.4900000000000006e+01   3.9020156860351598e+01
   8.5000000000000000e+01   2.6654302978515602e+02
   8.5200000000000003e+01   1.1436087608337401e+01
   8.5799999999999997e+01   1.8479623794555700e+01
   8.6000000000000000e+01   1.6585128784179699e+02
   8.6099999999999994e+01   1.7337663650512699e+01
   8.6900000000000006e+01   3.3824302673339801e+01
   8.7000000000000000e+01   1.3892992973327599e+01
   8.7200000000000003e+01   2.2063959121704102e+01
   8.7900000000000006e+01   6.4818038940429702e+01
   8.8099999999999994e+01   8.0104431152343807e+01
   8.9000000000000000e+01   9.1752709960937500e+02
   8.9099999999999994e+01   1.0313594970703100e+03
   9.0000000000000000e+01   3.4149847412109398e+02
   9.0099999999999994e+01   7.7567010498046898e+02
   9.1000000000000000e+01   2.8796175781250000e+04
   9.2000000000000000e+01   2.7627268066406300e+03
   9.2900000000000006e+01   1.7694821166992199e+02
   9.3000000000000000e+01   4.1306359863281301e+02
   9.3200000000000003e+01   4.3624279022216797e+01
   9.4000000000000000e+01   5.8909051513671898e+02
   9.4099999999999994e+01   2.5753105468750000e+03
   9.5000000000000000e+01   1.7519691406250000e+04
   9.6099999999999994e+01   2.1016826171875000e+04
   9.7099999999999994e+01   3.4056274414062500e+03
   9.7900000000000006e+01   4.4362968444824197e+01
   9.8000000000000000e+01   4.9223919677734398e+02
   9.8099999999999994e+01   3.0390029907226602e+02
   9.8900000000000006e+01   1.5133920669555700e+01
   9.9000000000000000e+01   5.4524337768554702e+01
   9.9799999999999997e+01   9.8612098693847692e+00
   1.0000000000000000e+02   8.3331832885742202e+01
   1.0080000000000000e+02   2.6745643615722699e+01
   1.0090000000000001e+02   1.1875489807128901e+02
   1.0100000000000000e+02   2.4209729003906301e+02
   1.0120000000000000e+02   6.3315490722656300e+01
   1.0190000000000001e+02   1.3142469406127899e+01
   1.0200000000000000e+02   2.7820962524414102e+02
   1.0209999999999999e+02   8.0644653320312500e+02
   1.0300000000000000e+02   8.8923095703125000e+03
   1.0409999999999999e+02   4.9322348632812500e+03
   1.0500000000000000e+02   2.9562539062500000e+04
   1.0600000000000000e+02   2.8196169433593800e+03
   1.0700000000000000e+02   4.7997665405273398e+02
   1.0709999999999999e+02   1.2453488159179700e+02
   1.0790000000000001e+02   3.5395074462890602e+02
   1.0800000000000000e+02   4.7372940063476602e+02
   1.0900000000000000e+02   5.9353110351562500e+03
   1.1000000000000000e+02   2.0893745117187500e+03
   1.1100000000000000e+02   5.6297661132812500e+03
   1.1190000000000001e+02   2.3058362960815401e+01
   1.1200000000000000e+02   1.5599909667968800e+03
   1.1290000000000001e+02   1.6810205459594702e+01
   1.1300000000000000e+02   6.0147457122802699e+01
   1.1309999999999999e+02   7.8202537536621094e+01
   1.1390000000000001e+02   3.3625617980957003e+01
   1.1500000000000000e+02   9.9348663330078102e+02
   1.1570000000000000e+02   1.0179147720336900e+01
   1.1600000000000000e+02   4.6078506469726602e+02
   1.1609999999999999e+02   4.3232002258300803e+01
   1.1700000000000000e+02   1.8627102050781300e+03
   1.1790000000000001e+02   7.1725822448730497e+01
   1.1800000000000000e+02   4.2785467529296898e+02
   1.1809999999999999e+02   1.4039839172363301e+02
   1.1890000000000001e+02   7.2307342529296903e+01
   1.1909999999999999e+02   1.2146379089355500e+02
   1.1980000000000000e+02   8.0063476562500000e+01
   1.2000000000000000e+02   1.1119155883789099e+02
   1.2030000000000000e+02   1.6609329223632798e+01
   1.2090000000000001e+02   1.2963450622558599e+02
   1.2100000000000000e+02   1.1651350097656300e+03
   1.2109999999999999e+02   7.3744659423828097e+01
   1.2200000000000000e+02   1.1379474609375000e+04
   1.2300000000000000e+02   4.2499517822265602e+02
   1.2300000000000000e+02   3.1989492187500000e+03
   1.2400000000000000e+02   2.8823098754882801e+02
   1.2409999999999999e+02   3.0726884765625000e+03
   1.2490000000000001e+02   2.4395179748535199e+02
   1.2509999999999999e+02   7.9786308288574205e+01
   1.2700000000000000e+02   3.5495784759521499e+01
   1.2709999999999999e+02   9.6681159973144503e+01
   1.2790000000000001e+02   2.1636613845825199e+01
   1.2800000000000000e+02   4.2779129028320301e+02
   1.2890000000000001e+02   2.1472323608398401e+02
   1.2900000000000000e+02   2.4246919250488301e+02
   1.2909999999999999e+02   5.8738494873046903e+01
   1.3000000000000000e+02   3.5313579101562500e+03
   1.3090000000000001e+02   1.2255276489257800e+02
   1.3100000000000000e+02   9.9269384765625000e+02
   1.3200000000000000e+02   1.7948424072265600e+03
   1.3290000000000001e+02   1.8603320312500000e+02
   1.3300000000000000e+02   3.7707962036132801e+02
   1.3309999999999999e+02   2.1216436767578099e+02
   1.3400000000000000e+02   6.1037933349609403e+01
   1.3409999999999999e+02   1.5459136962890600e+03
   1.3500000000000000e+02   4.0668518066406300e+03
   1.3600000000000000e+02   1.1369474609375000e+04
   1.3700000000000000e+02   4.0299904785156300e+03
   1.3709999999999999e+02   1.5922084045410199e+02
   1.3790000000000001e+02   7.7749450683593807e+01
   1.3800000000000000e+02   1.3355632324218800e+03
   1.3819999999999999e+02   7.9603668212890597e+01
   1.3890000000000001e+02   5.1674598693847699e+01
   1.3909999999999999e+02   1.7605031738281300e+03
   1.4000000000000000e+02   7.8353996276855497e+01
   1.4019999999999999e+02   7.7475860595703097e+01
   1.4080000000000001e+02   1.4872586250305201e+01
   1.4090000000000001e+02   1.0145263671875000e+02
   1.4109999999999999e+02   8.6723777770996094e+01
   1.4180000000000001e+02   1.1008253097534199e+01
   1.4200000000000000e+02   3.7004207611083999e+01
   1.4290000000000001e+02   3.4143150329589801e+01
   1.4300000000000000e+02   1.5089448547363301e+02
   1.4309999999999999e+02   8.6250656127929702e+01
   1.4319999999999999e+02   4.2661186218261697e+01
   1.4390000000000001e+02   8.0514022827148395e+01
   1.4400000000000000e+02   9.0440075683593795e+02
   1.4419999999999999e+02   5.9519752502441399e+01
   1.4490000000000001e+02   1.8251142883300801e+02
   1.4509999999999999e+02   1.3182905578613301e+02
   1.4509999999999999e+02   2.9060197830200199e+01
   1.4609999999999999e+02   1.5926164550781300e+03
   1.4690000000000001e+02   2.5939626693725600e+01
   1.4700000000000000e+02   2.0826898193359401e+02
   1.4719999999999999e+02   2.3427339172363301e+02
   1.4809999999999999e+02   1.2036830078125000e+04
   1.4890000000000001e+02   1.1175192260742200e+02
   1.4900000000000000e+02   8.7450605468750000e+03
   1.5009999999999999e+02   1.7688693359375000e+04
   1.5100000000000000e+02   2.2004609375000000e+03
   1.5109999999999999e+02   6.4419274902343795e+02
   1.5190000000000001e+02   1.6090017318725600e+01
   1.5209999999999999e+02   4.3957525634765602e+02
   1.5280000000000001e+02   1.2703663825988800e+01
   1.5300000000000000e+02   8.4640045166015597e+01
   1.5390000000000001e+02   3.2938606262207003e+01
   1.5400000000000000e+02   2.5644632339477500e+01
   1.5480000000000001e+02   1.0975212097168001e+01
   1.5500000000000000e+02   9.1625556945800795e+01
   1.5600000000000000e+02   1.2276385498046901e+02
   1.5609999999999999e+02   2.2836608886718801e+02
   1.5700000000000000e+02   1.0309803009033200e+02
   1.5709999999999999e+02   4.8131462097167997e+01
   1.5790000000000001e+02   1.5616923522949199e+02
   1.5809999999999999e+02   4.5026623535156301e+02
   1.5819999999999999e+02   5.2532032012939503e+01
   1.5890000000000001e+02   9.1797851562500000e+01
   1.5900000000000000e+02   8.8433151245117202e+01
   1.5909999999999999e+02   1.2080824279785200e+02
   1.6009999999999999e+02   7.7010534667968795e+02
   1.6009999999999999e+02   1.9193553466796900e+03
   1.6090000000000001e+02   3.7667861938476598e+01
   1.6100000000000000e+02   7.5232049560546898e+02
   1.6200000000000000e+02   1.4457038879394500e+02
   1.6209999999999999e+02   1.7833649902343800e+03
   1.6300000000000000e+02   1.4088977050781300e+03
   1.6309999999999999e+02   8.0400225830078102e+02
   1.6409999999999999e+02   7.5874281250000000e+04
   1.6509999999999999e+02   9.0415273437500000e+03
   1.6600000000000000e+02   8.0967643737792997e+01
   1.6609999999999999e+02   1.0459697265625000e+03
   1.6700000000000000e+02   3.1403186035156301e+02
   1.6709999999999999e+02   2.8105761718750000e+02
   1.6800000000000000e+02   3.0703179931640602e+02
   1.6809999999999999e+02   5.3464434814453102e+02
   1.6890000000000001e+02   3.2165748596191399e+01
   1.6900000000000000e+02   3.6537395477294901e+01
   1.6990000000000001e+02   1.1625489044189500e+02
   1.7009999999999999e+02   4.4848667144775398e+01
   1.7100000000000000e+02   2.1099113464355501e+01
   1.7190000000000001e+02   3.7974273681640597e+01
   1.7200000000000000e+02   2.3979957580566399e+01
   1.7219999999999999e+02   6.6307250976562500e+01
   1.7309999999999999e+02   2.4543769836425799e+01
   1.7390000000000001e+02   7.1995323181152301e+01
   1.7400000000000000e+02   1.1253752136230500e+02
   1.7409999999999999e+02   5.1844326019287102e+01
   1.7419999999999999e+02   1.8090591430664102e+01
   1.7480000000000001e+02   1.7463027954101602e+01
   1.7500000000000000e+02   1.3818603515625000e+02
   1.7500000000000000e+02   1.5079760742187500e+02
   1.7519999999999999e+02   2.6024957656860401e+01
   1.7609999999999999e+02   4.7872963867187500e+03
   1.7690000000000001e+02   1.3419200134277301e+02
   1.7709999999999999e+02   1.9415614013671900e+03
   1.7790000000000001e+02   1.8122970581054702e+01
   1.7800000000000000e+02   9.5800854492187500e+02
   1.7809999999999999e+02   1.1939405059814500e+02
   1.7890000000000001e+02   3.4237174987792997e+01
   1.7900000000000000e+02   2.2633770751953099e+02
   1.8200000000000000e+02   4.0637580871582003e+01
   1.8209999999999999e+02   3.4559078216552699e+01
   1.8300000000000000e+02   2.9410606384277301e+01
   1.8319999999999999e+02   2.9391159057617202e+01
   1.8400000000000000e+02   6.2061968994140602e+02
   1.8409999999999999e+02   7.1033734130859398e+02
   1.8500000000000000e+02   2.2955882263183599e+02
   1.8509999999999999e+02   6.2049633789062500e+02
   1.8609999999999999e+02   1.1842136230468800e+03
   1.8609999999999999e+02   2.6895144042968800e+03
   1.8700000000000000e+02   4.2539822387695301e+02
   1.8719999999999999e+02   5.7971875000000000e+02
   1.8809999999999999e+02   3.8678179931640602e+02
   1.8809999999999999e+02   2.7844924316406300e+03
   1.8900000000000000e+02   8.1957427978515597e+01
   1.8909999999999999e+02   1.2386252441406300e+03
   1.9000000000000000e+02   8.0692230224609403e+01
   1.9009999999999999e+02   3.9751654052734398e+02
   1.9080000000000001e+02   1.0034760475158700e+01
   1.9100000000000000e+02   1.5401739501953099e+02
   1.9100000000000000e+02   5.2286999511718795e+02
   1.9109999999999999e+02   1.3006680297851599e+02
   1.9180000000000001e+02   1.3485014915466300e+01
   1.9200000000000000e+02   1.4888236999511699e+02
   1.9209999999999999e+02   6.1177864074707003e+01
   1.9290000000000001e+02   3.4476894378662102e+01
   1.9309999999999999e+02   1.9451217651367202e+01
   1.9669999999999999e+02   1.0575878143310501e+01
   1.9880000000000001e+02   1.0354192733764600e+01
   1.9900000000000000e+02   1.1651008605956999e+01
   2.0100000000000000e+02   1.0221771240234400e+01
   2.0200000000000000e+02   5.5822826385497997e+01
   2.0209999999999999e+02   1.1565380096435501e+01
   2.0300000000000000e+02   6.9334121704101605e+01
   2.0319999999999999e+02   5.6182704925537102e+01
   2.0369999999999999e+02   2.0247190475463899e+01
   2.0400000000000000e+02   9.7915809631347699e+01
   2.0409999999999999e+02   4.4383045196533203e+01
   2.0509999999999999e+02   2.1738178710937500e+03
   2.0519999999999999e+02   5.2526123046875000e+02
   2.0609999999999999e+02   3.3468325195312500e+03
   2.0709999999999999e+02   3.8179136718750000e+04
   2.0809999999999999e+02   5.4503486328125000e+03
   2.0900000000000000e+02   1.3677119445800801e+02
   2.0909999999999999e+02   2.6991162109375000e+02
   2.1100000000000000e+02   1.0948664855957000e+02
   2.1109999999999999e+02   4.0761833190917997e+01
   2.1400000000000000e+02   4.3418384552002003e+01
   2.1409999999999999e+02   3.8491386413574197e+01
   2.1490000000000001e+02   1.0877300262451200e+02
   2.1500000000000000e+02   3.7733444213867202e+01
   2.1600000000000000e+02   6.8522537231445298e+01
   2.1609999999999999e+02   4.2086189270019503e+01
   2.1630000000000001e+02   1.0040000915527299e+01
   2.1680000000000001e+02   2.2055927276611300e+01
   2.1700000000000000e+02   2.4902141571044901e+01
   2.1790000000000001e+02   3.5876636505127003e+01
   2.1809999999999999e+02   1.6021353149414099e+02
   2.1840000000000001e+02   1.3250758171081500e+01
   2.1900000000000000e+02   7.5362480163574205e+01
   2.1900000000000000e+02   1.8783633422851599e+02
   2.2009999999999999e+02   1.7393890625000000e+04
   2.2109999999999999e+02   2.0712905273437500e+03
   2.2109999999999999e+02   4.9583251953125000e+02
   2.2190000000000001e+02   3.3969730377197301e+01
   2.2200000000000000e+02   2.1982437133789099e+02
   2.2230000000000001e+02   2.0427536010742202e+01
   2.2909999999999999e+02   2.5040401458740199e+01
   2.3090000000000001e+02   9.5258836746215803e+00
   2.3100000000000000e+02   4.9501724243164098e+01
   2.3119999999999999e+02   4.9006759643554702e+01
   2.3209999999999999e+02   2.1365005493164102e+01
   2.3290000000000001e+02   1.2346115875244099e+02
   2.3300000000000000e+02   8.5319900512695301e-01
   2.3319999999999999e+02   1.0002955436706500e+01
   2.3400000000000000e+02   6.8911010742187500e+02
   2.3419999999999999e+02   3.9141629028320301e+02
   2.3490000000000001e+02   2.1506841659545898e+01
   2.3500000000000000e+02   5.7439601898193402e+01
   2.3509999999999999e+02   5.3139411926269503e+01
   2.3700000000000000e+02   6.3913162231445298e+01
   2.3800000000000000e+02   1.0305836677551300e+01
   2.4380000000000001e+02   1.1628860473632800e+01
   2.4390000000000001e+02   2.0716972351074201e+01
   2.4409999999999999e+02   2.9563079833984400e+01
   2.4490000000000001e+02   6.1004043579101598e+01
   2.4509999999999999e+02   4.9973140716552699e+01
   2.4709999999999999e+02   3.9021064758300803e+01
   2.5710000000000002e+02   1.3964573974609400e+03
   2.5800000000000000e+02   1.5693237304687500e+02
   2.5819999999999999e+02   1.1819471740722700e+02
   2.5839999999999998e+02   1.0553249359130900e+01
   2.5880000000000001e+02   2.3903409957885700e+01
   2.5910000000000002e+02   1.0290311813354499e+01
   2.5969999999999999e+02   1.1087769508361800e+01
   2.6080000000000001e+02   1.8476963043212901e+01
   2.6100000000000000e+02   1.5787278747558599e+02
   2.6119999999999999e+02   9.8990097045898395e+01
   2.6200000000000000e+02   3.3859752655029297e+01
   2.6210000000000002e+02   5.6269635009765602e+02
   2.6319999999999999e+02   1.3692789062500000e+05
   2.6419999999999999e+02   2.3392103515625000e+04
   2.6510000000000002e+02   2.0936936035156300e+03
   2.6589999999999998e+02   1.8619075775146499e+01
   2.6610000000000002e+02   7.7053260803222699e+01
   2.6619999999999999e+02   7.0563194274902301e+01
   2.6630000000000001e+02   1.0921825408935501e+01
   2.6900000000000000e+02   9.9484710693359393e+00
   2.8480000000000001e+02   1.2607784271240201e+01
   2.9710000000000002e+02   2.5025761413574199e+02
   2.9719999999999999e+02   9.1051116943359403e+01
   2.9810000000000002e+02   2.5817895889282202e+01
   3.2510000000000002e+02   3.2987083435058601e+01
   3.5210000000000002e+02   1.0357292175293000e+02
   3.5219999999999999e+02   1.0996523284912099e+02
   3.5230000000000001e+02   6.9610183715820298e+01
   3.5300000000000000e+02   1.0018562316894499e+01
   3.5330000000000001e+02   1.3210096359252899e+01
   3.5350000000000000e+02   1.3195054054260300e+01
   3.5410000000000002e+02   1.0238287925720201e+01
