   4.0000000000000000e+01   2.1094381332397500e+01
   4.1000000000000000e+01   8.2711535644531295e+02
   4.2000000000000000e+01   4.4528437500000000e+03
   4.2899999999999999e+01   2.7362588500976602e+02
   4.3000000000000000e+01   5.0776708984375000e+02
   4.3200000000000003e+01   1.1737901687622101e+01
   4.4000000000000000e+01   3.5271173095703102e+02
   4.4100000000000001e+01   8.9560043334960895e+01
   4.4899999999999999e+01   8.5036331176757798e+01
   4.5000000000000000e+01   9.0209912109375000e+02
   4.5100000000000001e+01   2.8225023269653299e+01
   4.9799999999999997e+01   3.2993202209472699e+01
   4.9899999999999999e+01   1.6102575683593801e+02
   5.0100000000000001e+01   6.1697055816650398e+01
   5.0899999999999999e+01   6.5029708862304702e+01
   5.1000000000000000e+01   7.3901806640625000e+02
   5.1899999999999999e+01   8.0606834411621094e+01
   5.2000000000000000e+01   9.3111564636230497e+01
   5.2100000000000001e+01   4.3643505096435497e+01
   5.2899999999999999e+01   2.2289524078369102e+01
   5.3000000000000000e+01   8.2243212890625000e+02
   5.3100000000000001e+01   1.9928164672851599e+02
   5.4000000000000000e+01   4.0223785400390602e+02
   5.4100000000000001e+01   2.4100868225097699e+02
   5.4899999999999999e+01   6.0523357391357401e+01
   5.5000000000000000e+01   1.6475134277343800e+03
   5.5899999999999999e+01   4.4708858489990199e+01
   5.6000000000000000e+01   2.2190656738281300e+03
   5.7000000000000000e+01   9.1265419921875000e+03
   5.7899999999999999e+01   8.1304969787597699e+01
   5.8100000000000001e+01   3.2258181762695301e+02
   5.9000000000000000e+01   3.5420468750000000e+03
   5.9899999999999999e+01   4.6431667327880902e+01
   6.0000000000000000e+01   5.9605346679687500e+01
   6.1899999999999999e+01   1.6435436248779300e+01
   6.2100000000000001e+01   1.4920662879943800e+01
   6.2899999999999999e+01   7.5578422546386705e+01
   6.3000000000000000e+01   9.6584312438964801e+01
   6.3100000000000001e+01   2.6826614379882798e+01
   6.3799999999999997e+01   5.4440158843994098e+01
   6.4000000000000000e+01   1.5733451843261699e+02
   6.4099999999999994e+01   6.4351272583007798e+01
   6.4900000000000006e+01   3.3324832153320301e+02
   6.5000000000000000e+01   4.5065264892578102e+02
   6.6000000000000000e+01   2.7503750610351602e+02
   6.6099999999999994e+01   4.9992404937744098e+01
   6.6799999999999997e+01   2.5894239425659201e+01
   6.7000000000000000e+01   3.6197378540039102e+02
   6.7099999999999994e+01   1.0602153778076200e+02
   6.7799999999999997e+01   1.1891637802124000e+01
   6.7900000000000006e+01   4.1727687835693402e+01
   6.8000000000000000e+01   4.1011468505859398e+02
   6.8099999999999994e+01   2.4636369705200199e+01
   6.8900000000000006e+01   2.8296691894531301e+02
   6.9000000000000000e+01   1.5418428039550801e+02
   6.9799999999999997e+01   1.4003738403320300e+01
   7.0000000000000000e+01   7.6709942626953102e+02
   7.0900000000000006e+01   1.3033792114257801e+02
   7.1099999999999994e+01   8.0253440856933594e+01
   7.2000000000000000e+01   2.0858735656738301e+02
   7.2099999999999994e+01   7.5393180847167997e+01
   7.2799999999999997e+01   1.1916810989379901e+01
   7.2900000000000006e+01   4.1436367034912102e+01
   7.3099999999999994e+01   2.1613071441650401e+01
   7.3900000000000006e+01   6.3068386077880902e+01
   7.4000000000000000e+01   1.2161126708984401e+02
   7.4900000000000006e+01   8.0827392578125000e+01
   7.5000000000000000e+01   6.4461219787597699e+01
   7.5099999999999994e+01   2.0772012710571300e+01
   7.6000000000000000e+01   1.6756433105468801e+02
   7.6099999999999994e+01   1.2828538513183599e+02
   7.7000000000000000e+01   5.1274208984375000e+03
   7.7799999999999997e+01   7.2643451690673801e+00
   7.8000000000000000e+01   7.7673193359375000e+02
   7.8099999999999994e+01   8.4805709838867202e+01
   7.8900000000000006e+01   3.0637266159057599e+01
   7.9000000000000000e+01   3.6740557861328102e+02
   7.9200000000000003e+01   4.8906951904296903e+01
   7.9900000000000006e+01   1.4139932250976599e+02
   8.0000000000000000e+01   1.1164613037109400e+03
   8.0799999999999997e+01   3.3607749938964801e+01
   8.1000000000000000e+01   1.5071812744140600e+03
   8.1099999999999994e+01   2.0464035034179702e+01
   8.2000000000000000e+01   8.7617791748046898e+02
   8.2099999999999994e+01   6.4664550781250000e+02
   8.3000000000000000e+01   9.7436386108398395e+01
   8.3099999999999994e+01   1.7133778381347699e+02
   8.3200000000000003e+01   2.9213693618774400e+01
   8.3799999999999997e+01   2.3781082153320298e+01
   8.4000000000000000e+01   9.1251324462890602e+02
   8.4099999999999994e+01   3.0064987182617199e+02
   8.4200000000000003e+01   3.6882011413574197e+01
   8.4799999999999997e+01   3.7334194183349602e+01
   8.5000000000000000e+01   1.0937175750732401e+02
   8.5099999999999994e+01   2.4016059875488301e+02
   8.6099999999999994e+01   8.7722694396972699e+01
   8.6799999999999997e+01   3.4905174255371101e+01
   8.7000000000000000e+01   1.0930688476562500e+03
   8.7700000000000003e+01   2.1183813095092798e+01
   8.7900000000000006e+01   7.6343147277832003e+01
   8.8099999999999994e+01   1.3860563659668000e+02
   8.8799999999999997e+01   1.2250929832458500e+01
   8.9000000000000000e+01   8.0270019531250000e+01
   8.9900000000000006e+01   4.9764247894287102e+01
   9.0000000000000000e+01   5.9472343444824197e+01
   9.0099999999999994e+01   6.7424858093261705e+01
   9.0900000000000006e+01   1.2467491149902300e+02
   9.1000000000000000e+01   1.3867635498046900e+03
   9.1799999999999997e+01   2.4397171020507798e+01
   9.2000000000000000e+01   4.3000259399414102e+02
   9.2200000000000003e+01   5.1208126068115199e+01
   9.3000000000000000e+01   2.8424201660156300e+03
   9.4000000000000000e+01   1.8756177978515600e+03
   9.4099999999999994e+01   1.5991040039062500e+02
   9.4799999999999997e+01   9.4710044860839801e+01
   9.5099999999999994e+01   4.6018872070312500e+02
   9.6000000000000000e+01   2.7475793457031300e+03
   9.7000000000000000e+01   2.1558361816406301e+02
   9.7099999999999994e+01   1.6852792358398401e+02
   9.7900000000000006e+01   8.4897521972656307e+01
   9.8099999999999994e+01   1.6113605499267599e+01
   9.8799999999999997e+01   2.6594894409179702e+01
   9.8900000000000006e+01   1.8009708404541001e+01
   9.9000000000000000e+01   2.6289081573486300e+01
   1.0000000000000000e+02   7.2175109863281295e+02
   1.0109999999999999e+02   4.7319438934326200e+01
   1.0180000000000000e+02   1.4918426513671900e+01
   1.0190000000000001e+02   3.1454193115234400e+01
   1.0209999999999999e+02   2.1991458892822301e+01
   1.0290000000000001e+02   2.1090408325195301e+02
   1.0300000000000000e+02   2.7878143310546898e+02
   1.0390000000000001e+02   7.1838790893554702e+01
   1.0400000000000000e+02   7.9031683349609398e+02
   1.0480000000000000e+02   3.6250556945800803e+01
   1.0500000000000000e+02   5.7610168457031295e+02
   1.0590000000000001e+02   6.9699745178222699e+01
   1.0600000000000000e+02   8.2976190185546898e+02
   1.0690000000000001e+02   1.2513936614990200e+02
   1.0709999999999999e+02   1.3429356575012200e+01
   1.0790000000000001e+02   1.5903817749023401e+02
   1.0809999999999999e+02   6.1367626953125000e+02
   1.0880000000000000e+02   5.1037773132324197e+01
   1.0900000000000000e+02   2.2497813415527301e+02
   1.0920000000000000e+02   7.2150375366210895e+01
   1.0990000000000001e+02   3.0016925048828102e+02
   1.1000000000000000e+02   2.7461566162109398e+02
   1.1009999999999999e+02   7.7696594238281307e+01
   1.1090000000000001e+02   1.9293319702148398e+01
   1.1100000000000000e+02   9.2644515991210895e+01
   1.1109999999999999e+02   3.6141902923583999e+01
   1.1190000000000001e+02   1.3764900207519499e+01
   1.1200000000000000e+02   1.2543068695068401e+02
   1.1209999999999999e+02   9.7283554077148395e+01
   1.1300000000000000e+02   2.6851557617187500e+03
   1.1380000000000000e+02   3.0657197952270501e+01
   1.1400000000000000e+02   8.3095910644531295e+02
   1.1490000000000001e+02   1.5069247245788601e+01
   1.1500000000000000e+02   2.2240620422363301e+02
   1.1509999999999999e+02   3.3378063201904297e+01
   1.1600000000000000e+02   9.4513671875000000e+02
   1.1609999999999999e+02   1.1509344482421900e+03
   1.1700000000000000e+02   2.0870910644531300e+03
   1.1709999999999999e+02   5.6731525421142599e+01
   1.1800000000000000e+02   2.8406955566406300e+03
   1.1820000000000000e+02   5.3263648986816399e+01
   1.1890000000000001e+02   3.5635265350341797e+01
   1.1900000000000000e+02   7.8929058837890602e+02
   1.1920000000000000e+02   2.4013231277465799e+01
   1.1990000000000001e+02   2.7986343383789102e+02
   1.2000000000000000e+02   2.0676344299316401e+02
   1.2180000000000000e+02   3.3149517059326200e+01
   1.2200000000000000e+02   5.3538166046142599e+01
   1.2209999999999999e+02   8.6910888671875000e+01
   1.2290000000000001e+02   1.5072464942932100e+01
   1.2309999999999999e+02   1.3883446693420399e+01
   1.2390000000000001e+02   8.0277404785156307e+01
   1.2409999999999999e+02   1.3496282958984401e+02
   1.2480000000000000e+02   1.1554471015930201e+01
   1.2490000000000001e+02   6.7016716003417997e+01
   1.2509999999999999e+02   1.5106569290161101e+01
   1.2600000000000000e+02   3.7077688598632801e+02
   1.2600000000000000e+02   1.6623556518554699e+02
   1.2620000000000000e+02   1.0927434921264600e+01
   1.2680000000000000e+02   1.3534837722778301e+01
   1.2700000000000000e+02   5.1761821746826200e+01
   1.2709999999999999e+02   7.7885276794433594e+01
   1.2770000000000000e+02   4.2886440277099602e+01
   1.2790000000000001e+02   3.2936267852783203e+01
   1.2800000000000000e+02   4.0239230346679699e+02
   1.2880000000000001e+02   2.5283573150634801e+01
   1.2900000000000000e+02   3.6817756652832003e+01
   1.2909999999999999e+02   1.9153642272949199e+02
   1.3000000000000000e+02   3.6942424316406300e+03
   1.3100000000000000e+02   9.2866442871093795e+02
   1.3190000000000001e+02   1.6025219726562500e+02
   1.3209999999999999e+02   1.1191182861328100e+03
   1.3290000000000001e+02   6.0574649810791001e+01
   1.3300000000000000e+02   2.0151242065429699e+02
   1.3380000000000001e+02   1.2905100822448700e+01
   1.3400000000000000e+02   5.8198024749755902e+01
   1.3500000000000000e+02   1.2073587417602500e+01
   1.3600000000000000e+02   2.0310118103027301e+02
   1.3609999999999999e+02   2.4962560653686499e+01
   1.3690000000000001e+02   4.6750915527343800e+01
   1.3700000000000000e+02   1.3062107849121099e+02
   1.3780000000000001e+02   1.1046044349670399e+01
   1.3800000000000000e+02   4.8564627075195301e+02
   1.3890000000000001e+02   3.3145370483398402e+01
   1.3909999999999999e+02   1.8107861328125000e+02
   1.4009999999999999e+02   6.1598203125000000e+03
   1.4080000000000001e+02   4.1013847351074197e+01
   1.4100000000000000e+02   6.0452313232421898e+02
   1.4109999999999999e+02   1.7502221679687500e+02
   1.4119999999999999e+02   2.0382017135620099e+01
   1.4200000000000000e+02   6.7868476867675795e+01
   1.4209999999999999e+02   4.9471821289062500e+03
   1.4309999999999999e+02   2.9544648437500000e+03
   1.4390000000000001e+02   4.5048309326171903e+01
   1.4400000000000000e+02   1.6177939453125000e+03
   1.4490000000000001e+02   8.3969902038574205e+01
   1.4509999999999999e+02   2.8049844360351602e+02
   1.4590000000000001e+02   1.9730508422851599e+02
   1.4609999999999999e+02   1.9568172607421900e+03
   1.4680000000000001e+02   3.2598022460937500e+01
   1.4709999999999999e+02   2.4984304809570301e+02
   1.4800000000000000e+02   7.4218078613281307e+01
   1.4819999999999999e+02   7.2672660827636705e+01
   1.4880000000000001e+02   1.7839931488037099e+01
   1.4900000000000000e+02   2.9748397827148398e+02
   1.4909999999999999e+02   1.0779689788818401e+02
   1.5000000000000000e+02   1.4489781188964801e+02
   1.5009999999999999e+02   4.4198455810546898e+02
   1.5080000000000001e+02   1.2450076103210399e+01
   1.5100000000000000e+02   4.3777351379394503e+01
   1.5119999999999999e+02   1.1847592353820801e+01
   1.5180000000000001e+02   1.6837938308715799e+01
   1.5190000000000001e+02   1.2794829559326200e+02
   1.5200000000000000e+02   6.6743444824218795e+02
   1.5300000000000000e+02   3.0454531860351602e+02
   1.5309999999999999e+02   2.5879455566406301e+02
   1.5409999999999999e+02   3.4484765625000000e+03
   1.5500000000000000e+02   7.6717871093750000e+02
   1.5600000000000000e+02   4.5357958984375000e+02
   1.5609999999999999e+02   1.7476820373535199e+02
   1.5619999999999999e+02   1.9883287429809599e+01
   1.5690000000000001e+02   1.2831289672851599e+02
   1.5700000000000000e+02   1.3074327087402301e+02
   1.5709999999999999e+02   6.4974044799804702e+01
   1.5790000000000001e+02   3.4014308929443402e+01
   1.5800000000000000e+02   1.2200211181640600e+03
   1.5890000000000001e+02   1.7622734069824199e+02
   1.5900000000000000e+02   4.7571524047851602e+02
   1.5980000000000001e+02   2.5426422119140600e+01
   1.6000000000000000e+02   1.2981848716735801e+01
   1.6009999999999999e+02   2.9191366195678700e+01
   1.6200000000000000e+02   9.1815803527832003e+01
   1.6309999999999999e+02   2.3473131179809599e+01
   1.6390000000000001e+02   8.0727119445800795e+01
   1.6409999999999999e+02   1.7368755340576200e+01
   1.6469999999999999e+02   1.1414464950561500e+01
   1.6490000000000001e+02   3.2114330291747997e+01
   1.6500000000000000e+02   1.2289031982421900e+01
   1.6580000000000001e+02   1.7552097320556602e+01
   1.6600000000000000e+02   1.7741081237793000e+02
   1.6609999999999999e+02   7.6478656005859398e+02
   1.6690000000000001e+02   3.1302076339721701e+01
   1.6700000000000000e+02   2.7096664428710898e+02
   1.6719999999999999e+02   1.1299144744873000e+02
   1.6809999999999999e+02   2.6608128906250000e+04
   1.6909999999999999e+02   3.0135183105468800e+03
   1.6990000000000001e+02   7.0999526977539105e+01
   1.7009999999999999e+02   2.8685980224609398e+02
   1.7090000000000001e+02   1.1835959625244099e+02
   1.7109999999999999e+02   1.0982521057128901e+02
   1.7190000000000001e+02   5.3205486297607401e+01
   1.7200000000000000e+02   6.4220092773437500e+01
   1.7300000000000000e+02   1.4294743347168000e+02
   1.7309999999999999e+02   1.6344418334960901e+02
   1.7380000000000001e+02   1.4199521064758301e+01
   1.7400000000000000e+02   4.5415832519531300e+01
   1.7409999999999999e+02   8.1526664733886705e+01
   1.7490000000000001e+02   1.3780924797058100e+01
   1.7590000000000001e+02   1.7058068847656301e+02
   1.7700000000000000e+02   1.9041543579101599e+02
   1.7709999999999999e+02   1.0823548889160200e+02
   1.7790000000000001e+02   1.4311628723144500e+02
   1.7809999999999999e+02   5.1799432373046898e+02
   1.7819999999999999e+02   2.0481939315795898e+01
   1.7880000000000001e+02   1.2155768394470201e+01
   1.7900000000000000e+02   3.7791690826416001e+01
   1.7990000000000001e+02   1.8874954223632798e+01
   1.8009999999999999e+02   3.8868354797363303e+01
   1.8300000000000000e+02   4.6894802093505902e+01
   1.8319999999999999e+02   2.1705900192260700e+01
   1.8400000000000000e+02   5.3122768402099602e+01
   1.8469999999999999e+02   1.4119265556335399e+01
   1.8490000000000001e+02   4.3615039825439503e+01
   1.8509999999999999e+02   1.2754558563232401e+02
   1.8590000000000001e+02   6.7485282897949205e+01
   1.8609999999999999e+02   2.9248919677734398e+02
   1.8709999999999999e+02   2.8681306152343800e+03
   1.8780000000000001e+02   1.1351099014282200e+01
   1.8800000000000000e+02   2.7822482299804699e+02
   1.8809999999999999e+02   2.3697045898437500e+02
   1.8890000000000001e+02   9.4418785095214801e+01
   1.8909999999999999e+02   1.3312553405761699e+02
   1.8980000000000001e+02   2.3375080108642599e+01
   1.9000000000000000e+02   2.9311798095703102e+02
   1.9090000000000001e+02   2.2090164184570298e+01
   1.9100000000000000e+02   4.2024738311767599e+01
   1.9109999999999999e+02   3.3128749847412102e+01
   1.9200000000000000e+02   4.0559520721435497e+01
   1.9300000000000000e+02   1.1575028419494600e+01
   1.9390000000000001e+02   1.2366551399231000e+01
   1.9400000000000000e+02   5.9941074371337898e+01
   1.9409999999999999e+02   1.9218034744262699e+01
   1.9500000000000000e+02   2.1389212036132801e+02
   1.9509999999999999e+02   4.0024196624755902e+01
   1.9590000000000001e+02   6.0948913574218800e+01
   1.9609999999999999e+02   1.1798950195312500e+02
   1.9630000000000001e+02   1.2246673583984400e+01
   1.9690000000000001e+02   5.3659336090087898e+01
   1.9709999999999999e+02   2.0754853820800801e+02
   1.9800000000000000e+02   6.8626266479492202e+01
   1.9819999999999999e+02   3.6524410247802699e+01
   1.9890000000000001e+02   1.4223366737365700e+01
   1.9900000000000000e+02   1.0194002532959000e+02
   1.9990000000000001e+02   1.9082822799682599e+01
   2.0000000000000000e+02   8.6652175903320298e+01
   2.0080000000000001e+02   1.2191737174987800e+01
   2.0100000000000000e+02   6.9337791442871094e+01
   2.0119999999999999e+02   7.0324546813964801e+01
   2.0180000000000001e+02   2.1550857543945298e+01
   2.0200000000000000e+02   9.6729553222656307e+01
   2.0209999999999999e+02   6.9405212402343795e+02
   2.0309999999999999e+02   1.0335128021240200e+02
   2.0390000000000001e+02   6.2458946228027301e+01
   2.0409999999999999e+02   1.2202088356018100e+01
   2.0700000000000000e+02   3.0697996139526399e+01
   2.1000000000000000e+02   1.1074817657470700e+02
   2.1009999999999999e+02   1.6882170104980500e+02
   2.1080000000000001e+02   2.7048442840576200e+01
   2.1100000000000000e+02   1.4202239990234401e+02
   2.1119999999999999e+02   1.2716266632080099e+01
   2.1209999999999999e+02   1.3625120117187500e+04
   2.1309999999999999e+02   1.7090676269531300e+03
   2.1390000000000001e+02   4.5831867218017599e+01
   2.1409999999999999e+02   1.8346957397460901e+02
   2.1500000000000000e+02   3.8259982299804699e+02
   2.1569999999999999e+02   1.1275983810424799e+01
   2.1600000000000000e+02   8.6828971862792997e+01
   2.1619999999999999e+02   1.1324617385864300e+01
   2.1700000000000000e+02   6.6988479614257798e+01
   2.1780000000000001e+02   2.4839542388916001e+01
   2.1800000000000000e+02   5.0553779602050803e+01
   2.1880000000000001e+02   1.5450660705566399e+01
   2.1890000000000001e+02   5.0253704071044901e+01
   2.1909999999999999e+02   3.8098529815673800e+01
   2.2390000000000001e+02   3.7613994598388700e+01
   2.2409999999999999e+02   3.4729389190673800e+01
   2.2480000000000001e+02   3.7098335266113303e+01
   2.2500000000000000e+02   1.1244241714477500e+01
   2.2519999999999999e+02   1.4517402648925801e+01
   2.2609999999999999e+02   3.4547248535156300e+03
   2.2709999999999999e+02   1.4088268554687500e+04
   2.2809999999999999e+02   3.0969948730468800e+03
   2.2890000000000001e+02   4.1445522308349602e+01
   2.2909999999999999e+02   3.9645697021484398e+02
   2.3000000000000000e+02   1.3116510391235400e+01
   2.3100000000000000e+02   2.5173601150512699e+01
   2.3109999999999999e+02   9.0812126159667997e+01
   2.3280000000000001e+02   7.1612095832824698e+00
   2.3290000000000001e+02   7.1471321105957003e+01
   2.3400000000000000e+02   2.2974317550659201e+01
   2.3419999999999999e+02   1.1008896827697800e+01
   2.3690000000000001e+02   3.7730289459228501e+01
   2.3700000000000000e+02   5.0038932800292997e+01
   2.3900000000000000e+02   1.3588722229003899e+01
   2.4300000000000000e+02   4.9514572143554699e+02
   2.4319999999999999e+02   2.6684060668945301e+02
   2.4400000000000000e+02   3.8248596191406300e+01
   2.4409999999999999e+02   1.3225859069824199e+02
   2.4490000000000001e+02   4.6658489227294901e+01
   2.4519999999999999e+02   1.3129034996032701e+01
   2.4590000000000001e+02   4.5187660217285199e+01
   2.4609999999999999e+02   4.8243103027343800e+01
   2.4619999999999999e+02   2.8806118011474599e+01
   2.4700000000000000e+02   1.9029684448242199e+02
   2.4709999999999999e+02   2.2641152954101599e+02
   2.4730000000000001e+02   2.8398983001708999e+01
   2.4790000000000001e+02   1.2932823181152299e+01
   2.4809999999999999e+02   3.5248630523681598e+01
   2.4819999999999999e+02   3.8405124664306598e+01
   2.5700000000000000e+02   2.6427425384521499e+01
   2.5910000000000002e+02   7.8214288330078102e+02
   2.5919999999999999e+02   1.7766244888305700e+01
   2.6000000000000000e+02   4.6346923828125000e+01
   2.6010000000000002e+02   1.5912460327148401e+02
   2.6100000000000000e+02   1.6358472824096701e+01
   2.6110000000000002e+02   5.8539312744140602e+02
   2.6119999999999999e+02   2.6058931350708001e+01
   2.6210000000000002e+02   6.0970573425292997e+01
   2.6900000000000000e+02   2.1953500747680700e+01
   2.6910000000000002e+02   3.6214454650878899e+01
   2.7100000000000000e+02   4.9607402801513700e+01
   2.7110000000000002e+02   1.8904327392578100e+01
   2.7200000000000000e+02   2.4698226928710898e+01
   2.7210000000000002e+02   1.4094573974609400e+01
   2.7219999999999999e+02   1.7493169784545898e+01
   2.7289999999999998e+02   1.3914297103881800e+01
   2.7400000000000000e+02   1.0939134216308599e+02
   2.7419999999999999e+02   7.3359642028808594e+01
   2.7500000000000000e+02   2.7419218063354499e+01
   2.7510000000000002e+02   1.5774673461914099e+02
   2.7519999999999999e+02   3.1941998291015602e+02
   2.7619999999999999e+02   3.4127704620361300e+01
   2.8489999999999998e+02   1.2543998718261699e+01
   2.8510000000000002e+02   3.5538394927978501e+01
   2.8900000000000000e+02   1.1519040107727101e+01
   2.9089999999999998e+02   3.3514595031738303e+01
   2.9119999999999999e+02   4.1473896026611300e+01
   2.9300000000000000e+02   9.0906257629394496e+00
   3.0319999999999999e+02   6.4607280273437500e+03
   3.0400000000000000e+02   2.6981597900390600e+01
   3.0410000000000002e+02   8.8032751464843795e+02
   3.0419999999999999e+02   3.5859103393554699e+02
   3.0500000000000000e+02   1.8666650772094702e+01
   3.0510000000000002e+02   1.1696174621582000e+02
   3.1700000000000000e+02   5.1650154113769503e+01
   3.1719999999999999e+02   3.1955404663085898e+02
   3.1800000000000000e+02   3.0774841308593800e+01
   3.1819999999999999e+02   1.5317473411560099e+01
   3.1910000000000002e+02   2.4807614135742199e+02
   3.1919999999999999e+02   9.8392205810546898e+02
   3.2000000000000000e+02   1.9485021591186499e+01
   3.2019999999999999e+02   1.7709863281250000e+02
   3.4400000000000000e+02   1.1584683418273899e+01
   3.4500000000000000e+02   1.8778308868408200e+01
   3.4519999999999999e+02   4.9190174102783203e+01
   3.4539999999999998e+02   2.4434452056884801e+01
   3.7600000000000000e+02   1.1578873634338400e+01
   3.7610000000000002e+02   3.0380395889282202e+01
