   4.0100000000000001e+01   1.5049569702148401e+02
   4.0200000000000003e+01   7.6756820678710895e+01
   4.1100000000000001e+01   5.6985512695312500e+03
   4.2100000000000001e+01   2.5886873046875000e+04
   4.3100000000000001e+01   3.4502250976562500e+03
   4.4100000000000001e+01   9.4433818359375000e+03
   4.5000000000000000e+01   1.6168682861328100e+03
   4.6000000000000000e+01   2.4412364196777301e+02
   4.6100000000000001e+01   4.9086218261718801e+02
   4.7100000000000001e+01   3.2960483551025398e+01
   4.8899999999999999e+01   4.0451335906982401e+01
   4.9100000000000001e+01   5.2798049926757798e+01
   4.9899999999999999e+01   2.5040117263793899e+01
   5.0000000000000000e+01   1.0961092529296900e+03
   5.0899999999999999e+01   1.5946857452392599e+01
   5.1000000000000000e+01   8.6312268066406295e+02
   5.1899999999999999e+01   1.5510110473632801e+02
   5.2000000000000000e+01   1.7879888916015599e+02
   5.2100000000000001e+01   6.0368331909179702e+01
   5.3000000000000000e+01   2.4121669921875000e+03
   5.3899999999999999e+01   1.0616336059570300e+02
   5.4000000000000000e+01   2.0672829589843800e+03
   5.5000000000000000e+01   5.9507661132812500e+03
   5.6100000000000001e+01   1.3740529296875000e+04
   5.7000000000000000e+01   3.1813869628906300e+03
   5.8100000000000001e+01   2.7551714843750000e+04
   5.9000000000000000e+01   1.2688284912109400e+03
   5.9899999999999999e+01   5.5047512054443402e+01
   6.0000000000000000e+01   4.0157211303710902e+01
   6.0899999999999999e+01   1.8452336120605500e+02
   6.1000000000000000e+01   1.6637469482421901e+02
   6.1100000000000001e+01   2.2197143554687500e+01
   6.1899999999999999e+01   2.1054666137695301e+02
   6.2899999999999999e+01   4.2338073730468801e+02
   6.3000000000000000e+01   9.5793952941894503e+01
   6.3899999999999999e+01   1.3480778694152800e+01
   6.4000000000000000e+01   4.7168369293212898e+01
   6.4900000000000006e+01   1.3250625610351599e+02
   6.5000000000000000e+01   6.3300268554687500e+02
   6.5900000000000006e+01   5.5562126159667997e+01
   6.6000000000000000e+01   8.6976684570312500e+02
   6.7000000000000000e+01   5.4326727294921898e+02
   6.7099999999999994e+01   2.4968942871093800e+03
   6.8000000000000000e+01   8.4793925781250000e+03
   6.9099999999999994e+01   2.9797495117187500e+03
   7.0099999999999994e+01   1.5844622070312500e+04
   7.1099999999999994e+01   3.9238882812500000e+04
   7.2099999999999994e+01   3.6592150878906300e+03
   7.2900000000000006e+01   7.1693473815917997e+01
   7.3000000000000000e+01   1.1892530517578100e+03
   7.4000000000000000e+01   6.4017792968750000e+03
   7.5000000000000000e+01   1.0002034179687500e+04
   7.5900000000000006e+01   3.1920148849487301e+01
   7.6000000000000000e+01   8.3274273681640602e+02
   7.7000000000000000e+01   2.1501599121093800e+03
   7.7900000000000006e+01   1.3052998352050801e+02
   7.8000000000000000e+01   2.6415240478515602e+02
   7.8200000000000003e+01   1.2416663360595700e+02
   7.8900000000000006e+01   3.1896888732910199e+01
   7.9000000000000000e+01   5.7045400390625000e+03
   7.9900000000000006e+01   4.8003582000732401e+01
   8.0000000000000000e+01   1.9156882324218800e+03
   8.1000000000000000e+01   5.4043940429687500e+03
   8.2099999999999994e+01   1.3392498046875000e+04
   8.3000000000000000e+01   1.0731442260742200e+02
   8.3099999999999994e+01   7.9617963867187500e+03
   8.4099999999999994e+01   1.8191714062500000e+05
   8.5099999999999994e+01   1.4735348632812500e+04
   8.5900000000000006e+01   2.9290982055664102e+02
   8.6000000000000000e+01   1.1503988037109400e+03
   8.6799999999999997e+01   8.9599662780761705e+01
   8.7000000000000000e+01   6.5695715332031295e+02
   8.8000000000000000e+01   2.9983741760253899e+01
   8.8099999999999994e+01   3.0877101898193398e+01
   8.8900000000000006e+01   1.2567971801757800e+02
   8.9000000000000000e+01   1.3739822387695301e+02
   8.9099999999999994e+01   2.1956266403198200e+01
   9.0000000000000000e+01   1.1156905364990200e+02
   9.0700000000000003e+01   1.2121916770935099e+01
   9.0799999999999997e+01   3.1922645568847699e+01
   9.0900000000000006e+01   9.7238372802734403e+01
   9.1000000000000000e+01   2.0786697387695301e+02
   9.2000000000000000e+01   9.3578407287597699e+01
   9.3000000000000000e+01   2.2818589782714801e+02
   9.3099999999999994e+01   3.1860614013671898e+02
   9.3900000000000006e+01   7.8365180969238295e+01
   9.4099999999999994e+01   3.6439624023437500e+03
   9.4900000000000006e+01   6.5649078369140597e+01
   9.5000000000000000e+01   2.4199975585937500e+03
   9.6099999999999994e+01   6.1767397460937500e+03
   9.7099999999999994e+01   8.0404052734375000e+03
   9.8099999999999994e+01   1.2796066406250000e+04
   9.9099999999999994e+01   3.1778247070312500e+03
   9.9799999999999997e+01   1.7789009094238299e+01
   1.0000000000000000e+02   5.5782336425781295e+02
   1.0100000000000000e+02   2.2247834777832000e+02
   1.0180000000000000e+02   4.3202388763427699e+01
   1.0190000000000001e+02   9.9317802429199205e+01
   1.0209999999999999e+02   6.5888725280761705e+01
   1.0300000000000000e+02   5.0662942504882801e+02
   1.0309999999999999e+02   1.0365270996093800e+02
   1.0380000000000000e+02   4.0451072692871101e+01
   1.0400000000000000e+02   6.7280540466308594e+01
   1.0500000000000000e+02   2.4276720046997099e+01
   1.0509999999999999e+02   8.5438789367675795e+01
   1.0580000000000000e+02   6.3173152923583999e+01
   1.0600000000000000e+02   1.3999490356445301e+02
   1.0620000000000000e+02   1.1929831504821800e+01
   1.0670000000000000e+02   2.4347827911376999e+01
   1.0680000000000000e+02   3.0357675552368200e+01
   1.0690000000000001e+02   2.0172073364257801e+02
   1.0709999999999999e+02   1.6517578125000000e+02
   1.0720000000000000e+02   1.3522806167602500e+01
   1.0800000000000000e+02   2.6818295898437500e+03
   1.0900000000000000e+02   1.9354898437500000e+04
   1.1000000000000000e+02   3.2214892578125000e+04
   1.1100000000000000e+02   1.0548680664062500e+04
   1.1209999999999999e+02   1.0526529296875000e+04
   1.1290000000000001e+02   2.0915538787841800e+01
   1.1300000000000000e+02   1.6470399169921900e+03
   1.1320000000000000e+02   2.1359586715698200e+01
   1.1400000000000000e+02   4.9449501037597699e+01
   1.1409999999999999e+02   3.0170193481445301e+02
   1.1480000000000000e+02   2.9458402633666999e+01
   1.1490000000000001e+02   1.3252777099609401e+02
   1.1500000000000000e+02   5.7855751037597699e+01
   1.1580000000000000e+02   8.9584640502929702e+01
   1.1600000000000000e+02   1.2650668334960901e+02
   1.1690000000000001e+02   1.3139550209045399e+01
   1.1700000000000000e+02   1.0015185546875000e+02
   1.1720000000000000e+02   2.9882211685180700e+01
   1.1790000000000001e+02   4.8375419616699197e+01
   1.1800000000000000e+02   1.4792598724365201e+01
   1.1880000000000000e+02   8.0837577819824205e+01
   1.1890000000000001e+02   2.1834312438964801e+02
   1.1900000000000000e+02   9.2742965698242202e+01
   1.1970000000000000e+02   3.4368850708007798e+01
   1.1990000000000001e+02   1.6507899475097699e+02
   1.2000000000000000e+02   8.4064071655273395e+01
   1.2080000000000000e+02   2.2639088439941401e+02
   1.2100000000000000e+02   1.3516950988769500e+02
   1.2190000000000001e+02   6.1293457031250000e+01
   1.2209999999999999e+02   1.2005485839843800e+03
   1.2220000000000000e+02   8.4731727600097699e+01
   1.2280000000000000e+02   3.5551052093505902e+01
   1.2300000000000000e+02   9.8261337280273395e+01
   1.2309999999999999e+02   1.3585161132812500e+03
   1.2409999999999999e+02   3.0545017578125000e+04
   1.2509999999999999e+02   8.9724046875000000e+04
   1.2609999999999999e+02   9.5395722656250000e+03
   1.2700000000000000e+02   1.7781246948242199e+02
   1.2709999999999999e+02   4.7726330566406301e+02
   1.2780000000000000e+02   3.3101436614990199e+01
   1.2809999999999999e+02   2.8522146224975600e+01
   1.2819999999999999e+02   4.1988967895507798e+01
   1.2900000000000000e+02   3.9638042449951200e+01
   1.2980000000000001e+02   1.2962421417236300e+01
   1.3000000000000000e+02   3.0127662658691399e+01
   1.3080000000000001e+02   1.2887294769287100e+01
   1.3100000000000000e+02   4.1523849487304702e+01
   1.3200000000000000e+02   3.2978233337402301e+01
   1.3300000000000000e+02   4.9948795318603501e+01
   1.3380000000000001e+02   1.6885461807251001e+01
   1.3480000000000001e+02   3.4736965179443402e+01
   1.3500000000000000e+02   8.0580795288085895e+01
   1.3580000000000001e+02   1.5244571685791000e+01
   1.3600000000000000e+02   1.2534125518798800e+02
   1.3609999999999999e+02   1.0250504302978500e+02
   1.3700000000000000e+02   1.9116744995117201e+00
   1.3709999999999999e+02   3.8070816040039102e+02
   1.3800000000000000e+02   2.4542746582031300e+03
   1.3900000000000000e+02   2.1448195800781300e+03
   1.4000000000000000e+02   9.6376684570312500e+02
   1.4009999999999999e+02   7.8525558471679702e+01
   1.4080000000000001e+02   4.6627014160156300e+01
   1.4090000000000001e+02   3.7202755737304699e+02
   1.4100000000000000e+02   2.1272305297851599e+02
   1.4190000000000001e+02   5.8801460266113303e+01
   1.4209999999999999e+02   7.9284149169921903e+01
   1.4269999999999999e+02   1.2927418708801300e+01
   1.4280000000000001e+02   1.9550495147705099e+01
   1.4309999999999999e+02   3.6338981628417997e+01
   1.4359999999999999e+02   3.1220552444458001e+01
   1.4400000000000000e+02   6.1791589355468795e+02
   1.4409999999999999e+02   7.2023370361328102e+02
   1.4500000000000000e+02   4.7063082031250000e+04
   1.4600000000000000e+02   4.2749560546875000e+03
   1.4690000000000001e+02   3.0052240234375000e+04
   1.4780000000000001e+02   3.6372291564941399e+01
   1.4790000000000001e+02   2.5669299316406300e+03
   1.4890000000000001e+02   4.9154614257812500e+03
   1.4909999999999999e+02   8.6560981750488295e+01
   1.4990000000000001e+02   4.5840930175781301e+02
   1.5000000000000000e+02   6.6007766723632798e+01
   1.5069999999999999e+02   1.3742174148559601e+01
   1.5090000000000001e+02   6.7177368164062500e+01
   1.5100000000000000e+02   1.8314192199707000e+02
   1.5109999999999999e+02   1.4622636413574199e+02
   1.5190000000000001e+02   9.0654129028320298e+01
   1.5209999999999999e+02   1.6881430053710901e+02
   1.5219999999999999e+02   1.3211309432983400e+01
   1.5300000000000000e+02   3.9378433227539102e+02
   1.5309999999999999e+02   1.0474160156250000e+03
   1.5380000000000001e+02   1.5011332511901900e+01
   1.5390000000000001e+02   1.9151657104492202e+01
   1.5409999999999999e+02   3.8203070068359398e+02
   1.5430000000000001e+02   3.9999752044677699e+01
   1.5500000000000000e+02   1.1331597900390599e+02
   1.5509999999999999e+02   4.3201215820312500e+03
   1.5519999999999999e+02   9.6255874633789105e+01
   1.5600000000000000e+02   1.3510488891601599e+02
   1.5609999999999999e+02   4.7102899169921898e+02
   1.5700000000000000e+02   5.4878925323486300e+01
   1.5700000000000000e+02   4.9767234802246101e+01
   1.5800000000000000e+02   3.5828670501708999e+01
   1.5819999999999999e+02   4.3499454498291001e+01
   1.5890000000000001e+02   5.3846801757812500e+02
   1.5909999999999999e+02   1.3342300415039099e+02
   1.5969999999999999e+02   4.6946037292480497e+01
   1.5990000000000001e+02   5.6718769073486300e+01
   1.6019999999999999e+02   1.2222509384155300e+01
   1.6080000000000001e+02   1.4736419677734400e+01
   1.6090000000000001e+02   3.9604299926757801e+02
   1.6109999999999999e+02   8.5250473022460895e+01
   1.6180000000000001e+02   6.2895690917968800e+01
   1.6200000000000000e+02   3.9498771667480497e+01
   1.6280000000000001e+02   3.5172439575195298e+01
   1.6290000000000001e+02   3.0591854095458999e+01
   1.6300000000000000e+02   3.5604011535644503e+01
   1.6390000000000001e+02   1.5554877281189000e+01
   1.6400000000000000e+02   1.1794718933105500e+02
   1.6480000000000001e+02   1.4048013687133800e+01
   1.6500000000000000e+02   8.1557510375976605e+01
   1.6509999999999999e+02   4.0414768218994098e+01
   1.6590000000000001e+02   9.8462814331054702e+01
   1.6619999999999999e+02   1.2066344261169400e+01
   1.6680000000000001e+02   8.1318962097167997e+01
   1.6700000000000000e+02   3.0879949951171898e+02
   1.6709999999999999e+02   7.1416130065917997e+01
   1.6780000000000001e+02   4.8987514495849602e+01
   1.6800000000000000e+02   1.0676127624511700e+02
   1.6819999999999999e+02   2.5215087890625000e+01
   1.6909999999999999e+02   6.1613024902343795e+02
   1.6919999999999999e+02   3.9518060302734398e+02
   1.6980000000000001e+02   3.5757816314697301e+01
   1.6990000000000001e+02   3.5338035583496101e+01
   1.7009999999999999e+02   3.1464984893798800e+01
   1.7019999999999999e+02   6.5843788146972699e+01
   1.7080000000000001e+02   1.5930972290039099e+02
   1.7100000000000000e+02   3.9262371826171898e+02
   1.7169999999999999e+02   3.9506149291992202e+01
   1.7209999999999999e+02   8.9871649169921898e+02
   1.7290000000000001e+02   4.1231554687500000e+04
   1.7390000000000001e+02   3.5753354492187500e+03
   1.7490000000000001e+02   2.6857607421875000e+04
   1.7590000000000001e+02   9.5158801269531295e+02
   1.7590000000000001e+02   1.0778958740234400e+03
   1.7690000000000001e+02   4.3413481445312500e+03
   1.7790000000000001e+02   3.1345758056640602e+02
   1.7800000000000000e+02   1.0713162231445300e+02
   1.7890000000000001e+02   4.9400550842285199e+01
   1.7909999999999999e+02   3.0985050201416001e+01
   1.7990000000000001e+02   8.8459060668945298e+01
   1.8000000000000000e+02   7.0859329223632798e+01
   1.8090000000000001e+02   1.0560077667236300e+02
   1.8180000000000001e+02   5.8563617706298800e+01
   1.8200000000000000e+02   2.3525331497192401e+01
   1.8209999999999999e+02   4.9503585815429702e+01
   1.8309999999999999e+02   5.5103515625000000e+01
   1.8409999999999999e+02   9.9934844970703097e+01
   1.8469999999999999e+02   1.9206804275512699e+01
   1.8490000000000001e+02   9.1882774353027301e+01
   1.8590000000000001e+02   1.6546961669921900e+03
   1.8609999999999999e+02   1.9023326873779300e+01
   1.8669999999999999e+02   1.3531180381774901e+01
   1.8690000000000001e+02   1.4347026062011699e+02
   1.8700000000000000e+02   2.2468353271484401e+02
   1.8790000000000001e+02   4.3003140258789102e+02
   1.8800000000000000e+02   6.5909936523437500e+02
   1.8890000000000001e+02   1.9481517028808599e+02
   1.8900000000000000e+02   2.1487863540649400e+01
   1.8990000000000001e+02   1.4406887817382801e+02
   1.9000000000000000e+02   1.1068917846679700e+02
   1.9080000000000001e+02   1.4494846343994100e+01
   1.9100000000000000e+02   5.5864688873291001e+01
   1.9290000000000001e+02   6.8166954040527301e+01
   1.9390000000000001e+02   5.7270328521728501e+01
   1.9400000000000000e+02   3.4984909057617202e+01
   1.9490000000000001e+02   8.1050422668457003e+01
   1.9590000000000001e+02   1.2424826622009300e+01
   1.9700000000000000e+02   1.3280623435974100e+01
   1.9790000000000001e+02   2.4589700698852500e+01
   1.9909999999999999e+02   1.1839110374450700e+01
   1.9990000000000001e+02   2.8213378906250000e+01
   2.0000000000000000e+02   7.8065795898437500e+01
   2.0069999999999999e+02   1.3105366706848100e+01
   2.0109999999999999e+02   5.3315334320068402e+01
   2.0190000000000001e+02   1.6123901367187500e+02
   2.0200000000000000e+02   2.8644354248046898e+02
   2.0209999999999999e+02   2.3100515365600600e+01
   2.0280000000000001e+02   1.0360018157959000e+02
   2.0300000000000000e+02   1.5037709045410199e+02
   2.0390000000000001e+02   3.6543476104736300e+01
   2.0400000000000000e+02   4.5527941894531301e+02
   2.0400000000000000e+02   3.6913363647460898e+02
   2.0480000000000001e+02   1.6302114486694300e+01
   2.0500000000000000e+02   1.1529505920410200e+02
   2.0509999999999999e+02   4.2988185882568402e+01
   2.0580000000000001e+02   3.1246295928955099e+01
   2.0590000000000001e+02   8.6109497070312500e+01
   2.0600000000000000e+02   3.7074768066406301e+02
   2.0609999999999999e+02   1.4643912315368700e+01
   2.0690000000000001e+02   1.5497222900390600e+01
   2.0700000000000000e+02   8.0774665832519503e+01
   2.0780000000000001e+02   1.2379392623901399e+01
   2.0800000000000000e+02   7.4043876647949205e+01
   2.1080000000000001e+02   2.2526218414306602e+01
   2.1090000000000001e+02   4.6312118530273402e+01
   2.1180000000000001e+02   1.6115230560302699e+01
   2.1200000000000000e+02   8.2840896606445298e+01
   2.1290000000000001e+02   1.5797845840454100e+01
   2.1300000000000000e+02   1.3390961647033700e+01
   2.1380000000000001e+02   5.5850284576416001e+01
   2.1390000000000001e+02   3.3161297607421898e+02
   2.1409999999999999e+02   4.2019462585449197e+01
   2.1480000000000001e+02   1.7612096786498999e+01
   2.1490000000000001e+02   3.5872723388671898e+02
   2.1590000000000001e+02   1.0439508056640600e+03
   2.1600000000000000e+02   4.9529769897460902e+01
   2.1680000000000001e+02   2.5035518646240199e+01
   2.1690000000000001e+02   1.7815014648437500e+02
   2.1700000000000000e+02   9.9576156616210895e+01
   2.1719999999999999e+02   2.9250888824462901e+01
   2.1790000000000001e+02   3.2531823730468801e+02
   2.1800000000000000e+02   3.2481753540039102e+02
   2.1890000000000001e+02   1.5559030151367199e+02
   2.1900000000000000e+02   6.8747932434082003e+01
   2.1990000000000001e+02   1.3180494689941401e+02
   2.2009999999999999e+02   1.9797170639038100e+01
   2.2209999999999999e+02   1.1889082908630400e+01
   2.2390000000000001e+02   1.3551513671875000e+01
   2.2500000000000000e+02   3.2862487792968800e+01
   2.2580000000000001e+02   1.7894483566284201e+01
   2.2600000000000000e+02   7.5258499145507798e+01
   2.2680000000000001e+02   2.8374586105346701e+01
   2.2700000000000000e+02   9.5387855529785199e+01
   2.2769999999999999e+02   3.1323585510253899e+01
   2.2800000000000000e+02   3.2983010864257801e+02
   2.2809999999999999e+02   1.3843214416503901e+02
   2.2869999999999999e+02   2.1028900146484400e+01
   2.2890000000000001e+02   1.2424339294433599e+02
   2.2900000000000000e+02   1.9867492675781300e+01
   2.2980000000000001e+02   5.0316329956054702e+01
   2.2990000000000001e+02   1.8025680541992199e+02
   2.3000000000000000e+02   1.2070790100097700e+02
   2.3009999999999999e+02   6.6373641967773395e+01
   2.3080000000000001e+02   2.3025699615478501e+01
   2.3109999999999999e+02   5.2213157653808601e+01
   2.3169999999999999e+02   1.6371536254882798e+01
   2.3200000000000000e+02   6.1060359954833999e+01
   2.3219999999999999e+02   2.0090864181518601e+01
   2.3300000000000000e+02   7.9409233093261705e+01
   2.3400000000000000e+02   1.5241785049438500e+01
   2.3680000000000001e+02   1.7093345642089801e+01
   2.3709999999999999e+02   2.4220596313476602e+01
   2.3800000000000000e+02   1.3176317214965801e+01
   2.3880000000000001e+02   2.0774570465087901e+01
   2.3900000000000000e+02   4.5277236938476598e+01
   2.3980000000000001e+02   2.8398691177368200e+01
   2.4000000000000000e+02   1.4692469787597699e+02
   2.4080000000000001e+02   1.1857519531250000e+02
   2.4100000000000000e+02   1.0038701629638700e+02
   2.4119999999999999e+02   1.4487260818481399e+01
   2.4190000000000001e+02   2.0761764526367199e+02
   2.4209999999999999e+02   5.8249061584472699e+01
   2.4290000000000001e+02   1.1946304321289100e+01
   2.4300000000000000e+02   3.2770553588867202e+01
   2.4390000000000001e+02   5.2788459777832003e+01
   2.4400000000000000e+02   1.4087385559082000e+02
   2.4490000000000001e+02   1.5880162239074700e+01
   2.4580000000000001e+02   1.3238817214965801e+01
   2.4600000000000000e+02   2.8769632339477500e+01
   2.4700000000000000e+02   1.5458408355712900e+01
   2.4809999999999999e+02   1.2337810516357401e+01
   2.5209999999999999e+02   2.5628129959106399e+01
   2.5380000000000001e+02   3.2561603546142599e+01
   2.5390000000000001e+02   1.8467385864257801e+02
   2.5409999999999999e+02   1.0678600311279300e+02
   2.5480000000000001e+02   1.3096182823181200e+01
   2.5490000000000001e+02   1.5115599060058599e+02
   2.5500000000000000e+02   1.2012801361084000e+02
   2.5600000000000000e+02   2.8900405883789102e+02
   2.5600000000000000e+02   5.9993804931640602e+02
   2.5680000000000001e+02   6.4710441589355497e+01
   2.5700000000000000e+02   2.0638571166992199e+02
   2.5719999999999999e+02   1.2810443878173800e+01
   2.5789999999999998e+02   1.8014434814453099e+02
   2.5810000000000002e+02   3.6043640136718801e+02
   2.5889999999999998e+02   6.2891445159912102e+01
   2.5910000000000002e+02   1.2388388633728001e+01
   2.5989999999999998e+02   5.7404499053955099e+01
   2.6800000000000000e+02   4.2568058013916001e+01
   2.6889999999999998e+02   4.0230697631835902e+01
   2.6910000000000002e+02   3.6615837097167997e+01
   2.6989999999999998e+02   7.9993400573730497e+01
   2.7010000000000002e+02   4.0456562042236300e+01
   2.7100000000000000e+02   1.4598176002502401e+01
   2.7110000000000002e+02   2.5512197494506800e+01
   2.7200000000000000e+02   1.2103643035888700e+02
   2.7300000000000000e+02   3.3226615905761697e+01
   2.8189999999999998e+02   5.5508789062500000e+01
   2.8210000000000002e+02   1.2050866699218800e+02
   2.8269999999999999e+02   2.3511302947998001e+01
   2.8300000000000000e+02   7.2672515869140597e+01
   2.8389999999999998e+02   1.3647080421447800e+01
   2.8400000000000000e+02   5.6125488281250000e+02
   2.8410000000000002e+02   3.6282763671875000e+02
   2.8500000000000000e+02   1.4671774291992199e+02
   2.8510000000000002e+02   1.6631736755371099e+02
   2.8589999999999998e+02   2.5533674621582000e+02
   2.8600000000000000e+02   2.9708105468750000e+02
   2.8689999999999998e+02   1.6453823089599599e+01
   2.8700000000000000e+02   9.0552825927734403e+01
   2.8789999999999998e+02   1.2563925743103001e+01
   2.8810000000000002e+02   2.3129459381103501e+01
   2.9280000000000001e+02   3.6737140655517599e+01
   2.9300000000000000e+02   4.8808639526367202e+01
   2.9489999999999998e+02   4.3427597045898402e+01
   2.9500000000000000e+02   1.6148379516601599e+02
   2.9689999999999998e+02   8.3531684875488295e+01
   2.9700000000000000e+02   9.9524063110351605e+01
   2.9719999999999999e+02   6.8774215698242202e+01
   2.9800000000000000e+02   1.1960338592529300e+01
   2.9889999999999998e+02   5.6788692474365199e+01
   3.1000000000000000e+02   8.1625030517578097e+01
   3.1019999999999999e+02   2.8558427810668899e+01
   3.1130000000000001e+02   1.2082390785217299e+01
   3.1200000000000000e+02   5.6748867034912102e+01
   3.1210000000000002e+02   3.4634738922119098e+01
   3.1219999999999999e+02   2.1104194641113299e+01
   3.1300000000000000e+02   1.2514055633544901e+02
   3.1310000000000002e+02   2.4478651428222699e+02
   3.1410000000000002e+02   2.5284881591796900e+01
   3.1480000000000001e+02   9.5810005187988295e+01
   3.1510000000000002e+02   1.4102589416503901e+02
   3.2710000000000002e+02   2.1001672363281300e+03
   3.2800000000000000e+02   2.5322727966308599e+02
   3.2810000000000002e+02   5.8715728759765602e+02
   3.2910000000000002e+02   8.4246313476562500e+02
   3.2910000000000002e+02   6.1081091308593795e+02
   3.3010000000000002e+02   5.2461566162109398e+02
   3.3100000000000000e+02   9.2032272338867202e+01
   3.3110000000000002e+02   1.8162026977539099e+02
   3.3210000000000002e+02   5.1121623992919901e+01
