   4.0100000000000001e+01   2.0041023254394500e+02
   4.1100000000000001e+01   5.0567978515625000e+03
   4.2000000000000000e+01   5.5679853515625000e+03
   4.3100000000000001e+01   8.7314003906250000e+03
   4.4000000000000000e+01   2.2508518066406300e+03
   4.4899999999999999e+01   2.7053222656250000e+01
   4.5000000000000000e+01   2.2699159622192401e+01
   5.0000000000000000e+01   1.4810125732421901e+02
   5.0100000000000001e+01   1.5581501770019500e+02
   5.0899999999999999e+01   5.3576801300048800e+01
   5.1000000000000000e+01   9.6877032470703102e+02
   5.1100000000000001e+01   1.1847601890564000e+01
   5.1899999999999999e+01   9.1237316131591797e+00
   5.2000000000000000e+01   2.7376480102539102e+02
   5.2100000000000001e+01   5.0641204833984403e+01
   5.3000000000000000e+01   2.5879666137695301e+02
   5.3100000000000001e+01   2.7102420043945301e+02
   5.4000000000000000e+01   4.8868740844726602e+02
   5.4100000000000001e+01   1.2609552764892599e+02
   5.4899999999999999e+01   1.6674434661865199e+01
   5.5000000000000000e+01   2.0832094726562500e+03
   5.5799999999999997e+01   1.2654506683349600e+01
   5.6000000000000000e+01   1.0109444580078100e+03
   5.6899999999999999e+01   2.4842306137085000e+01
   5.7000000000000000e+01   7.1271392822265602e+02
   5.7899999999999999e+01   1.9440980911254901e+01
   5.8100000000000001e+01   7.7257232666015597e+01
   5.8799999999999997e+01   2.3183517456054701e+00
   5.8899999999999999e+01   9.6129249572753906e+01
   6.1799999999999997e+01   6.2156677246093803e+00
   6.1899999999999999e+01   6.1881393432617202e+01
   6.2100000000000001e+01   2.9430969238281300e+01
   6.2899999999999999e+01   2.9980780029296898e+02
   6.3000000000000000e+01   2.1787452697753901e+02
   6.3899999999999999e+01   5.4781356811523402e+01
   6.4000000000000000e+01   1.8068881225585901e+02
   6.4099999999999994e+01   1.0389728546142599e+02
   6.4900000000000006e+01   2.9257518768310501e+01
   6.5000000000000000e+01   2.1299562988281300e+03
   6.5799999999999997e+01   4.9178485870361300e+01
   6.6000000000000000e+01   3.2176281738281301e+02
   6.6099999999999994e+01   2.5517114639282202e+01
   6.6900000000000006e+01   9.7068908691406307e+01
   6.7000000000000000e+01   9.2194116210937500e+02
   6.7900000000000006e+01   3.2235595703125000e+01
   6.8000000000000000e+01   1.4706307373046900e+03
   6.8099999999999994e+01   1.2916421508789099e+02
   6.9000000000000000e+01   2.2843459472656300e+03
   6.9099999999999994e+01   1.3381937026977500e+01
   7.0099999999999994e+01   2.3380153808593800e+03
   7.1000000000000000e+01   2.6019289062500000e+04
   7.1900000000000006e+01   1.6502874374389599e+01
   7.2000000000000000e+01   1.2090826416015600e+03
   7.2799999999999997e+01   4.2863659858703604e+00
   7.2900000000000006e+01   1.2264225769043000e+02
   7.3099999999999994e+01   1.3323526382446300e+01
   7.3200000000000003e+01   8.9375610351562500e+00
   7.3900000000000006e+01   4.1536521911621101e+01
   7.4099999999999994e+01   4.6718242645263700e+01
   7.4799999999999997e+01   2.0020158767700199e+01
   7.5000000000000000e+01   1.1028593444824200e+02
   7.5099999999999994e+01   1.9145071029663100e+01
   7.5799999999999997e+01   1.2982538223266600e+01
   7.6000000000000000e+01   1.6139266967773401e+02
   7.6099999999999994e+01   1.4239813232421901e+02
   7.7000000000000000e+01   4.9766782226562500e+03
   7.7099999999999994e+01   2.1911381835937500e+03
   7.8000000000000000e+01   6.6221405029296898e+02
   7.8099999999999994e+01   1.0434637451171900e+03
   7.9000000000000000e+01   3.0174787597656300e+03
   7.9900000000000006e+01   1.6547966003418001e+01
   8.0000000000000000e+01   5.2057550048828102e+02
   8.0099999999999994e+01   1.7983358764648401e+02
   8.0799999999999997e+01   9.7038974761962908e+00
   8.0900000000000006e+01   7.1985687255859403e+01
   8.1000000000000000e+01   1.7863137817382801e+02
   8.1099999999999994e+01   1.0628220367431599e+02
   8.1900000000000006e+01   3.0946128845214801e+01
   8.2000000000000000e+01   1.1046041259765600e+03
   8.2099999999999994e+01   2.9822528076171898e+02
   8.3000000000000000e+01   1.1640834808349599e+02
   8.3099999999999994e+01   2.2281474304199199e+02
   8.3200000000000003e+01   2.2563392639160199e+01
   8.3900000000000006e+01   5.6487449645996101e+01
   8.4000000000000000e+01   4.7895642089843801e+02
   8.4200000000000003e+01   1.1081435203552200e+01
   8.5000000000000000e+01   4.8008457183837898e+01
   8.5099999999999994e+01   3.2540157318115199e+01
   8.8900000000000006e+01   5.5891033172607401e+01
   8.9000000000000000e+01   1.4741484069824199e+02
   8.9000000000000000e+01   3.2748504638671898e+02
   8.9099999999999994e+01   2.1127058029174801e+01
   8.9799999999999997e+01   3.1242692947387699e+01
   9.0000000000000000e+01   1.6535491943359401e+02
   9.0099999999999994e+01   1.6416108703613301e+02
   9.1000000000000000e+01   6.9714570312500000e+03
   9.1900000000000006e+01   1.7850112915039102e+01
   9.2000000000000000e+01   5.8183697509765602e+02
   9.2099999999999994e+01   6.4520935058593795e+02
   9.2900000000000006e+01   6.6629386901855497e+01
   9.3000000000000000e+01   1.3845274658203100e+03
   9.4000000000000000e+01   1.2316632080078100e+03
   9.4200000000000003e+01   5.2319305419921903e+01
   9.4799999999999997e+01   1.2283931732177701e+01
   9.5000000000000000e+01   4.6232305908203102e+02
   9.5099999999999994e+01   7.9580212402343795e+02
   9.6000000000000000e+01   2.4767549133300801e+02
   9.6099999999999994e+01   6.6730395507812500e+03
   9.6799999999999997e+01   1.2782149314880400e+01
   9.7099999999999994e+01   1.6285986328125000e+03
   9.7200000000000003e+01   3.1171445846557599e+01
   9.8000000000000000e+01   3.4158541870117199e+02
   9.8099999999999994e+01   1.9436573791503901e+02
   9.8200000000000003e+01   1.6937007904052699e+01
   9.9099999999999994e+01   5.1407665252685497e+01
   9.9200000000000003e+01   6.6532139778137198e+00
   1.0070000000000000e+02   1.4481756210327100e+01
   1.0090000000000001e+02   1.4823711395263700e+01
   1.0100000000000000e+02   7.9349102973937997e+00
   1.0170000000000000e+02   1.6702251434326200e+01
   1.0190000000000001e+02   1.2938018798828099e+02
   1.0209999999999999e+02   2.5099992370605500e+02
   1.0300000000000000e+02   2.8357343750000000e+03
   1.0400000000000000e+02   3.9091247558593800e+03
   1.0500000000000000e+02   1.3465985351562500e+04
   1.0590000000000001e+02   7.6916160583496094e+01
   1.0600000000000000e+02   1.7985982666015600e+03
   1.0690000000000001e+02   9.9085792541503906e+01
   1.0700000000000000e+02   3.7742496490478501e+01
   1.0709999999999999e+02   2.2778427124023398e+01
   1.0790000000000001e+02   4.1400733947753899e+01
   1.0809999999999999e+02   5.7288612365722699e+01
   1.0820000000000000e+02   8.9192733764648402e+00
   1.0890000000000001e+02   6.0091712951660199e+01
   1.0909999999999999e+02   2.9538145065307599e+01
   1.1000000000000000e+02   1.3915033340454100e+01
   1.1080000000000000e+02   8.4482250213622994e+00
   1.1100000000000000e+02   5.1068519592285199e+01
   1.1490000000000001e+02   7.4316459655761705e+01
   1.1500000000000000e+02   4.7112472534179699e+02
   1.1580000000000000e+02   6.6316862106323198e+00
   1.1590000000000001e+02   2.1912162780761699e+02
   1.1600000000000000e+02   8.9055595397949205e+01
   1.1620000000000000e+02   1.6397905349731399e+01
   1.1690000000000001e+02   5.3495841979980497e+01
   1.1700000000000000e+02   1.4821651611328100e+03
   1.1790000000000001e+02   5.4921909332275398e+01
   1.1800000000000000e+02   2.6737622070312500e+03
   1.1809999999999999e+02   1.5654919433593801e+02
   1.1880000000000000e+02   3.9053627014160199e+01
   1.1900000000000000e+02   1.3086396484375000e+03
   1.1920000000000000e+02   3.2465301513671903e+01
   1.1980000000000000e+02   9.2648077011108398e+00
   1.1990000000000001e+02   1.5523165893554699e+02
   1.2000000000000000e+02   3.7248745727539102e+02
   1.2090000000000001e+02   1.1173070907592800e+01
   1.2100000000000000e+02   1.9632740020751999e+01
   1.2120000000000000e+02   1.2380243301391600e+01
   1.2190000000000001e+02   1.5068530082702599e+01
   1.2690000000000001e+02   9.5270109176635707e+00
   1.2709999999999999e+02   3.7807758331298800e+01
   1.2770000000000000e+02   7.8283357620239302e+00
   1.2780000000000000e+02   6.0295242309570298e+01
   1.2800000000000000e+02   1.2854174804687500e+02
   1.2809999999999999e+02   5.0151920318603501e+01
   1.2890000000000001e+02   4.2637954711914098e+01
   1.2900000000000000e+02   1.3236589050293000e+02
   1.2909999999999999e+02   4.9015682220458999e+01
   1.2930000000000001e+02   6.1797151565551802e+00
   1.3000000000000000e+02   4.0752802734375000e+03
   1.3100000000000000e+02   1.4858657836914099e+02
   1.3109999999999999e+02   2.4711459960937500e+03
   1.3209999999999999e+02   4.1846499023437500e+03
   1.3280000000000001e+02   7.6364965438842800e+00
   1.3300000000000000e+02   6.8785229492187500e+02
   1.3309999999999999e+02   6.8885887145996094e+01
   1.3390000000000001e+02   1.4231440734863301e+02
   1.3409999999999999e+02   2.0533184814453099e+02
   1.3409999999999999e+02   9.8716598510742202e+01
   1.3419999999999999e+02   8.4251346588134801e+00
   1.3490000000000001e+02   7.1854972839355497e+01
   1.3509999999999999e+02   5.2287460327148402e+01
   1.3519999999999999e+02   2.5332246780395501e+01
   1.3609999999999999e+02   6.3455095291137704e+00
   1.3680000000000001e+02   2.7898286819458001e+01
   1.3690000000000001e+02   7.4735740661621094e+01
   1.3700000000000000e+02   7.8173782348632798e+01
   1.3780000000000001e+02   4.5512828826904297e+00
   1.3800000000000000e+02   3.0323213577270501e+01
   1.3819999999999999e+02   8.7518291473388707e+00
   1.3880000000000001e+02   9.0973567962646502e+00
   1.3900000000000000e+02   4.5547702026367199e+02
   1.3909999999999999e+02   4.5724914550781301e+02
   1.4000000000000000e+02   2.4924415588378899e+01
   1.4030000000000001e+02   7.4707713127136204e+00
   1.4080000000000001e+02   6.4675855636596697e+00
   1.4090000000000001e+02   1.8969675064086900e+01
   1.4190000000000001e+02   3.2936927795410199e+01
   1.4209999999999999e+02   1.1655098915100099e+01
   1.4290000000000001e+02   3.6130702972412102e+01
   1.4309999999999999e+02   1.5728541564941401e+02
   1.4390000000000001e+02   1.3228266906738301e+02
   1.4409999999999999e+02   7.7366851806640602e+02
   1.4480000000000001e+02   1.5541345596313500e+01
   1.4500000000000000e+02   1.0171191406250000e+02
   1.4509999999999999e+02   5.8485272216796898e+02
   1.4609999999999999e+02   1.7799556640625000e+04
   1.4709999999999999e+02   1.7421539306640600e+03
   1.4709999999999999e+02   2.6467102050781301e+02
   1.4790000000000001e+02   9.2702541351318395e+00
   1.4800000000000000e+02   1.9036390686035199e+02
   1.4809999999999999e+02   2.3232099914550801e+02
   1.4909999999999999e+02   1.2667468070983899e+01
   1.4919999999999999e+02   6.8059902191162100e+00
   1.5400000000000000e+02   3.6365371704101598e+01
   1.5500000000000000e+02   3.3427658081054702e+01
   1.5509999999999999e+02   1.0196290016174300e+01
   1.5590000000000001e+02   1.2118344116210901e+02
   1.5609999999999999e+02   1.6092912292480500e+02
   1.5690000000000001e+02   3.5877281188964801e+01
   1.5700000000000000e+02   1.6330308532714801e+02
   1.5780000000000001e+02   1.7108217239379901e+01
   1.5809999999999999e+02   1.0960832519531300e+03
   1.5819999999999999e+02   1.0154864311218301e+01
   1.5890000000000001e+02   8.4664916992187500e+00
   1.5900000000000000e+02   4.5916809082031301e+02
   1.5909999999999999e+02   2.3026524353027301e+02
   1.6000000000000000e+02   1.3479563903808599e+02
   1.6009999999999999e+02   1.1206091308593800e+03
   1.6090000000000001e+02   8.6179933547973597e+00
   1.6100000000000000e+02   7.6608894348144503e+01
   1.6109999999999999e+02   7.4874023437500000e+01
   1.6200000000000000e+02   6.9300260543823198e+00
   1.6290000000000001e+02   1.2845424652099600e+01
   1.6300000000000000e+02   4.1386913299560497e+01
   1.6319999999999999e+02   1.0566353797912599e+01
   1.6490000000000001e+02   6.7507915496826199e+00
   1.6680000000000001e+02   7.4229321479797399e+00
   1.6700000000000000e+02   2.9512538909912099e+01
   1.6800000000000000e+02   6.9759273529052699e+00
   1.6809999999999999e+02   3.1160955429077099e+01
   1.6909999999999999e+02   6.5175237655639604e+00
   1.6990000000000001e+02   1.7081703186035199e+01
   1.7009999999999999e+02   4.9944896697997997e+01
   1.7019999999999999e+02   8.5542154312133807e+00
   1.7090000000000001e+02   4.1421573638916001e+01
   1.7109999999999999e+02   7.9479217529296902e+00
   1.7119999999999999e+02   6.6548438072204599e+00
   1.7200000000000000e+02   1.3210903930664099e+02
   1.7290000000000001e+02   2.5049091339111300e+01
   1.7300000000000000e+02   1.2231964111328099e+02
   1.7309999999999999e+02   1.3154122924804699e+02
   1.7390000000000001e+02   1.1544239044189500e+02
   1.7409999999999999e+02   2.5540527343750000e+02
   1.7419999999999999e+02   2.2683296203613299e+01
   1.7500000000000000e+02   8.0942276000976605e+01
   1.7509999999999999e+02   6.9544959068298304e+00
   1.7609999999999999e+02   7.4215855598449698e+00
   1.8180000000000001e+02   7.7244353294372603e+00
   1.8190000000000001e+02   2.0918642044067401e+01
   1.8209999999999999e+02   8.5102262496948207e+00
   1.8290000000000001e+02   1.7070077896118200e+01
   1.8380000000000001e+02   3.9099296569824197e+01
   1.8400000000000000e+02   4.3730966186523398e+02
   1.8409999999999999e+02   2.4825340270996099e+02
   1.8490000000000001e+02   9.9149751663208008e+00
   1.8500000000000000e+02   1.9413449096679699e+02
   1.8509999999999999e+02   3.4688015747070301e+02
   1.8600000000000000e+02   3.8101837158203102e+02
   1.8609999999999999e+02   1.6906528320312500e+03
   1.8690000000000001e+02   9.7305374145507798e+01
   1.8709999999999999e+02   1.2641625976562500e+03
   1.8719999999999999e+02   1.1452322387695300e+02
   1.8809999999999999e+02   4.9902260742187500e+03
   1.8909999999999999e+02   1.3230348632812500e+04
   1.9000000000000000e+02   3.4235496520996101e+01
   1.9009999999999999e+02   1.8541578369140600e+03
   1.9019999999999999e+02   5.4642807006835902e+01
   1.9090000000000001e+02   5.6654067993164098e+01
   1.9100000000000000e+02   2.1011700439453099e+02
   1.9119999999999999e+02   1.2889888000488301e+02
   1.9190000000000001e+02   2.3389028549194300e+01
   1.9209999999999999e+02   7.4262609481811497e+00
   1.9480000000000001e+02   6.9637050628662100e+00
   1.9800000000000000e+02   6.7337908744812003e+00
   1.9809999999999999e+02   9.8152914047241193e+00
   1.9900000000000000e+02   1.4668417930603001e+01
   1.9990000000000001e+02   1.4640039443969700e+01
   2.0000000000000000e+02   4.5099010467529297e+01
   2.0019999999999999e+02   1.6337514877319300e+01
   2.0109999999999999e+02   1.5624690055847200e+01
   2.0200000000000000e+02   1.2532279205322300e+02
   2.0230000000000001e+02   1.2933777809143100e+01
   2.0809999999999999e+02   5.9071226119995099e+00
   2.1080000000000001e+02   4.3492156982421903e+01
   2.1109999999999999e+02   4.9541275024414098e+01
   2.1200000000000000e+02   7.6472487449645996e+00
   2.1219999999999999e+02   6.7525701522827104e+00
   2.1319999999999999e+02   6.7877225875854501e+00
   2.1400000000000000e+02   6.3271152496337898e+01
   2.1409999999999999e+02   9.1726665496826207e+00
   2.1490000000000001e+02   1.7673608398437500e+02
   2.1500000000000000e+02   5.4475605010986300e+01
   2.1580000000000001e+02   2.1698749542236300e+01
   2.1590000000000001e+02   5.2579063415527301e+01
   2.1609999999999999e+02   1.2485044860839800e+02
   2.1690000000000001e+02   7.0009414672851605e+01
   2.1709999999999999e+02   4.2265991210937500e+01
   2.1800000000000000e+02   8.3514471054077095e+00
   2.1890000000000001e+02   1.6563707351684599e+01
   2.2890000000000001e+02   2.0183761596679702e+01
   2.2900000000000000e+02   4.9143753051757798e+01
   2.2909999999999999e+02   5.3684844970703097e+01
   2.3100000000000000e+02   7.9299697875976605e+01
   2.3119999999999999e+02   1.4878399658203099e+02
   2.3130000000000001e+02   9.2295026779174805e+00
   2.3200000000000000e+02   6.0981264114379901e+00
   2.3219999999999999e+02   6.9344553947448704e+00
   2.3280000000000001e+02   7.9687950134277301e+01
   2.3290000000000001e+02   2.2991806030273398e+01
   2.3319999999999999e+02   2.9590478897094702e+01
   2.3390000000000001e+02   4.4456205368042001e+00
   2.3659999999999999e+02   9.9975671768188494e+00
   2.3690000000000001e+02   1.2519590759277300e+02
   2.3790000000000001e+02   1.2057662963867200e+01
   2.4309999999999999e+02   2.3037908554077099e+01
   2.4400000000000000e+02   1.7688063049316401e+02
   2.4409999999999999e+02   5.2290325927734398e+02
   2.4430000000000001e+02   6.2657709121704102e+00
   2.4490000000000001e+02   9.5133390426635707e+00
   2.4500000000000000e+02   8.3766426086425795e+01
   2.4519999999999999e+02   1.2665593719482401e+02
   2.5710000000000002e+02   1.3906996726989700e+01
   2.5810000000000002e+02   1.2809162139892599e+01
   2.5910000000000002e+02   6.1965465545654297e+01
   2.5919999999999999e+02   2.0590217590331999e+01
   2.6430000000000001e+02   1.1202514648437500e+01
   2.6910000000000002e+02   1.8467924118041999e+01
   2.7110000000000002e+02   6.9382667541503897e+00
   2.7889999999999998e+02   6.6431508064270002e+00
   2.7910000000000002e+02   9.4356445312500000e+01
   2.7919999999999999e+02   4.4762451171875000e+01
   2.8019999999999999e+02   8.0046424865722692e+00
   2.8500000000000000e+02   3.0196861267089801e+01
   2.8510000000000002e+02   8.8021575927734403e+01
   2.8519999999999999e+02   6.0871875762939503e+01
   2.8600000000000000e+02   8.8125848770141602e+00
   2.8610000000000002e+02   1.6773658752441401e+02
   2.8719999999999999e+02   3.9919289062500000e+04
   2.8819999999999999e+02   7.5232011718750000e+03
   2.8889999999999998e+02   1.3952911376953100e+01
   2.8910000000000002e+02   3.5560449218750000e+02
   2.8919999999999999e+02   5.7403387451171898e+02
   2.9000000000000000e+02   6.3845915794372603e+00
   2.9019999999999999e+02   1.7287893295288100e+01
   2.9280000000000001e+02   4.1367969512939498e+00
   2.9289999999999998e+02   1.3679090499877899e+01
   2.9910000000000002e+02   7.6018757820129403e+00
   3.0689999999999998e+02   9.9264259338378906e+00
   3.0730000000000001e+02   1.9809421539306602e+01
   3.7610000000000002e+02   2.8349557876586900e+01
   3.7619999999999999e+02   6.0603729248046903e+01
   3.7639999999999998e+02   4.5461582183837898e+01
