   4.0100000000000001e+01   4.2468600463867199e+02
   4.1100000000000001e+01   1.0752578125000000e+04
   4.2000000000000000e+01   6.8044921875000000e+03
   4.3000000000000000e+01   1.9276223754882801e+02
   4.3100000000000001e+01   8.7400439453125000e+02
   4.3899999999999999e+01   8.5570449829101605e+01
   4.4000000000000000e+01   2.1061887207031300e+03
   4.4899999999999999e+01   2.5930196762085000e+01
   4.9899999999999999e+01   9.5297401428222699e+01
   5.0000000000000000e+01   2.6374255371093801e+02
   5.0100000000000001e+01   6.6999145507812500e+01
   5.1000000000000000e+01   1.4509562988281300e+03
   5.2000000000000000e+01   4.3087121582031301e+02
   5.2899999999999999e+01   1.5676475524902299e+01
   5.3000000000000000e+01   5.1045556640625000e+02
   5.3100000000000001e+01   2.1408887863159201e+01
   5.3899999999999999e+01   9.8186813354492202e+01
   5.4000000000000000e+01   4.4540432739257801e+02
   5.5000000000000000e+01   4.5322143554687500e+01
   5.5000000000000000e+01   1.5264725341796900e+03
   5.5899999999999999e+01   4.0746585083007801e+02
   5.6000000000000000e+01   7.1315521240234398e+02
   5.7000000000000000e+01   3.9273596191406301e+02
   5.7100000000000001e+01   4.4784036254882801e+02
   5.7899999999999999e+01   1.1679543304443401e+02
   5.8100000000000001e+01   3.8386665344238303e+01
   5.8799999999999997e+01   7.1240019798278800e+00
   5.9100000000000001e+01   6.6296257019042997e+01
   6.0799999999999997e+01   1.1362574577331500e+01
   6.1899999999999999e+01   1.1137672424316401e+02
   6.2100000000000001e+01   6.0007007598877003e+01
   6.3000000000000000e+01   3.7122604370117199e+02
   6.3100000000000001e+01   3.0969421386718801e+02
   6.3899999999999999e+01   2.2769721984863301e+02
   6.4099999999999994e+01   1.8434674072265599e+02
   6.4200000000000003e+01   4.0747917175292997e+01
   6.5000000000000000e+01   2.7985698242187500e+03
   6.5900000000000006e+01   4.1203392028808601e+01
   6.6000000000000000e+01   3.0355416870117199e+02
   6.6099999999999994e+01   9.9800903320312500e+01
   6.7000000000000000e+01   4.6127539062500000e+02
   6.7099999999999994e+01   6.9472290039062500e+02
   6.8000000000000000e+01   1.6606619262695301e+02
   6.8099999999999994e+01   1.6932158203125000e+03
   6.8200000000000003e+01   4.2276042938232401e+01
   6.9000000000000000e+01   2.0875326171875000e+04
   7.0000000000000000e+01   3.1426391601562500e+03
   7.0900000000000006e+01   6.9307678222656307e+01
   7.1000000000000000e+01   2.0925325012207000e+02
   7.1200000000000003e+01   1.2902537345886200e+01
   7.2799999999999997e+01   9.9105091094970703e+00
   7.3000000000000000e+01   2.1582687377929702e+01
   7.3799999999999997e+01   3.9547779083252003e+01
   7.4000000000000000e+01   9.1336189270019503e+01
   7.4099999999999994e+01   1.2741382598876999e+01
   7.4900000000000006e+01   7.1016906738281307e+01
   7.5000000000000000e+01   8.5867477416992202e+01
   7.5799999999999997e+01   1.4752186775207500e+01
   7.6000000000000000e+01   2.0929910278320301e+02
   7.6099999999999994e+01   1.8792005920410199e+02
   7.6200000000000003e+01   5.1563194274902301e+01
   7.7000000000000000e+01   8.4435117187500000e+03
   7.7900000000000006e+01   6.0627609252929702e+01
   7.8000000000000000e+01   1.4325625000000000e+03
   7.8099999999999994e+01   2.8473776245117199e+02
   7.9000000000000000e+01   3.8252050781250000e+02
   7.9000000000000000e+01   2.4863557128906300e+03
   7.9799999999999997e+01   5.0315456390380902e+01
   8.0000000000000000e+01   6.0785217285156295e+02
   8.0099999999999994e+01   4.3362564086914098e+01
   8.0900000000000006e+01   1.2947952270507801e+02
   8.1099999999999994e+01   2.4300694274902301e+02
   8.2000000000000000e+01   1.2224541015625000e+03
   8.2099999999999994e+01   4.5170803070068402e+01
   8.2900000000000006e+01   1.8871086120605500e+02
   8.3099999999999994e+01   1.3923541259765599e+02
   8.3200000000000003e+01   1.5719651222229000e+01
   8.3900000000000006e+01   1.7257040023803700e+01
   8.4099999999999994e+01   4.2534860229492199e+02
   8.4900000000000006e+01   2.3180021286010700e+01
   8.5000000000000000e+01   4.1602336883544901e+01
   8.5099999999999994e+01   1.0368001937866200e+01
   8.9000000000000000e+01   4.5799414062500000e+02
   8.9099999999999994e+01   2.8222515869140602e+02
   8.9799999999999997e+01   5.5768608093261697e+01
   9.0000000000000000e+01   3.0937893676757801e+02
   9.0099999999999994e+01   1.9601258850097699e+02
   9.1000000000000000e+01   1.1449620117187500e+04
   9.2000000000000000e+01   1.4349125976562500e+03
   9.2099999999999994e+01   4.7331764221191399e+01
   9.3000000000000000e+01   2.5543979492187500e+03
   9.4000000000000000e+01   8.9655731201171898e+02
   9.4099999999999994e+01   6.4699835205078102e+02
   9.5000000000000000e+01   5.8035412597656295e+02
   9.5099999999999994e+01   2.6993597412109398e+02
   9.5200000000000003e+01   2.4478639602661101e+01
   9.6000000000000000e+01   1.5362072753906300e+03
   9.6099999999999994e+01   4.3595532226562500e+03
   9.7000000000000000e+01   7.7276147460937500e+02
   9.7099999999999994e+01   1.1492951202392599e+02
   9.7900000000000006e+01   8.4879287719726605e+01
   9.8099999999999994e+01   3.0494714355468801e+02
   1.0190000000000001e+02   8.6856002807617202e+01
   1.0209999999999999e+02   2.1781649780273401e+02
   1.0300000000000000e+02   2.8066198730468800e+03
   1.0400000000000000e+02   3.8796447753906300e+03
   1.0500000000000000e+02   9.4606064453125000e+03
   1.0590000000000001e+02   5.2707584381103501e+01
   1.0600000000000000e+02   1.3764887695312500e+03
   1.0609999999999999e+02   1.1350790405273401e+02
   1.0690000000000001e+02   2.2850471496581999e+01
   1.0709999999999999e+02   1.1573602294921901e+02
   1.0809999999999999e+02   6.4693519592285199e+01
   1.0820000000000000e+02   2.2289361953735401e+01
   1.0890000000000001e+02   3.4956092834472699e+01
   1.0909999999999999e+02   3.7275505065917997e+01
   1.1000000000000000e+02   3.9506164550781300e+01
   1.1009999999999999e+02   1.2816479682922401e+01
   1.1100000000000000e+02   1.0328894615173301e+01
   1.1109999999999999e+02   1.0205067634582500e+01
   1.1190000000000001e+02   3.9575462341308601e+01
   1.1200000000000000e+02   1.0695626258850099e+01
   1.1490000000000001e+02   9.5892929077148395e+01
   1.1500000000000000e+02   5.7267340087890602e+02
   1.1570000000000000e+02   1.2872360229492200e+01
   1.1590000000000001e+02   5.2263587951660199e+01
   1.1600000000000000e+02   2.9676257324218801e+02
   1.1620000000000000e+02   2.2195417404174801e+01
   1.1690000000000001e+02   5.3746101379394503e+01
   1.1700000000000000e+02   1.6013822021484400e+03
   1.1790000000000001e+02   3.7678070068359403e+01
   1.1800000000000000e+02   3.0346977539062500e+03
   1.1900000000000000e+02   2.2775540161132801e+02
   1.1900000000000000e+02   6.6373687744140602e+02
   1.1920000000000000e+02   8.2967849731445298e+01
   1.1990000000000001e+02   2.3297747802734401e+02
   1.2009999999999999e+02   2.5529003906250000e+02
   1.2080000000000000e+02   1.0436321258544901e+01
   1.2680000000000000e+02   1.8043607711791999e+01
   1.2700000000000000e+02   2.0100017547607401e+01
   1.2720000000000000e+02   1.0018880844116200e+01
   1.2790000000000001e+02   8.4302764892578097e+01
   1.2800000000000000e+02   1.1935980987548800e+02
   1.2809999999999999e+02   1.4810688018798800e+01
   1.2859999999999999e+02   1.3009639739990201e+01
   1.2880000000000001e+02   4.5021938323974602e+01
   1.2900000000000000e+02   9.5057937622070298e+01
   1.2909999999999999e+02   9.7960861206054702e+01
   1.3009999999999999e+02   4.4768627929687500e+03
   1.3090000000000001e+02   2.1732084274291999e+01
   1.3100000000000000e+02   2.3468276367187500e+03
   1.3190000000000001e+02   5.6006481170654297e+01
   1.3209999999999999e+02   4.5508076171875000e+03
   1.3300000000000000e+02   3.4915145874023398e+02
   1.3309999999999999e+02   4.1117089843750000e+02
   1.3400000000000000e+02   1.2799337768554700e+02
   1.3409999999999999e+02   2.6949478149414102e+02
   1.3669999999999999e+02   2.7017532348632798e+01
   1.3690000000000001e+02   1.6892802429199199e+02
   1.3880000000000001e+02   9.6791467666625994e+00
   1.3900000000000000e+02   2.6983039855956999e+01
   1.3909999999999999e+02   1.3881295776367199e+02
   1.4100000000000000e+02   1.1745633125305201e+01
   1.4119999999999999e+02   9.6969928741455096e+00
   1.4190000000000001e+02   3.8457130432128899e+01
   1.4200000000000000e+02   2.5591140747070298e+01
   1.4230000000000001e+02   1.2391571998596200e+01
   1.4280000000000001e+02   2.0157794952392599e+01
   1.4300000000000000e+02   8.1770088195800795e+01
   1.4309999999999999e+02   1.9147264099121099e+02
   1.4330000000000001e+02   1.1762925148010300e+01
   1.4400000000000000e+02   1.5010583496093801e+02
   1.4409999999999999e+02   8.9025317382812500e+02
   1.4480000000000001e+02   9.3915176391601598e+00
   1.4500000000000000e+02   1.7537922668457000e+02
   1.4509999999999999e+02   5.2088031005859398e+02
   1.4519999999999999e+02   6.1303394317627003e+01
   1.4609999999999999e+02   1.5328390625000000e+04
   1.4709999999999999e+02   1.8067663574218800e+03
   1.4800000000000000e+02   5.2958522796630902e+01
   1.4809999999999999e+02   2.3089527893066401e+02
   1.4819999999999999e+02   2.8208736419677699e+01
   1.5190000000000001e+02   1.5318960189819300e+01
   1.5509999999999999e+02   1.1426903724670399e+01
   1.5600000000000000e+02   1.7224114990234401e+02
   1.5619999999999999e+02   5.2689849853515597e+01
   1.5680000000000001e+02   1.9148351669311499e+01
   1.5690000000000001e+02   1.2066220855712901e+02
   1.5700000000000000e+02   1.3713094711303700e+01
   1.5719999999999999e+02   2.5245521545410199e+01
   1.5790000000000001e+02   3.4752193450927699e+01
   1.5809999999999999e+02   1.4356286621093800e+03
   1.5900000000000000e+02   3.2466265869140602e+02
   1.5909999999999999e+02   4.5525106811523398e+02
   1.6000000000000000e+02   6.6578778076171898e+02
   1.6009999999999999e+02   4.6470471191406301e+02
   1.6090000000000001e+02   1.0601753997802700e+02
   1.6109999999999999e+02   5.4558758544921898e+02
   1.6180000000000001e+02   4.5031318664550803e+01
   1.6200000000000000e+02   1.1068508148193401e+02
   1.6209999999999999e+02   6.2140018463134801e+01
   1.6790000000000001e+02   9.3764371871948207e+00
   1.7000000000000000e+02   3.7691566467285199e+01
   1.7019999999999999e+02   3.0869815826416001e+01
   1.7080000000000001e+02   9.5190401077270508e+00
   1.7100000000000000e+02   3.6730434417724602e+01
   1.7190000000000001e+02   2.7543270111083999e+01
   1.7200000000000000e+02   2.1525463867187500e+02
   1.7219999999999999e+02   3.1546506881713899e+01
   1.7280000000000001e+02   2.7259243011474599e+01
   1.7290000000000001e+02   6.2969638824462898e+01
   1.7309999999999999e+02   2.0620973205566401e+02
   1.7390000000000001e+02   5.7020652770996101e+01
   1.7409999999999999e+02   1.2078074455261200e+01
   1.8000000000000000e+02   9.8499584197997994e+00
   1.8219999999999999e+02   4.6355216979980497e+01
   1.8230000000000001e+02   1.4916250228881800e+01
   1.8319999999999999e+02   9.7768039703369105e+00
   1.8390000000000001e+02   9.4174240112304702e+01
   1.8400000000000000e+02   3.1217004394531301e+02
   1.8409999999999999e+02   2.6732772827148398e+02
   1.8500000000000000e+02   1.2805065917968801e+02
   1.8509999999999999e+02   3.2545751953125000e+02
   1.8569999999999999e+02   1.6387445449829102e+01
   1.8590000000000001e+02   1.9638170242309599e+01
   1.8600000000000000e+02   5.6320501708984398e+02
   1.8609999999999999e+02   6.4020996093750000e+02
   1.8619999999999999e+02   1.1520826721191401e+02
   1.8690000000000001e+02   1.9305036544799801e+01
   1.8700000000000000e+02   4.1313180541992199e+02
   1.8709999999999999e+02   6.8551336669921898e+02
   1.8790000000000001e+02   2.4198127746581999e+01
   1.8809999999999999e+02   1.7847647705078100e+03
   1.8819999999999999e+02   1.7342358398437500e+02
   1.8909999999999999e+02   1.5940851562500000e+04
   1.8990000000000001e+02   1.7643886566162099e+01
   1.9000000000000000e+02   3.2999412536621101e+01
   1.9009999999999999e+02   2.2988735351562500e+03
   1.9100000000000000e+02   4.3509902954101598e+01
   1.9109999999999999e+02   8.2101974487304702e+01
   1.9390000000000001e+02   1.2117335319519000e+01
   1.9700000000000000e+02   1.0082921981811500e+01
   2.1090000000000001e+02   3.5789947509765597e+01
   2.1100000000000000e+02   4.3595895767211896e+00
   2.1180000000000001e+02   1.1026320457458500e+01
   2.1280000000000001e+02   2.3068923950195298e+01
   2.1409999999999999e+02   3.0427075195312500e+03
   2.1500000000000000e+02   2.1991049194335901e+02
   2.1509999999999999e+02   4.2230029296875000e+02
   2.1580000000000001e+02   2.1966522216796900e+01
   2.1600000000000000e+02   4.0007019042968800e+01
   2.1900000000000000e+02   1.0031616210937500e+01
   2.2800000000000000e+02   9.6494194030761705e+01
   2.2819999999999999e+02   6.0396148681640597e+01
   2.2900000000000000e+02   1.4747944831848100e+01
   2.2909999999999999e+02   5.0532936096191399e+01
   2.3290000000000001e+02   2.5506736755371101e+01
   2.3309999999999999e+02   2.4941345214843800e+01
   2.3680000000000001e+02   4.0003715515136697e+01
   2.3700000000000000e+02   5.4168807983398402e+01
   2.5469999999999999e+02   1.7962802886962901e+01
   2.5509999999999999e+02   3.2968013763427699e+01
   2.5509999999999999e+02   4.7964344024658203e+01
   2.5559999999999999e+02   5.0235206604003899e+01
   2.5580000000000001e+02   1.1461433410644499e+01
   2.5600000000000000e+02   5.6161384582519503e+01
   2.5610000000000002e+02   1.5283074951171901e+02
   2.5719999999999999e+02   3.6425046875000000e+04
   2.5819999999999999e+02   6.6214389648437500e+03
   2.5900000000000000e+02   2.3446226119995099e+01
   2.5910000000000002e+02   7.1395361328125000e+02
   2.6010000000000002e+02   1.3501050949096699e+01
   2.6019999999999999e+02   1.1661688804626500e+01
   2.7919999999999999e+02   1.0309313774108899e+01
   3.4610000000000002e+02   2.5553756713867202e+01
   3.4710000000000002e+02   1.2691886901855501e+01
