   4.0000000000000000e+01   1.0597474670410200e+02
   4.1100000000000001e+01   2.6113837890625000e+03
   4.2100000000000001e+01   1.0046789062500000e+04
   4.3000000000000000e+01   1.2408399414062500e+04
   4.4000000000000000e+01   4.8620034179687500e+03
   4.5000000000000000e+01   1.1210865783691401e+02
   4.5200000000000003e+01   2.6310266494751001e+01
   4.9799999999999997e+01   1.0113396644592299e+01
   5.0000000000000000e+01   3.2375375366210898e+02
   5.0100000000000001e+01   1.0824968719482401e+02
   5.1000000000000000e+01   1.6024707031250000e+03
   5.2000000000000000e+01   3.5608764648437500e+02
   5.2100000000000001e+01   1.5647648620605500e+02
   5.2799999999999997e+01   1.7832046508789102e+01
   5.3000000000000000e+01   3.1367379760742199e+02
   5.3000000000000000e+01   5.1754833984375000e+02
   5.3200000000000003e+01   1.4872270584106399e+01
   5.4000000000000000e+01   6.9784716796875000e+02
   5.4100000000000001e+01   1.3897361755371099e+02
   5.5000000000000000e+01   9.6566357421875000e+02
   5.5100000000000001e+01   5.2238824462890602e+02
   5.6000000000000000e+01   1.2432905273437500e+03
   5.7000000000000000e+01   7.5084619140625000e+02
   5.7100000000000001e+01   9.5731323242187500e+01
   5.7899999999999999e+01   2.7460578918456999e+01
   5.8000000000000000e+01   1.0777457427978500e+02
   5.9000000000000000e+01   1.6559968566894500e+02
   5.9100000000000001e+01   5.1976177215576200e+01
   6.1899999999999999e+01   1.7593820190429699e+02
   6.2200000000000003e+01   1.2517477989196800e+01
   6.2899999999999999e+01   5.8202747344970703e+01
   6.3000000000000000e+01   8.5772418212890602e+02
   6.3899999999999999e+01   1.2552925109863300e+02
   6.4000000000000000e+01   3.5633853149414102e+02
   6.5000000000000000e+01   2.2216579589843800e+03
   6.5099999999999994e+01   1.5056608581543000e+02
   6.6000000000000000e+01   4.1752465820312500e+02
   6.6099999999999994e+01   3.4748342895507801e+02
   6.6900000000000006e+01   1.4775886535644499e+01
   6.7000000000000000e+01   1.6946669921875000e+03
   6.7099999999999994e+01   6.5836822509765597e+01
   6.7900000000000006e+01   2.5413351058960000e+01
   6.8000000000000000e+01   2.8077371215820301e+02
   6.8099999999999994e+01   1.5612778320312500e+03
   6.9000000000000000e+01   5.1398205566406295e+02
   6.9099999999999994e+01   1.0305437011718800e+03
   7.0099999999999994e+01   2.3723442382812500e+03
   7.0900000000000006e+01   3.1403434753418001e+01
   7.1000000000000000e+01   1.5641181945800801e+02
   7.2000000000000000e+01   1.0090023040771500e+01
   7.2900000000000006e+01   6.2335849761962898e+01
   7.3099999999999994e+01   2.5494266510009801e+01
   7.3799999999999997e+01   1.3240792274475099e+01
   7.3900000000000006e+01   1.0643417358398401e+02
   7.4000000000000000e+01   2.3205368041992202e+01
   7.4099999999999994e+01   4.2279056549072301e+01
   7.4799999999999997e+01   1.6884225845336900e+01
   7.4900000000000006e+01   1.3108929443359401e+02
   7.5099999999999994e+01   7.0957115173339801e+01
   7.5900000000000006e+01   2.3819032669067401e+01
   7.6000000000000000e+01   2.7591790771484398e+02
   7.6200000000000003e+01   2.3633108520507801e+02
   7.7000000000000000e+01   1.1635854492187500e+04
   7.7900000000000006e+01   9.0248489379882801e-01
   7.8000000000000000e+01   2.7258598632812500e+03
   7.9000000000000000e+01   3.8711074218750000e+03
   7.9799999999999997e+01   3.9865428924560497e+01
   7.9900000000000006e+01   3.0554296875000000e+02
   8.0099999999999994e+01   5.7660058593750000e+02
   8.1000000000000000e+01   1.9539840698242199e+02
   8.1099999999999994e+01   1.8342999267578099e+02
   8.2000000000000000e+01   7.6139801025390602e+02
   8.2099999999999994e+01   9.3517871093750000e+02
   8.2900000000000006e+01   1.5993070983886699e+02
   8.3000000000000000e+01   2.5370246887207000e+02
   8.4000000000000000e+01   1.7525575256347699e+02
   8.4099999999999994e+01   2.6919677734375000e+02
   8.4900000000000006e+01   2.6385267257690401e+01
   8.5200000000000003e+01   1.3473350524902299e+01
   8.5900000000000006e+01   4.6358470916747997e+01
   8.6000000000000000e+01   9.4197807312011701e+00
   8.6500000000000000e+01   1.2431884765625000e+01
   8.6900000000000006e+01   9.4204263687133807e+00
   8.7900000000000006e+01   1.2943042755126999e+01
   8.8900000000000006e+01   3.1047872924804699e+02
   8.9000000000000000e+01   3.9022256469726602e+02
   8.9099999999999994e+01   1.2689254760742200e+01
   8.9799999999999997e+01   6.2231769561767599e+01
   9.0000000000000000e+01   2.6746405029296898e+02
   9.0099999999999994e+01   1.5419726562500000e+02
   9.0900000000000006e+01   1.2446817779541000e+02
   9.1000000000000000e+01   6.9023959960937500e+03
   9.1900000000000006e+01   5.0087001800537102e+01
   9.2000000000000000e+01   1.2505592041015600e+03
   9.3000000000000000e+01   4.1137148437500000e+03
   9.3900000000000006e+01   3.0881933212280298e+01
   9.4000000000000000e+01   2.3410456542968800e+03
   9.4900000000000006e+01   7.2269424438476605e+01
   9.5099999999999994e+01   1.1869962158203100e+03
   9.5099999999999994e+01   1.4502062988281301e+02
   9.6099999999999994e+01   6.6725493164062500e+03
   9.6900000000000006e+01   1.2820445251464801e+02
   9.7099999999999994e+01   8.7087908935546898e+02
   9.7299999999999997e+01   1.3928901672363301e+01
   9.7799999999999997e+01   6.2900375366210902e+01
   9.8000000000000000e+01   2.6520758056640602e+02
   9.8099999999999994e+01   3.7620162963867199e+02
   9.8200000000000003e+01   3.7562534332275398e+01
   9.8900000000000006e+01   9.9780321121215803e+00
   9.9000000000000000e+01   9.3356800079345703e+00
   1.0090000000000001e+02   9.1254281997680700e+00
   1.0100000000000000e+02   1.3673792839050300e+01
   1.0120000000000000e+02   5.0835769653320298e+01
   1.0190000000000001e+02   2.6464453125000000e+02
   1.0200000000000000e+02   2.8456539916992199e+02
   1.0300000000000000e+02   4.3912851562500000e+03
   1.0400000000000000e+02   5.7590878906250000e+03
   1.0509999999999999e+02   1.6206516601562500e+04
   1.0590000000000001e+02   8.6911125183105497e+01
   1.0600000000000000e+02   3.2112810058593800e+03
   1.0690000000000001e+02   8.0198814392089801e+01
   1.0700000000000000e+02   2.5217977905273401e+02
   1.0780000000000000e+02   2.4103748321533200e+01
   1.0800000000000000e+02   4.0945037841796903e+01
   1.0800000000000000e+02   7.2261245727539105e+01
   1.0880000000000000e+02   1.0734554290771500e+01
   1.0900000000000000e+02   4.9043365478515597e+01
   1.0909999999999999e+02   2.3007308959960898e+01
   1.0990000000000001e+02   9.1436157226562500e+00
   1.1000000000000000e+02   1.3454542160034199e+01
   1.1020000000000000e+02   2.0808576583862301e+01
   1.1090000000000001e+02   1.2865717887878400e+01
   1.1220000000000000e+02   9.0130863189697301e+00
   1.1430000000000000e+02   1.0872353553771999e+01
   1.1490000000000001e+02   8.6777046203613295e+01
   1.1500000000000000e+02   1.9370181884765600e+03
   1.1509999999999999e+02   8.5856704711914105e+01
   1.1600000000000000e+02   4.0340298461914102e+02
   1.1609999999999999e+02   3.2625259399414102e+02
   1.1690000000000001e+02   1.0471642303466800e+02
   1.1709999999999999e+02   5.4507797851562500e+03
   1.1800000000000000e+02   7.6699291992187500e+03
   1.1909999999999999e+02   7.3731333007812500e+03
   1.2009999999999999e+02   1.2350888671875000e+03
   1.2090000000000001e+02   9.2145481109619105e+00
   1.2100000000000000e+02   4.7577369689941399e+01
   1.2109999999999999e+02   1.6556589126586900e+01
   1.2690000000000001e+02   5.9505363464355497e+01
   1.2709999999999999e+02   4.3713199615478501e+01
   1.2720000000000000e+02   1.1007616996765099e+01
   1.2790000000000001e+02   5.7920726776122997e+01
   1.2800000000000000e+02   2.2397137451171901e+02
   1.2819999999999999e+02   1.4015126228332500e+01
   1.2869999999999999e+02   8.9440908432006800e+00
   1.2890000000000001e+02   1.0729930877685500e+02
   1.2909999999999999e+02   2.2478102111816401e+02
   1.2919999999999999e+02   1.6765214920043899e+01
   1.3000000000000000e+02   4.2520493164062500e+03
   1.3100000000000000e+02   2.8621696777343800e+03
   1.3209999999999999e+02   6.1763452148437500e+03
   1.3300000000000000e+02   5.5377661132812500e+02
   1.3309999999999999e+02   4.4324645996093801e+02
   1.3390000000000001e+02   6.6284362792968807e+01
   1.3400000000000000e+02   5.3246307373046903e+01
   1.3419999999999999e+02   6.4542411804199205e+01
   1.3480000000000001e+02   1.9672348022460898e+01
   1.3500000000000000e+02   2.1926290893554699e+02
   1.3509999999999999e+02   2.5126771545410199e+02
   1.3600000000000000e+02   2.8260021972656301e+02
   1.3609999999999999e+02   9.8849189758300795e+01
   1.3690000000000001e+02   2.0581260681152301e+01
   1.3700000000000000e+02   1.6217771911621099e+02
   1.3890000000000001e+02   5.4607582092285199e+01
   1.3900000000000000e+02   1.3862901306152301e+02
   1.3909999999999999e+02   8.4890220642089801e+01
   1.4009999999999999e+02   2.1891679763793899e+01
   1.4100000000000000e+02   1.4795150756835900e+01
   1.4190000000000001e+02   4.7746158599853501e+01
   1.4200000000000000e+02   3.3713272094726598e+01
   1.4209999999999999e+02   8.3823616027832003e+01
   1.4280000000000001e+02   4.2984714508056598e+01
   1.4300000000000000e+02   2.1456663513183599e+02
   1.4309999999999999e+02   1.9736299133300801e+02
   1.4380000000000001e+02   3.1152238845825199e+01
   1.4400000000000000e+02   1.5276895751953100e+03
   1.4509999999999999e+02   7.8557904052734398e+02
   1.4519999999999999e+02   2.1196102905273401e+02
   1.4609999999999999e+02   2.4907890625000000e+04
   1.4690000000000001e+02   4.4170505523681598e+01
   1.4709999999999999e+02   2.8913906250000000e+03
   1.4800000000000000e+02   4.7857565307617199e+02
   1.4819999999999999e+02   1.1543251037597701e+01
   1.4890000000000001e+02   1.1826125144958500e+01
   1.5380000000000001e+02   1.0305148124694799e+01
   1.5500000000000000e+02   1.1017447471618700e+01
   1.5509999999999999e+02   9.5850210189819300e+00
   1.5600000000000000e+02   1.3670912170410199e+02
   1.5609999999999999e+02   1.4001562500000000e+02
   1.5690000000000001e+02   3.4815155029296903e+01
   1.5700000000000000e+02   8.5763526916503906e+01
   1.5709999999999999e+02   1.0461341857910200e+02
   1.5809999999999999e+02   3.6651413574218800e+03
   1.5909999999999999e+02   1.0224752807617200e+03
   1.6000000000000000e+02   1.2646694183349599e+02
   1.6009999999999999e+02   4.1180685424804699e+02
   1.6019999999999999e+02   4.7069023132324197e+01
   1.6100000000000000e+02   1.8435832977294901e+01
   1.6109999999999999e+02   4.2850635528564503e+01
   1.6190000000000001e+02   2.8180904388427699e+01
   1.6200000000000000e+02   2.3812883377075199e+01
   1.6800000000000000e+02   9.1986808776855504e+00
   1.7000000000000000e+02   5.2398860931396499e+01
   1.7009999999999999e+02   8.2279899597167997e+01
   1.7100000000000000e+02   2.9679464340210000e+01
   1.7119999999999999e+02   9.9094829559326207e+00
   1.7200000000000000e+02   1.1867399597168000e+02
   1.7209999999999999e+02   2.1456799316406301e+02
   1.7290000000000001e+02   2.9223726272583001e+01
   1.7300000000000000e+02   1.9099964904785199e+02
   1.7380000000000001e+02   1.6646537780761701e+01
   1.7390000000000001e+02   5.1621826171875000e+01
   1.7400000000000000e+02   2.2551522827148401e+02
   1.7409999999999999e+02   2.1466786193847699e+02
   1.7509999999999999e+02   4.3752906799316399e+01
   1.8190000000000001e+02   1.1882715225219700e+01
   1.8369999999999999e+02   9.4831352233886701e+00
   1.8390000000000001e+02   5.9489364624023402e+01
   1.8409999999999999e+02   6.8753974914550795e+01
   1.8469999999999999e+02   2.2006864547729499e+01
   1.8500000000000000e+02   2.7028234481811499e+01
   1.8530000000000001e+02   9.5530786514282209e+00
   1.8569999999999999e+02   1.2170221328735400e+01
   1.8600000000000000e+02   5.1885131835937500e+01
   1.8619999999999999e+02   6.5873550415039105e+01
   1.8680000000000001e+02   1.4687945365905801e+01
   1.8690000000000001e+02   3.8251724243164098e+01
   1.8709999999999999e+02   9.2061651611328102e+02
   1.8730000000000001e+02   2.0169870376586900e+01
   1.8809999999999999e+02   1.6395875000000000e+04
   1.8909999999999999e+02   7.9940854492187500e+03
   1.8919999999999999e+02   7.9181213378906307e+01
   1.9000000000000000e+02   1.2973866271972699e+02
   1.9009999999999999e+02   9.1972070312500000e+02
   1.9090000000000001e+02   1.9474594116210898e+01
   1.9109999999999999e+02   2.5651279449462901e+01
   1.9600000000000000e+02   2.5813430786132798e+01
   1.9690000000000001e+02   9.0114536285400408e+00
   1.9790000000000001e+02   6.2288242340087898e+01
   1.9800000000000000e+02   2.3892515563964801e+02
   1.9809999999999999e+02   2.2347175598144500e+02
   1.9830000000000001e+02   4.0829013824462898e+01
   1.9900000000000000e+02   1.5662707519531301e+02
   1.9909999999999999e+02   2.5817349243164102e+02
   2.0000000000000000e+02   2.9463577270507801e+02
   2.0009999999999999e+02   5.8858343505859398e+02
   2.0080000000000001e+02   1.6876665115356399e+01
   2.0100000000000000e+02   2.2733451843261699e+02
   2.0109999999999999e+02   1.6726702880859401e+02
   2.0200000000000000e+02   3.2817166137695301e+02
   2.0219999999999999e+02   3.1608566284179699e+02
   2.0309999999999999e+02   8.8245010375976605e+01
   2.0709999999999999e+02   2.6143880844116200e+01
   2.1080000000000001e+02   1.2589820861816399e+01
   2.1100000000000000e+02   9.8397979736328107e+00
   2.1290000000000001e+02   9.1752004623413104e+00
   2.1300000000000000e+02   1.1080417633056600e+01
   2.1309999999999999e+02   9.1364040374755895e+00
   2.1480000000000001e+02   2.7289772033691402e+00
   2.1490000000000001e+02   1.1114748382568401e+02
   2.1509999999999999e+02   4.5899589538574197e+01
   2.1590000000000001e+02   1.0431499481201200e+01
   2.1900000000000000e+02   9.4215087890625000e+00
   2.2780000000000001e+02   9.1861763000488299e+00
   2.2800000000000000e+02   9.1609296798706108e+00
   2.2819999999999999e+02   1.3352542877197299e+01
   2.2859999999999999e+02   9.9904708862304705e+00
   2.2900000000000000e+02   5.6815608978271499e+01
   2.2909999999999999e+02   1.3154747009277301e+02
   2.2930000000000001e+02   1.9990968704223601e+01
   2.2950000000000000e+02   1.1253318786621101e+01
   2.2959999999999999e+02   1.5384159088134799e+01
   2.2969999999999999e+02   9.1114149093627894e+00
   2.2980000000000001e+02   1.9215690612793001e+01
   2.3000000000000000e+02   3.0520280838012699e+01
   2.3009999999999999e+02   9.7902275085449205e+01
   2.3019999999999999e+02   2.5475425720214801e+02
   2.3109999999999999e+02   5.0939968750000000e+04
   2.3209999999999999e+02   4.3017092895507801e+02
   2.3209999999999999e+02   7.8008134765625000e+03
   2.3280000000000001e+02   5.4370647430419901e+01
   2.3290000000000001e+02   4.2302045822143599e+00
   2.3309999999999999e+02   6.8374224853515602e+02
   2.3319999999999999e+02   9.7528678894042997e+01
   2.3690000000000001e+02   6.7116203308105497e+01
   2.7100000000000000e+02   5.4656944274902301e+01
   2.7119999999999999e+02   5.6406192779541001e+01
   2.9289999999999998e+02   1.2531164169311500e+01
   2.9310000000000002e+02   4.1621059417724602e+01
   2.9319999999999999e+02   2.1236661911010700e+01
   3.3400000000000000e+02   1.4119661331176800e+01
   3.3419999999999999e+02   5.7236392974853501e+01
   3.3519999999999999e+02   2.3756488800048800e+01
   3.3680000000000001e+02   2.7644495010376001e+01
   3.3719999999999999e+02   1.1989143371581999e+01
