   4.0100000000000001e+01   2.8344088745117199e+02
   4.1100000000000001e+01   1.0783402343750000e+04
   4.2100000000000001e+01   1.6448310546875000e+04
   4.3100000000000001e+01   2.6141564453125000e+04
   4.4100000000000001e+01   8.2223632812500000e+03
   4.4899999999999999e+01   5.7342430114746101e+01
   4.5100000000000001e+01   2.3156034851074199e+02
   4.8899999999999999e+01   1.2615415573120099e+01
   4.9899999999999999e+01   1.4530313110351599e+02
   5.0000000000000000e+01   5.8334442138671898e+02
   5.1000000000000000e+01   2.4670856933593800e+03
   5.1899999999999999e+01   1.9920956420898401e+02
   5.2000000000000000e+01   4.7342453002929699e+02
   5.2200000000000003e+01   5.8631752014160199e+01
   5.3000000000000000e+01   4.6755947875976602e+02
   5.3100000000000001e+01   5.9328625488281295e+02
   5.4000000000000000e+01   1.3366988525390600e+03
   5.5000000000000000e+01   3.9808254394531300e+03
   5.6000000000000000e+01   2.6358872070312500e+03
   5.6899999999999999e+01   1.6343116760253899e+01
   5.7100000000000001e+01   2.0284448242187500e+03
   5.7899999999999999e+01   6.2354667663574197e+01
   5.8000000000000000e+01   1.2870913696289099e+02
   5.8100000000000001e+01   1.0470944213867200e+02
   5.8799999999999997e+01   6.3914389610290501e+00
   5.9000000000000000e+01   1.2096970367431599e+02
   5.9200000000000003e+01   1.2356842041015600e+01
   6.0799999999999997e+01   3.7324470520019503e+01
   6.1000000000000000e+01   2.3050399780273398e+01
   6.1799999999999997e+01   1.5575867652893100e+01
   6.1899999999999999e+01   6.6429321289062500e+01
   6.2000000000000000e+01   1.1249878692627000e+02
   6.2100000000000001e+01   4.4842052459716797e+01
   6.3000000000000000e+01   1.3117114257812500e+03
   6.3799999999999997e+01   5.1797294616699197e+01
   6.4000000000000000e+01   5.0387255859375000e+02
   6.4099999999999994e+01   2.7226998901367199e+02
   6.5000000000000000e+01   6.0003764648437500e+03
   6.6000000000000000e+01   1.1204018554687500e+03
   6.7000000000000000e+01   2.4718815917968800e+03
   6.8000000000000000e+01   3.7503222656250000e+03
   6.9000000000000000e+01   9.5757586669921898e+02
   6.9099999999999994e+01   2.8339365234375000e+03
   7.0000000000000000e+01   4.3114910888671898e+02
   7.0099999999999994e+01   5.6855170898437500e+03
   7.1099999999999994e+01   1.5100166015625000e+04
   7.2000000000000000e+01   8.5411279296875000e+02
   7.3000000000000000e+01   1.3935314941406301e+02
   7.3799999999999997e+01   7.0847213745117202e+01
   7.3900000000000006e+01   1.6483352661132801e+02
   7.4099999999999994e+01   9.3996147155761705e+01
   7.5000000000000000e+01   3.1576416015625000e+02
   7.5099999999999994e+01   4.5061943054199197e+01
   7.6000000000000000e+01   5.1418048095703102e+02
   7.6099999999999994e+01   4.1651907348632801e+02
   7.7000000000000000e+01   1.8672195312500000e+04
   7.8000000000000000e+01   4.0739260253906300e+03
   7.9000000000000000e+01   6.1603862304687500e+03
   8.0000000000000000e+01   1.4711770019531300e+03
   8.0200000000000003e+01   3.2384452819824197e+01
   8.0799999999999997e+01   2.6768257141113299e+01
   8.1000000000000000e+01   5.7813238525390602e+02
   8.1099999999999994e+01   6.3670455932617202e+01
   8.1900000000000006e+01   2.0570294189453099e+02
   8.2000000000000000e+01   3.0039304199218800e+03
   8.2900000000000006e+01   2.4484390258789099e+02
   8.3099999999999994e+01   5.8684710693359398e+02
   8.4099999999999994e+01   1.2695559082031300e+03
   8.4099999999999994e+01   7.1268234252929702e+01
   8.4900000000000006e+01   1.3025956726074199e+02
   8.5000000000000000e+01   1.1210820007324200e+02
   8.5299999999999997e+01   1.8730077743530298e+01
   8.9000000000000000e+01   1.3305607910156300e+03
   9.0000000000000000e+01   2.4488783264160199e+02
   9.0099999999999994e+01   8.9048260498046898e+02
   9.1000000000000000e+01   2.6460902343750000e+04
   9.2000000000000000e+01   3.7501301269531300e+03
   9.3000000000000000e+01   6.1685463867187500e+03
   9.4000000000000000e+01   3.8961684570312500e+03
   9.4900000000000006e+01   8.6338424682617202e+01
   9.5099999999999994e+01   2.2779675292968800e+03
   9.6099999999999994e+01   1.4595530273437500e+04
   9.7099999999999994e+01   2.2900781250000000e+03
   9.7900000000000006e+01   1.0098605155944799e+01
   9.8000000000000000e+01   1.0755714416503901e+02
   9.8099999999999994e+01   6.5468811035156295e+02
   9.8900000000000006e+01   1.0394186973571800e+01
   1.0000000000000000e+02   7.3956169128417997e+01
   1.0020000000000000e+02   1.4665046691894499e+01
   1.0080000000000000e+02   1.8866886138916001e+01
   1.0100000000000000e+02   1.5058471679687500e+02
   1.0109999999999999e+02   1.1147605895996099e+02
   1.0180000000000000e+02   4.3482505798339801e+01
   1.0190000000000001e+02   2.3079077148437500e+02
   1.0209999999999999e+02   5.4445959472656295e+02
   1.0300000000000000e+02   6.5354658203125000e+03
   1.0400000000000000e+02   9.6189716796875000e+03
   1.0509999999999999e+02   2.4548312500000000e+04
   1.0609999999999999e+02   4.4369189453125000e+03
   1.0700000000000000e+02   1.6431367492675801e+02
   1.0709999999999999e+02   1.4397286987304699e+02
   1.0720000000000000e+02   6.6286621093750000e+01
   1.0790000000000001e+02   4.8165424346923800e+01
   1.0800000000000000e+02   1.8301788330078099e+02
   1.0820000000000000e+02   3.2968078613281300e+01
   1.0890000000000001e+02   9.0959167480468807e+01
   1.0920000000000000e+02   1.2942368507385300e+01
   1.0980000000000000e+02   2.3693202972412099e+01
   1.0990000000000001e+02   6.5859398841857901e+00
   1.1009999999999999e+02   3.7757202148437500e+01
   1.1020000000000000e+02   2.5034845352172901e+01
   1.1070000000000000e+02   1.5128252029418899e+01
   1.1090000000000001e+02   1.6234519958496101e+01
   1.1100000000000000e+02   1.5062034606933599e+02
   1.1109999999999999e+02   4.7276096343994098e+01
   1.1190000000000001e+02   1.0300690650939901e+01
   1.1200000000000000e+02   1.0036035537719700e+01
   1.1220000000000000e+02   9.5807437896728498e+00
   1.1300000000000000e+02   5.8805732727050803e+01
   1.1320000000000000e+02   3.8202014923095703e+01
   1.1390000000000001e+02   1.3012540817260700e+01
   1.1400000000000000e+02   2.6066291809081999e+01
   1.1430000000000000e+02   9.6542224884033203e+00
   1.1500000000000000e+02   2.3328092956543000e+02
   1.1509999999999999e+02   8.2088024902343795e+02
   1.1590000000000001e+02   3.4457205200195301e+02
   1.1600000000000000e+02   2.9638073730468801e+02
   1.1620000000000000e+02   3.8174709320068402e+01
   1.1700000000000000e+02   4.1355234375000000e+03
   1.1809999999999999e+02   9.2351630859375000e+03
   1.1909999999999999e+02   3.1950493164062500e+03
   1.2000000000000000e+02   5.1235845947265602e+02
   1.2009999999999999e+02   9.6736096191406295e+02
   1.2080000000000000e+02   2.9869056701660199e+01
   1.2090000000000001e+02   1.6167169570922901e+01
   1.2109999999999999e+02   9.3585937500000000e+01
   1.2190000000000001e+02   1.2370603561401399e+01
   1.2200000000000000e+02   1.1681979179382299e+01
   1.2309999999999999e+02   1.2184061050415000e+01
   1.2490000000000001e+02   1.0122420310974100e+01
   1.2680000000000000e+02   1.8349506378173800e+01
   1.2700000000000000e+02   9.3414466857910199e+01
   1.2709999999999999e+02   1.0570500373840300e+01
   1.2790000000000001e+02   1.7247537231445301e+02
   1.2800000000000000e+02   2.6204269409179699e+02
   1.2819999999999999e+02   3.4035324096679702e+01
   1.2890000000000001e+02   5.2402042388916001e+01
   1.2909999999999999e+02   4.3643997192382801e+02
   1.2919999999999999e+02   6.0591140747070298e+01
   1.3009999999999999e+02   1.0500396484375000e+04
   1.3109999999999999e+02   6.4401928710937500e+03
   1.3209999999999999e+02   1.2299403320312500e+04
   1.3309999999999999e+02   2.1682878417968800e+03
   1.3390000000000001e+02   3.7188880920410199e+01
   1.3400000000000000e+02   1.6215420532226599e+02
   1.3409999999999999e+02   1.1172130126953100e+03
   1.3419999999999999e+02   2.8204263687133800e+01
   1.3490000000000001e+02   1.0688156890869099e+02
   1.3500000000000000e+02   1.4093264770507801e+02
   1.3659999999999999e+02   1.6864641189575199e+01
   1.3700000000000000e+02   2.5308114624023401e+02
   1.3900000000000000e+02   2.5303469848632801e+02
   1.3909999999999999e+02   1.1815603027343800e+03
   1.3990000000000001e+02   1.6052350997924801e+01
   1.4000000000000000e+02   1.0344173431396500e+02
   1.4009999999999999e+02   6.6696151733398395e+01
   1.4090000000000001e+02   3.0589492797851602e+01
   1.4100000000000000e+02   7.5963867187500000e+01
   1.4119999999999999e+02   8.6476844787597699e+01
   1.4130000000000001e+02   1.2731933593750000e+01
   1.4180000000000001e+02   3.2925792694091797e+01
   1.4200000000000000e+02   1.4055316162109401e+02
   1.4300000000000000e+02   2.1417077636718801e+02
   1.4309999999999999e+02   3.1858676147460898e+02
   1.4400000000000000e+02   7.3036151123046898e+02
   1.4409999999999999e+02   1.4388046875000000e+03
   1.4490000000000001e+02   7.6287727355957003e+01
   1.4509999999999999e+02   1.5397144775390600e+03
   1.4519999999999999e+02   4.4924450683593801e+02
   1.4609999999999999e+02   4.9915113281250000e+04
   1.4709999999999999e+02   5.9267460937500000e+03
   1.4790000000000001e+02   1.1913768768310500e+02
   1.4809999999999999e+02   7.6525268554687500e+02
   1.4819999999999999e+02   2.8264667510986300e+01
   1.4900000000000000e+02   3.6711624145507798e+01
   1.4919999999999999e+02   3.5908042907714801e+01
   1.5280000000000001e+02   1.0345574378967299e+01
   1.5300000000000000e+02   4.0151466369628899e+01
   1.5400000000000000e+02   5.1768180847167997e+01
   1.5419999999999999e+02   4.5403930664062500e+01
   1.5480000000000001e+02   2.1073244094848601e+01
   1.5500000000000000e+02   8.6981925964355497e+01
   1.5519999999999999e+02   2.2648277282714801e+01
   1.5530000000000001e+02   1.2583230018615700e+01
   1.5590000000000001e+02   2.7520763397216800e+01
   1.5600000000000000e+02   2.8812765502929699e+02
   1.5609999999999999e+02   1.0372218322753901e+02
   1.5700000000000000e+02   2.3114445495605500e+02
   1.5709999999999999e+02   5.6950054168701200e+01
   1.5719999999999999e+02   3.4366397857666001e+01
   1.5800000000000000e+02   1.0269990539550800e+02
   1.5809999999999999e+02   2.5827165527343800e+03
   1.5900000000000000e+02   1.6742050781250000e+03
   1.5919999999999999e+02   7.7002967834472699e+01
   1.5990000000000001e+02   1.9140001296997099e+01
   1.6009999999999999e+02   2.6667822265625000e+03
   1.6019999999999999e+02   5.2019535064697301e+01
   1.6109999999999999e+02   5.0390411376953102e+02
   1.6190000000000001e+02   2.5179531097412099e+01
   1.6209999999999999e+02   1.9156589508056602e+01
   1.6240000000000001e+02   2.2974128723144499e+01
   1.6290000000000001e+02   2.8299785614013700e+01
   1.6300000000000000e+02   2.9437445068359398e+02
   1.6309999999999999e+02   2.0972033691406301e+02
   1.6409999999999999e+02   4.0359265136718801e+02
   1.6419999999999999e+02   5.1190483093261697e+01
   1.6500000000000000e+02   5.6751274108886697e+01
   1.6809999999999999e+02   2.9478782653808601e+01
   1.6909999999999999e+02   1.0611802101135300e+01
   1.6990000000000001e+02   1.7189088821411101e+01
   1.7000000000000000e+02   1.0946275329589800e+02
   1.7100000000000000e+02   4.8396377563476598e+01
   1.7109999999999999e+02   4.2294673919677699e+01
   1.7180000000000001e+02   1.8572048187255898e+01
   1.7200000000000000e+02   1.7229930114746099e+02
   1.7219999999999999e+02   1.7489895629882801e+02
   1.7290000000000001e+02   4.3306400299072301e+01
   1.7300000000000000e+02   3.0954708862304699e+02
   1.7309999999999999e+02   2.5819744873046898e+02
   1.7390000000000001e+02   8.2033935546875000e+01
   1.7409999999999999e+02   1.3245574951171901e+02
   1.7430000000000001e+02   1.1376683235168500e+01
   1.7509999999999999e+02   1.0106215476989700e+01
   1.8090000000000001e+02   2.0346191406250000e+01
   1.8180000000000001e+02   5.9299652099609403e+01
   1.8209999999999999e+02   4.3929355621337898e+01
   1.8230000000000001e+02   1.5581417083740201e+01
   1.8290000000000001e+02   1.4009632110595700e+01
   1.8300000000000000e+02   1.2203132629394499e+01
   1.8309999999999999e+02   1.8735857009887699e+01
   1.8390000000000001e+02   6.0364208221435497e+01
   1.8409999999999999e+02   1.1083577880859400e+03
   1.8500000000000000e+02   1.5433615112304699e+02
   1.8509999999999999e+02   6.1067266845703102e+02
   1.8609999999999999e+02   8.9329437255859398e+02
   1.8609999999999999e+02   2.0861791992187500e+03
   1.8709999999999999e+02   2.5777399902343800e+03
   1.8809999999999999e+02   1.0487086181640600e+03
   1.8809999999999999e+02   4.0890336914062500e+03
   1.8909999999999999e+02   3.0914755859375000e+04
   1.9009999999999999e+02   2.9782617187500000e+03
   1.9019999999999999e+02   1.1300555419921900e+03
   1.9100000000000000e+02   1.0898513031005901e+02
   1.9109999999999999e+02   1.8645274353027301e+02
   1.9790000000000001e+02   1.0793943405151399e+01
   1.9809999999999999e+02   2.5591760635376001e+01
   1.9990000000000001e+02   4.7602767944335902e+01
   2.0009999999999999e+02   2.3878036499023398e+01
   2.0190000000000001e+02   1.2134896278381300e+01
   2.0409999999999999e+02   1.1432540893554700e+01
   2.0600000000000000e+02   1.3257948875427200e+01
   2.1100000000000000e+02   3.7264797210693402e+01
   2.1180000000000001e+02   2.5555915832519499e+01
   2.1390000000000001e+02   1.8749221801757798e+01
   2.1419999999999999e+02   9.4224748611450195e+00
   2.1490000000000001e+02   1.6788165283203099e+02
   2.1509999999999999e+02   8.1992675781250000e+01
   2.1519999999999999e+02   3.0278327941894499e+01
   2.1609999999999999e+02   3.0746503906250000e+03
   2.1619999999999999e+02   1.9153421630859400e+03
   2.1690000000000001e+02   5.0066558837890597e+01
   2.1709999999999999e+02   6.8829522705078102e+02
   2.1719999999999999e+02   7.1515678405761705e+01
   2.1800000000000000e+02   7.5091773986816406e+01
   2.1819999999999999e+02   2.4954463958740199e+01
   2.1880000000000001e+02   1.7140014648437500e+01
   2.1900000000000000e+02   9.1797828674316406e-02
   2.2590000000000001e+02   9.6395606994628906e+00
   2.2909999999999999e+02   9.1116050720214801e+01
   2.2919999999999999e+02   2.7654075622558601e+01
   2.3000000000000000e+02   9.8842216491699205e+01
   2.3009999999999999e+02   3.4546960449218801e+02
   2.3019999999999999e+02   9.6526313781738295e+01
   2.3090000000000001e+02   1.5925062179565399e+01
   2.3109999999999999e+02   1.4410583496093801e+02
   2.3119999999999999e+02   1.1620192718505901e+02
   2.3200000000000000e+02   1.1230404853820801e+01
   2.3280000000000001e+02   1.6333881378173800e+01
   2.3300000000000000e+02   1.7951694488525401e+01
   2.3680000000000001e+02   3.4295501708984403e+01
   2.3690000000000001e+02   5.9006385803222701e+00
   2.3700000000000000e+02   1.9488759994506800e+01
   2.4100000000000000e+02   3.0226388931274400e+01
   2.5100000000000000e+02   5.2090141296386697e+01
   2.5610000000000002e+02   1.7453805923461900e+01
   2.5630000000000001e+02   1.6393375396728501e+01
   2.5660000000000002e+02   9.8383388519287092e+00
   2.5680000000000001e+02   1.2421823501586900e+01
   2.5700000000000000e+02   2.7548311233520501e+01
   2.5710000000000002e+02   2.7927273559570301e+02
   2.5730000000000001e+02   1.6520381927490199e+01
   2.5810000000000002e+02   1.9602861404418899e+01
   2.5819999999999999e+02   5.9079913330078102e+02
   2.5919999999999999e+02   8.2652867187500000e+04
   2.6019999999999999e+02   1.4938271484375000e+04
   2.6119999999999999e+02   1.2215706787109400e+03
   2.6119999999999999e+02   2.0142523193359401e+02
   2.6219999999999999e+02   6.8668624877929702e+01
   2.7700000000000000e+02   1.5950981140136699e+01
   2.7910000000000002e+02   1.4493138122558599e+02
   2.7919999999999999e+02   1.0239408874511700e+02
   2.9289999999999998e+02   1.6732788085937500e+01
   2.9310000000000002e+02   1.1573124885559100e+01
   3.0719999999999999e+02   1.8597694396972699e+01
   3.4810000000000002e+02   1.1738658905029300e+02
   3.4830000000000001e+02   3.3121845245361300e+01
   3.4910000000000002e+02   1.3028242111206101e+01
   3.4939999999999998e+02   1.2890328407287599e+01
   3.5019999999999999e+02   1.1320841789245600e+01
   3.5119999999999999e+02   1.8890302658081101e+01
   3.5150000000000000e+02   9.8174352645874006e+00
