   4.0100000000000001e+01   9.9104698181152301e+01
   4.0200000000000003e+01   1.9696641921997099e+01
   4.1000000000000000e+01   3.3873791503906300e+03
   4.2000000000000000e+01   3.5421984863281300e+03
   4.3000000000000000e+01   5.3978424072265602e+02
   4.3100000000000001e+01   5.1993535156250000e+03
   4.4000000000000000e+01   7.4524487304687500e+02
   4.4100000000000001e+01   7.3384887695312500e+02
   4.5000000000000000e+01   1.3889576911926300e+01
   4.8899999999999999e+01   5.8620648384094203e+00
   4.9799999999999997e+01   2.3552724838256800e+01
   5.0000000000000000e+01   1.4561753845214801e+02
   5.0100000000000001e+01   9.2600841522216797e+00
   5.0899999999999999e+01   3.2941149902343801e+02
   5.1000000000000000e+01   4.4306771850585898e+02
   5.1899999999999999e+01   1.8038284301757798e+01
   5.2000000000000000e+01   1.9131166076660199e+02
   5.2200000000000003e+01   5.9243679046630904e+00
   5.2899999999999999e+01   1.6453826904296901e+02
   5.3000000000000000e+01   1.7432139587402301e+02
   5.3200000000000003e+01   5.0111892700195298e+01
   5.3799999999999997e+01   7.4570746421814000e+00
   5.3899999999999999e+01   1.1319466590881300e+01
   5.4000000000000000e+01   3.4757446289062500e+02
   5.4899999999999999e+01   1.0886863708496101e+01
   5.5000000000000000e+01   1.3538818359375000e+03
   5.6000000000000000e+01   5.9289349365234398e+02
   5.6100000000000001e+01   4.8409446716308601e+01
   5.6899999999999999e+01   3.8200439453125000e+01
   5.7000000000000000e+01   2.4836244201660199e+02
   5.7100000000000001e+01   1.9450398254394500e+02
   5.7899999999999999e+01   3.2627616882324197e+01
   5.8100000000000001e+01   3.9112026214599602e+01
   5.9000000000000000e+01   8.6902755737304702e+01
   5.9100000000000001e+01   3.2018661499023399e-01
   5.9200000000000003e+01   8.4372100830078107e+00
   6.1000000000000000e+01   8.5630893707275408e+00
   6.1899999999999999e+01   2.7329080581665000e+01
   6.2000000000000000e+01   3.3396137237548800e+01
   6.2899999999999999e+01   9.1889343261718807e+01
   6.3000000000000000e+01   3.1354675292968801e+02
   6.3899999999999999e+01   3.7434268951416001e+01
   6.4000000000000000e+01   1.7595559692382801e+02
   6.4099999999999994e+01   1.7665784835815401e+01
   6.4900000000000006e+01   2.1423404693603501e+01
   6.5000000000000000e+01   1.4365114746093800e+03
   6.5099999999999994e+01   1.6300741195678700e+01
   6.5799999999999997e+01   7.7355399131774902e+00
   6.6000000000000000e+01   1.5991993713378901e+02
   6.6099999999999994e+01   1.4416162109375000e+02
   6.6900000000000006e+01   2.3710539245605500e+02
   6.7000000000000000e+01   3.8253924560546898e+02
   6.7099999999999994e+01   5.1910503387451200e+01
   6.7799999999999997e+01   1.2679523468017599e+01
   6.7900000000000006e+01   9.5794403076171903e+01
   6.8000000000000000e+01   8.8734075927734398e+02
   6.8900000000000006e+01   1.6942121887207000e+02
   6.9099999999999994e+01   1.1535334472656300e+03
   6.9799999999999997e+01   9.6331920623779297e+00
   7.0000000000000000e+01   3.2188418579101602e+02
   7.0099999999999994e+01   1.0566340332031300e+03
   7.1000000000000000e+01   1.6369162109375000e+04
   7.2000000000000000e+01   7.4536511230468795e+02
   7.2799999999999997e+01   4.3722248077392599e+01
   7.3000000000000000e+01   7.8883842468261705e+01
   7.3099999999999994e+01   1.2574758529663100e+01
   7.3799999999999997e+01   1.4853723526001000e+01
   7.4000000000000000e+01   4.7999057769775398e+01
   7.4099999999999994e+01   3.6387065887451200e+01
   7.4799999999999997e+01   1.9649328231811499e+01
   7.5000000000000000e+01   5.6154785156250000e+01
   7.5900000000000006e+01   3.4820262908935497e+01
   7.6000000000000000e+01   1.0710638427734401e+02
   7.6099999999999994e+01   7.3575836181640597e+01
   7.7000000000000000e+01   4.4356328125000000e+03
   7.7900000000000006e+01   2.7426395416259801e+01
   7.8000000000000000e+01   8.7925170898437500e+02
   7.8099999999999994e+01   2.2194560241699199e+02
   7.8900000000000006e+01   1.2581097412109401e+02
   7.9000000000000000e+01   1.5928186035156300e+03
   8.0000000000000000e+01   2.0699967956543000e+02
   8.0099999999999994e+01   2.0163513183593801e+02
   8.0799999999999997e+01   2.2876518249511701e+01
   8.0900000000000006e+01   1.5210566711425801e+02
   8.1000000000000000e+01   6.1904655456542997e+01
   8.1900000000000006e+01   2.9282970428466800e+01
   8.2000000000000000e+01   2.9813931274414102e+02
   8.2000000000000000e+01   6.2193902587890602e+02
   8.2900000000000006e+01   8.1044410705566406e+01
   8.3099999999999994e+01   1.0415751647949200e+02
   8.4000000000000000e+01   1.4919036865234401e+02
   8.4099999999999994e+01   1.3738555908203099e+02
   8.4200000000000003e+01   2.6314773559570298e+01
   8.5099999999999994e+01   9.4534616470336896e+00
   8.8799999999999997e+01   1.7193616867065401e+01
   8.9000000000000000e+01   2.5708773803710898e+02
   8.9099999999999994e+01   1.0748210906982401e+02
   8.9200000000000003e+01   2.1956258773803700e+01
   8.9900000000000006e+01   5.6419776916503899e+01
   9.0099999999999994e+01   1.2103184509277300e+02
   9.0200000000000003e+01   8.5783248901367202e+01
   9.1000000000000000e+01   4.8813344726562500e+03
   9.1900000000000006e+01   3.9291923522949197e+01
   9.2000000000000000e+01   7.6589208984375000e+02
   9.2099999999999994e+01   8.5034172058105497e+01
   9.2200000000000003e+01   6.8636932373046902e+00
   9.2799999999999997e+01   7.7887425422668501e+00
   9.3000000000000000e+01   4.2003039550781301e+02
   9.3099999999999994e+01   6.3612506103515602e+02
   9.3799999999999997e+01   3.7449005126953097e+01
   9.3900000000000006e+01   1.7951631546020501e+01
   9.4000000000000000e+01   7.9602758789062500e+02
   9.4200000000000003e+01   2.2218568801879901e+01
   9.4900000000000006e+01   8.4617261886596697e+00
   9.5000000000000000e+01   3.2205468750000000e+02
   9.5099999999999994e+01   3.5169509887695301e+02
   9.6099999999999994e+01   4.0706096191406300e+03
   9.6900000000000006e+01   3.7556392669677699e+01
   9.7000000000000000e+01   2.0126428222656301e+02
   9.7099999999999994e+01   7.5159014892578102e+02
   9.7799999999999997e+01   1.2338196754455600e+01
   9.7900000000000006e+01   4.0218307495117202e+01
   9.8099999999999994e+01   2.7710458374023398e+02
   9.8299999999999997e+01   1.2144762992858899e+01
   9.8900000000000006e+01   1.6886781692504901e+01
   9.9099999999999994e+01   1.4109094619751000e+01
   1.0190000000000001e+02   2.5761787414550799e+01
   1.0190000000000001e+02   7.6758460998535199e+01
   1.0209999999999999e+02   9.0707466125488295e+01
   1.0220000000000000e+02   9.5743217468261701e+00
   1.0290000000000001e+02   5.8992115020752003e+01
   1.0300000000000000e+02   1.2982947998046900e+03
   1.0309999999999999e+02   2.7214880371093801e+02
   1.0390000000000001e+02   2.5076208114623999e+01
   1.0400000000000000e+02   2.1883793945312500e+03
   1.0509999999999999e+02   7.3653754882812500e+03
   1.0600000000000000e+02   1.0589326171875000e+03
   1.0680000000000000e+02   1.2358921051025400e+01
   1.0700000000000000e+02   4.7442203521728501e+01
   1.0709999999999999e+02   2.3755773544311499e+01
   1.0800000000000000e+02   1.2230906486511200e+01
   1.0809999999999999e+02   2.0697614669799801e+01
   1.0900000000000000e+02   2.8312671661376999e+01
   1.1000000000000000e+02   1.0596351623535201e+01
   1.1020000000000000e+02   1.3153196334838899e+01
   1.1390000000000001e+02   5.7406339645385698e+00
   1.1480000000000000e+02   1.5685956001281699e+01
   1.1490000000000001e+02   1.3883502197265599e+02
   1.1509999999999999e+02   1.4519398498535199e+02
   1.1580000000000000e+02   2.1592094421386701e+01
   1.1590000000000001e+02   8.4056549072265597e+01
   1.1600000000000000e+02   2.3974903106689499e+01
   1.1620000000000000e+02   2.8410121917724599e+01
   1.1700000000000000e+02   4.5941546630859398e+02
   1.1700000000000000e+02   5.4688824462890602e+02
   1.1709999999999999e+02   1.2867717742919901e+01
   1.1780000000000000e+02   1.8695688247680700e+01
   1.1800000000000000e+02   5.1445794677734398e+02
   1.1809999999999999e+02   1.0040524291992200e+03
   1.1880000000000000e+02   5.9671111106872603e+00
   1.1890000000000001e+02   1.1805101776123000e+02
   1.1900000000000000e+02   4.6108969116210898e+02
   1.1909999999999999e+02   2.3120904541015599e+02
   1.1920000000000000e+02   1.0924827575683601e+01
   1.1990000000000001e+02   1.2120879173278800e+01
   1.2000000000000000e+02   2.4704286193847699e+02
   1.2009999999999999e+02   6.5669273376464801e+01
   1.2080000000000000e+02   1.9208944320678700e+01
   1.2100000000000000e+02   1.7048812866210898e+01
   1.2180000000000000e+02   6.4416394233703604e+00
   1.2220000000000000e+02   8.7456426620483398e+00
   1.2290000000000001e+02   6.5684690475463903e+00
   1.2670000000000000e+02   6.0107421875000000e+00
   1.2790000000000001e+02   3.2098659515380902e+01
   1.2800000000000000e+02   9.8344841003417997e+01
   1.2819999999999999e+02   8.5908565521240199e+00
   1.2890000000000001e+02   4.5758640289306598e+01
   1.2900000000000000e+02   1.9380371093750000e+01
   1.2909999999999999e+02   2.4050846099853501e+01
   1.2919999999999999e+02   2.5786958694458001e+01
   1.3000000000000000e+02   6.6355267333984398e+02
   1.3009999999999999e+02   1.6355307617187500e+03
   1.3090000000000001e+02   5.0050319671630902e+01
   1.3100000000000000e+02   1.4306339111328100e+03
   1.3169999999999999e+02   1.5616182327270501e+01
   1.3200000000000000e+02   9.4579998779296898e+02
   1.3209999999999999e+02   1.3174000244140600e+03
   1.3219999999999999e+02   2.3812461853027301e+01
   1.3290000000000001e+02   1.4929904174804699e+02
   1.3309999999999999e+02   2.5601379394531301e+02
   1.3390000000000001e+02   3.3533809661865199e+01
   1.3400000000000000e+02   1.7007409667968801e+02
   1.3419999999999999e+02   2.3541053771972699e+01
   1.3490000000000001e+02   3.3059139251708999e+01
   1.3509999999999999e+02   8.2684116363525408e+00
   1.3669999999999999e+02   1.7078491210937500e+01
   1.3680000000000001e+02   1.1949420928955099e+01
   1.3709999999999999e+02   9.2536094665527301e+01
   1.3900000000000000e+02   2.3112844848632801e+02
   1.3909999999999999e+02   2.6171719360351602e+02
   1.4009999999999999e+02   6.0458178520202601e+00
   1.4119999999999999e+02   7.1392626762390101e+00
   1.4200000000000000e+02   1.1151137351989700e+01
   1.4209999999999999e+02   8.4729070663452095e+00
   1.4269999999999999e+02   1.4856938362121600e+01
   1.4290000000000001e+02   3.3507522583007798e+01
   1.4300000000000000e+02   6.7344871520996094e+01
   1.4319999999999999e+02   6.6274356842040998e+00
   1.4380000000000001e+02   3.5180595397949197e+01
   1.4400000000000000e+02   3.4603433227539102e+02
   1.4409999999999999e+02   1.2428729248046901e+02
   1.4500000000000000e+02   1.8603811645507801e+02
   1.4519999999999999e+02   1.3024156188964801e+02
   1.4519999999999999e+02   6.4763885498046903e+01
   1.4600000000000000e+02   2.3886497497558599e+02
   1.4609999999999999e+02   8.1770092773437500e+03
   1.4690000000000001e+02   1.0403501892089800e+02
   1.4700000000000000e+02   8.1207690429687500e+02
   1.4719999999999999e+02   1.5199262619018601e+01
   1.4800000000000000e+02   8.8300621032714801e+01
   1.4809999999999999e+02   1.3796261596679699e+02
   1.5180000000000001e+02   5.7845120429992702e+00
   1.5380000000000001e+02   6.6411600112915004e+00
   1.5400000000000000e+02   6.4621348381042498e+00
   1.5490000000000001e+02   1.4636938095092800e+01
   1.5509999999999999e+02   1.2245025634765600e+01
   1.5590000000000001e+02   7.9648834228515597e+01
   1.5600000000000000e+02   1.6285070419311499e+01
   1.5609999999999999e+02   6.1709141731262198e+00
   1.5680000000000001e+02   1.6835121154785199e+01
   1.5700000000000000e+02   3.8521625518798800e+01
   1.5719999999999999e+02   2.4720607757568398e+01
   1.5790000000000001e+02   9.8955986022949205e+01
   1.5809999999999999e+02   4.1754156494140602e+02
   1.5880000000000001e+02   2.4350952148437500e+01
   1.5890000000000001e+02   1.1929076385498000e+02
   1.5900000000000000e+02   2.3965574645996099e+02
   1.5919999999999999e+02   6.1040523529052699e+01
   1.6000000000000000e+02   2.1306512451171901e+02
   1.6009999999999999e+02   3.0681558227539102e+02
   1.6019999999999999e+02   1.2178749084472700e+02
   1.6090000000000001e+02   2.6625461578369102e+01
   1.6100000000000000e+02   4.2683132171630902e+01
   1.6119999999999999e+02   2.4753194808960000e+01
   1.6319999999999999e+02   7.0422902107238796e+00
   1.6540000000000001e+02   6.1941494941711399e+00
   1.6809999999999999e+02   1.4969337463378899e+01
   1.6990000000000001e+02   1.3392506599426300e+01
   1.7000000000000000e+02   8.1354856491088903e+00
   1.7090000000000001e+02   6.8917121887206996e+00
   1.7100000000000000e+02   2.3345993041992202e+01
   1.7180000000000001e+02   5.8952302932739302e+00
   1.7200000000000000e+02   5.4205764770507798e+01
   1.7209999999999999e+02   4.3608303070068402e+01
   1.7300000000000000e+02   6.7954391479492202e+01
   1.7309999999999999e+02   5.4142486572265597e+01
   1.7380000000000001e+02   6.1297245025634801e+00
   1.7390000000000001e+02   5.2336334228515597e+01
   1.7409999999999999e+02   9.0457847595214801e+01
   1.7490000000000001e+02   1.3454487800598100e+01
   1.8190000000000001e+02   1.1671546936035201e+01
   1.8209999999999999e+02   1.7353916168212901e+01
   1.8390000000000001e+02   9.2462219238281307e+01
   1.8409999999999999e+02   3.8713562011718801e+02
   1.8419999999999999e+02   2.1040832519531300e+01
   1.8480000000000001e+02   2.1041433334350600e+01
   1.8509999999999999e+02   3.2376684570312500e+02
   1.8519999999999999e+02   6.8568908691406307e+01
   1.8590000000000001e+02   7.6169371604919398e+00
   1.8600000000000000e+02   2.4824737548828099e+02
   1.8609999999999999e+02   8.9792779541015602e+02
   1.8680000000000001e+02   1.4279946327209499e+01
   1.8690000000000001e+02   4.1420291900634801e+01
   1.8709999999999999e+02   7.6812957763671898e+02
   1.8719999999999999e+02   2.4498472213745099e+01
   1.8800000000000000e+02   2.1863586425781301e+02
   1.8809999999999999e+02   2.4224704589843800e+03
   1.8909999999999999e+02   5.7998564453125000e+03
   1.9000000000000000e+02   8.8674362182617202e+01
   1.9009999999999999e+02   5.5157464599609398e+02
   1.9019999999999999e+02   1.0708020782470700e+02
   1.9090000000000001e+02   9.0122932434082003e+01
   1.9109999999999999e+02   1.5751803588867199e+02
   1.9200000000000000e+02   2.2503101348876999e+01
   1.9209999999999999e+02   6.0118899345397896e+00
   1.9800000000000000e+02   6.8628354072570801e+00
   2.0000000000000000e+02   2.3762550354003899e+01
   2.0100000000000000e+02   5.8201932907104501e+00
   2.0169999999999999e+02   5.9505167007446298e+00
   2.0200000000000000e+02   2.8069196701049801e+01
   2.0209999999999999e+02   2.9397287368774400e+01
   2.0290000000000001e+02   5.8414235115051296e+00
   2.1090000000000001e+02   1.1555254936218301e+01
   2.1100000000000000e+02   1.9521354675293001e+01
   2.1200000000000000e+02   6.4014883041381800e+00
   2.1409999999999999e+02   2.5035551071166999e+01
   2.1480000000000001e+02   1.3654251098632799e+00
   2.1490000000000001e+02   1.9008511352539099e+02
   2.1500000000000000e+02   3.9870548248290998e+00
   2.1600000000000000e+02   5.3406330108642599e+01
   2.1609999999999999e+02   6.1694534301757798e+01
   2.1690000000000001e+02   1.2763784408569300e+01
   2.1709999999999999e+02   5.6274845123291001e+01
   2.1900000000000000e+02   2.9037370681762699e+01
   2.2900000000000000e+02   2.6451772689819300e+01
   2.2909999999999999e+02   2.7747694015502901e+01
   2.2919999999999999e+02   1.3550498962402299e+01
   2.3100000000000000e+02   7.1521768569946298e+00
   2.3109999999999999e+02   5.3687957763671903e+01
   2.3119999999999999e+02   6.2420134544372603e+00
   2.3269999999999999e+02   3.6926145553588898e+00
   2.3290000000000001e+02   3.2348285675048800e+01
   2.3309999999999999e+02   2.8922161102294901e+01
   2.3690000000000001e+02   4.3102275848388700e+01
   2.3700000000000000e+02   2.7208591461181602e+01
   2.3809999999999999e+02   1.6365571975708001e+01
   2.4400000000000000e+02   1.2373839569091800e+02
   2.4409999999999999e+02   2.5659448242187500e+02
   2.4480000000000001e+02   8.2815275192260707e+00
   2.4500000000000000e+02   6.6037315368652301e+01
   2.4509999999999999e+02   4.9572208404541001e+01
   2.5689999999999998e+02   6.7127766609191903e+00
   2.5710000000000002e+02   1.6974618911743200e+01
   2.5810000000000002e+02   7.3942108154296902e+00
   2.5900000000000000e+02   7.3910083770751998e+00
   2.7900000000000000e+02   7.9410219192504901e+00
   2.7910000000000002e+02   3.3565921783447301e+01
   2.7919999999999999e+02   9.4151840209960902e+00
   2.8489999999999998e+02   8.8010368347168004e+00
   2.8500000000000000e+02   2.6985414505004901e+01
   2.8519999999999999e+02   4.2092975616455099e+01
   2.8600000000000000e+02   1.3477835655212401e+01
   2.8619999999999999e+02   6.3173812866210902e+01
   2.8719999999999999e+02   2.1049533203125000e+04
   2.8800000000000000e+02   1.7409841537475600e+01
   2.8819999999999999e+02   4.1425991210937500e+03
   2.8900000000000000e+02   2.3624959945678700e+01
   2.8910000000000002e+02   9.5333969116210895e+01
   2.8919999999999999e+02   3.6142913818359398e+02
   2.8950000000000000e+02   7.2855877876281703e+00
   2.9289999999999998e+02   7.7566795349121103e+00
   3.7610000000000002e+02   6.5009040832519496e+00
   3.7619999999999999e+02   1.5727659225463899e+01
