   4.0100000000000001e+01   1.8774082946777301e+02
   4.0200000000000003e+01   1.5212324523925801e+02
   4.1100000000000001e+01   1.0834041015625000e+04
   4.2100000000000001e+01   1.2526345703125000e+04
   4.3000000000000000e+01   4.0280071258544901e+01
   4.3100000000000001e+01   2.4974121093750000e+03
   4.4000000000000000e+01   6.1640512695312500e+03
   4.4899999999999999e+01   2.4038656234741200e+01
   4.5000000000000000e+01   6.4339836120605497e+01
   4.5100000000000001e+01   7.8505340576171903e+01
   4.9100000000000001e+01   2.5666458129882798e+01
   4.9799999999999997e+01   2.9910055160522500e+01
   5.0000000000000000e+01   3.4605200195312500e+02
   5.0100000000000001e+01   1.3001493835449199e+02
   5.1000000000000000e+01   1.8956345214843800e+03
   5.1100000000000001e+01   3.8566913604736300e+01
   5.2000000000000000e+01   4.9707266235351602e+02
   5.2100000000000001e+01   1.5811044311523401e+02
   5.2899999999999999e+01   1.9096998596191401e+02
   5.3000000000000000e+01   8.2253765869140602e+02
   5.3799999999999997e+01   2.4641210556030298e+01
   5.4000000000000000e+01   4.5863754272460898e+02
   5.4000000000000000e+01   6.9986962890625000e+02
   5.5000000000000000e+01   4.9598398437500000e+03
   5.5899999999999999e+01   5.9399230957031300e+01
   5.6100000000000001e+01   2.5121052246093800e+03
   5.6200000000000003e+01   5.0816833496093800e+01
   5.7100000000000001e+01   1.9750769531250000e+04
   5.7899999999999999e+01   3.6003704071044901e+01
   5.8100000000000001e+01   9.9835192871093795e+02
   5.9000000000000000e+01   2.2091680908203099e+02
   6.0899999999999999e+01   2.1967716217041001e+01
   6.1899999999999999e+01   9.0045366287231392e+00
   6.2000000000000000e+01   2.2882757568359401e+02
   6.2100000000000001e+01   1.9514114379882798e+01
   6.3000000000000000e+01   1.0047924194335900e+03
   6.3100000000000001e+01   2.9377395629882798e+01
   6.3700000000000003e+01   1.2416824340820300e+01
   6.4000000000000000e+01   5.4582946777343795e+02
   6.4099999999999994e+01   7.9673492431640597e+01
   6.4299999999999997e+01   1.4410735130310099e+01
   6.5000000000000000e+01   4.5442685546875000e+03
   6.6000000000000000e+01   2.5350563049316401e+02
   6.6000000000000000e+01   6.5442645263671898e+02
   6.6200000000000003e+01   1.8544319152831999e+01
   6.6900000000000006e+01   1.2083701324462901e+02
   6.7000000000000000e+01   2.0112695312500000e+03
   6.7099999999999994e+01   1.8176269531250000e+01
   6.8000000000000000e+01   2.9767836914062500e+03
   6.8099999999999994e+01   3.3234836578369098e+01
   6.9099999999999994e+01   2.8107075195312500e+03
   7.0099999999999994e+01   5.0330214843750000e+03
   7.0900000000000006e+01   1.6096372985839801e+02
   7.1000000000000000e+01   4.4862963867187500e+02
   7.1200000000000003e+01   1.1668538093566900e+01
   7.1900000000000006e+01   2.0415369033813501e+01
   7.2000000000000000e+01   1.4091387748718301e+01
   7.2799999999999997e+01   1.6297723770141602e+01
   7.2900000000000006e+01   2.2092763900756800e+01
   7.3099999999999994e+01   4.6560676574707003e+01
   7.3900000000000006e+01   8.9796821594238295e+01
   7.4000000000000000e+01   1.5882984924316401e+02
   7.4900000000000006e+01   1.1036635589599599e+02
   7.5000000000000000e+01   1.2883164978027301e+02
   7.5799999999999997e+01   1.0009309387207000e+02
   7.6000000000000000e+01   2.9678131103515602e+02
   7.6099999999999994e+01   2.8586907958984398e+02
   7.6299999999999997e+01   1.3608104705810501e+01
   7.7000000000000000e+01   1.4371534179687500e+04
   7.7900000000000006e+01   1.1347299194335901e+02
   7.8000000000000000e+01   2.9747473144531300e+03
   7.9000000000000000e+01   5.2121093750000000e+03
   8.0000000000000000e+01   1.0110289306640600e+03
   8.0099999999999994e+01   2.1577188110351599e+02
   8.0799999999999997e+01   1.4486330986022899e+01
   8.1000000000000000e+01   2.9974398803710898e+02
   8.1099999999999994e+01   2.3845599365234401e+02
   8.2000000000000000e+01   1.1552076416015600e+03
   8.2099999999999994e+01   1.5488198242187500e+03
   8.2200000000000003e+01   4.2670032501220703e+01
   8.3000000000000000e+01   9.9884283447265602e+02
   8.4000000000000000e+01   1.0649541015625000e+03
   8.4099999999999994e+01   3.5799282836914102e+02
   8.5099999999999994e+01   8.0310551757812500e+03
   8.6000000000000000e+01   2.5229670715332000e+02
   8.6000000000000000e+01   9.9647758483886705e+01
   8.6099999999999994e+01   1.4472145080566401e+02
   8.6799999999999997e+01   1.1674106597900400e+01
   8.8000000000000000e+01   2.0615961074829102e+01
   8.8900000000000006e+01   1.1698577880859401e+02
   8.9000000000000000e+01   8.2282843017578102e+02
   8.9200000000000003e+01   1.2386585235595700e+02
   9.0000000000000000e+01   3.2069604492187500e+02
   9.0099999999999994e+01   4.3642868041992199e+02
   9.0200000000000003e+01   9.1156173706054702e+01
   9.1000000000000000e+01   2.1481689453125000e+04
   9.2000000000000000e+01   3.1149003906250000e+03
   9.2200000000000003e+01   8.0234039306640597e+01
   9.3000000000000000e+01   6.0334482421875000e+03
   9.4000000000000000e+01   3.4415883789062500e+03
   9.4200000000000003e+01   1.0953716278076200e+02
   9.4900000000000006e+01   9.3199325561523395e+01
   9.5000000000000000e+01   1.7238154296875000e+03
   9.5099999999999994e+01   2.2012319946289099e+02
   9.6099999999999994e+01   1.2627992187500000e+04
   9.7000000000000000e+01   1.4530418701171900e+03
   9.7099999999999994e+01   9.1187670898437500e+02
   9.7900000000000006e+01   5.3076797485351598e+01
   9.8000000000000000e+01   4.7015652465820301e+02
   9.8099999999999994e+01   2.6332589721679699e+02
   9.8900000000000006e+01   1.0857316970825201e+01
   1.0080000000000000e+02   8.0435142517089801e+01
   1.0100000000000000e+02   1.5388719177246099e+02
   1.0140000000000001e+02   1.4536815643310501e+01
   1.0190000000000001e+02   3.6202682495117202e+01
   1.0200000000000000e+02   4.7699829101562500e+02
   1.0220000000000000e+02   8.4257682800292997e+01
   1.0300000000000000e+02   4.9728271484375000e+03
   1.0400000000000000e+02   7.8535688476562500e+03
   1.0509999999999999e+02   2.0592898437500000e+04
   1.0600000000000000e+02   3.5213024902343800e+03
   1.0700000000000000e+02   2.5211012268066401e+02
   1.0709999999999999e+02   1.7236593627929699e+02
   1.0800000000000000e+02   6.4834411621093807e+01
   1.0809999999999999e+02   1.5617984008789099e+02
   1.0820000000000000e+02   5.0876701354980497e+01
   1.0890000000000001e+02   7.5309326171875000e+01
   1.0900000000000000e+02   4.5805995941162102e+01
   1.0909999999999999e+02   3.9744697570800803e+01
   1.0990000000000001e+02   2.9792230606079102e+01
   1.1020000000000000e+02   1.0289700508117701e+01
   1.1100000000000000e+02   1.1127980041503901e+02
   1.1109999999999999e+02   5.2452739715576200e+01
   1.1200000000000000e+02   5.8070404052734403e+01
   1.1220000000000000e+02   2.5092992782592798e+01
   1.1280000000000000e+02   2.6026809692382798e+01
   1.1300000000000000e+02   1.0306818008422900e+01
   1.1390000000000001e+02   3.5669353485107401e+01
   1.1420000000000000e+02   4.9218856811523402e+01
   1.1470000000000000e+02   3.3963500976562500e+01
   1.1500000000000000e+02   2.9921105957031301e+02
   1.1509999999999999e+02   5.0375585937500000e+02
   1.1520000000000000e+02   3.8725387573242202e+01
   1.1590000000000001e+02   1.9555555725097699e+02
   1.1600000000000000e+02   3.8729089355468801e+02
   1.1609999999999999e+02   3.1186271667480501e+01
   1.1709999999999999e+02   2.9565444335937500e+03
   1.1800000000000000e+02   7.2226645507812500e+03
   1.1900000000000000e+02   2.8028974609375000e+03
   1.1909999999999999e+02   4.8041641235351602e+02
   1.2000000000000000e+02   4.6317309570312500e+02
   1.2009999999999999e+02   1.0188618164062500e+03
   1.2090000000000001e+02   7.9555603027343807e+01
   1.2109999999999999e+02   6.7842514038085895e+01
   1.2190000000000001e+02   2.0631317138671900e+01
   1.2200000000000000e+02   3.5848258972167997e+01
   1.2209999999999999e+02   4.0536727905273402e+01
   1.2309999999999999e+02   9.2260732650756800e+00
   1.2600000000000000e+02   9.2693061828613299e+00
   1.2680000000000000e+02   1.0377537727356000e+01
   1.2700000000000000e+02   4.9507827758789098e+01
   1.2709999999999999e+02   3.5852993011474602e+01
   1.2790000000000001e+02   1.6083743286132801e+02
   1.2809999999999999e+02   1.8036358642578099e+02
   1.2819999999999999e+02   4.7139827728271499e+01
   1.2890000000000001e+02   4.1724029541015597e+01
   1.2900000000000000e+02   2.0209986877441401e+02
   1.2909999999999999e+02   3.3585873413085898e+02
   1.2930000000000001e+02   2.5154470443725600e+01
   1.3000000000000000e+02   9.1523554687500000e+03
   1.3109999999999999e+02   5.7307416992187500e+03
   1.3209999999999999e+02   9.9555390625000000e+03
   1.3300000000000000e+02   5.6507208251953102e+02
   1.3309999999999999e+02   1.2903515625000000e+03
   1.3390000000000001e+02   8.2422897338867202e+01
   1.3409999999999999e+02   1.0859611816406300e+03
   1.3480000000000001e+02   1.3428153991699199e+01
   1.3490000000000001e+02   2.2748532104492199e+02
   1.3500000000000000e+02   2.5581849670410199e+02
   1.3519999999999999e+02   4.4212085723877003e+01
   1.3590000000000001e+02   4.8661544799804702e+01
   1.3609999999999999e+02   1.0436154937744099e+02
   1.3669999999999999e+02   2.6077785491943399e+00
   1.3690000000000001e+02   1.7439566040039099e+02
   1.3809999999999999e+02   1.5351662635803200e+01
   1.3830000000000001e+02   9.5579757690429705e+00
   1.3890000000000001e+02   1.8995645523071300e+01
   1.3909999999999999e+02   1.6060095214843800e+03
   1.3990000000000001e+02   2.8237857818603501e+01
   1.4009999999999999e+02   7.1759956359863295e+01
   1.4009999999999999e+02   5.2815830230712898e+01
   1.4080000000000001e+02   2.5760358810424801e+01
   1.4100000000000000e+02   7.3520751953125000e+01
   1.4109999999999999e+02   1.3073149681091300e+01
   1.4190000000000001e+02   5.0105285644531300e+01
   1.4209999999999999e+02   5.6006580352783203e+01
   1.4230000000000001e+02   9.5853919982910192e+00
   1.4290000000000001e+02   3.0050920486450199e+01
   1.4300000000000000e+02   2.5847286987304699e+02
   1.4309999999999999e+02   2.1251741027832000e+02
   1.4400000000000000e+02   7.6163494873046898e+02
   1.4409999999999999e+02   9.0908978271484398e+02
   1.4500000000000000e+02   3.7622958374023398e+02
   1.4509999999999999e+02   9.2651080322265602e+02
   1.4530000000000001e+02   1.0614373779296901e+02
   1.4609999999999999e+02   3.7977265625000000e+04
   1.4709999999999999e+02   2.9324086914062500e+03
   1.4709999999999999e+02   1.7973435058593800e+03
   1.4790000000000001e+02   1.1774156570434601e+01
   1.4800000000000000e+02   7.8456738281250000e+02
   1.4819999999999999e+02   1.2978242874145501e+01
   1.4900000000000000e+02   2.4788797378540000e+01
   1.4909999999999999e+02   1.4373311042785600e+01
   1.5200000000000000e+02   1.0324556350708001e+01
   1.5290000000000001e+02   2.8395013809204102e+01
   1.5309999999999999e+02   1.2762158393859901e+01
   1.5390000000000001e+02   1.1369758605956999e+01
   1.5409999999999999e+02   1.1052900314331101e+01
   1.5480000000000001e+02   9.5544233322143608e+00
   1.5490000000000001e+02   9.8915908813476605e+01
   1.5509999999999999e+02   2.9225086212158200e+01
   1.5600000000000000e+02   1.8064149475097699e+02
   1.5609999999999999e+02   2.2258856201171901e+02
   1.5619999999999999e+02   3.4522365570068402e+01
   1.5680000000000001e+02   6.8081169128417997e+01
   1.5700000000000000e+02   1.0596046447753901e+02
   1.5709999999999999e+02   1.0134098815918000e+02
   1.5800000000000000e+02   1.8554249267578100e+03
   1.5900000000000000e+02   6.4778240966796898e+02
   1.5909999999999999e+02   8.9972070312500000e+02
   1.6000000000000000e+02   4.3103179931640597e+01
   1.6009999999999999e+02   2.9228496093750000e+03
   1.6090000000000001e+02   8.5742073059082003e+01
   1.6100000000000000e+02   3.7936828613281301e+02
   1.6119999999999999e+02   2.7315141677856399e+01
   1.6209999999999999e+02   1.1974287033081101e+01
   1.6709999999999999e+02   1.3658108711242701e+01
   1.6800000000000000e+02   6.3962554931640597e+01
   1.6809999999999999e+02   4.3647552490234403e+01
   1.6890000000000001e+02   1.1346064567565900e+01
   1.6909999999999999e+02   1.4573239326477101e+01
   1.6990000000000001e+02   4.2225646972656300e+01
   1.7009999999999999e+02   2.9867797851562500e+01
   1.7019999999999999e+02   2.9751008987426800e+01
   1.7100000000000000e+02   4.3961978912353501e+01
   1.7109999999999999e+02   2.4243595123291001e+01
   1.7209999999999999e+02   3.0348516845703102e+02
   1.7230000000000001e+02   6.1840332031250000e+01
   1.7300000000000000e+02   2.6086401367187500e+02
   1.7309999999999999e+02   2.7106765747070301e+02
   1.7390000000000001e+02   2.5810136795043899e+01
   1.7400000000000000e+02   4.9503448486328097e+01
   1.7409999999999999e+02   1.0549626922607401e+02
   1.7490000000000001e+02   4.7338142395019503e+01
   1.7509999999999999e+02   5.7276237487792997e+01
   1.7690000000000001e+02   2.1063503265380898e+01
   1.7700000000000000e+02   1.5903909301757801e+02
   1.7709999999999999e+02   1.4792027282714801e+02
   1.7780000000000001e+02   1.0071920394897500e+01
   1.7790000000000001e+02   3.3454536437988303e+01
   1.7809999999999999e+02   2.7862670898437500e+02
   1.7830000000000001e+02   1.0348696708679199e+01
   1.7880000000000001e+02   9.4335870742797905e+00
   1.7909999999999999e+02   1.6351959228515600e+01
   1.8009999999999999e+02   2.1146621704101602e+01
   1.8190000000000001e+02   3.1120023727416999e+01
   1.8200000000000000e+02   1.1775877380371099e+02
   1.8219999999999999e+02   2.0122587203979499e+01
   1.8269999999999999e+02   9.5608034133911097e+00
   1.8309999999999999e+02   2.7763708114623999e+01
   1.8340000000000001e+02   1.1146432876586900e+01
   1.8400000000000000e+02   1.4219125366210901e+02
   1.8409999999999999e+02   9.1223205566406295e+02
   1.8490000000000001e+02   1.2388323974609401e+02
   1.8500000000000000e+02   2.8167938232421898e+02
   1.8509999999999999e+02   3.7819543457031301e+02
   1.8609999999999999e+02   6.2781597900390602e+02
   1.8609999999999999e+02   1.8492287597656300e+03
   1.8709999999999999e+02   2.4977363281250000e+03
   1.8809999999999999e+02   1.7425874023437500e+03
   1.8809999999999999e+02   3.4004953613281300e+03
   1.8909999999999999e+02   2.5056750000000000e+04
   1.9000000000000000e+02   7.9016487121582003e+01
   1.9009999999999999e+02   3.3696428222656300e+03
   1.9100000000000000e+02   8.2312103271484403e+01
   1.9109999999999999e+02   1.6285813903808599e+02
   1.9119999999999999e+02   5.3220790863037102e+01
   1.9990000000000001e+02   2.0577087402343800e+01
   2.0009999999999999e+02   6.5377700805664105e+01
   2.0030000000000001e+02   9.6532678604125994e+00
   2.0080000000000001e+02   9.9423847198486293e+00
   2.0109999999999999e+02   1.5075309753418001e+01
   2.0819999999999999e+02   1.2097632408142101e+01
   2.1090000000000001e+02   2.1720249176025401e+01
   2.1100000000000000e+02   5.0230697631835902e+01
   2.1480000000000001e+02   2.2671649932861300e+01
   2.1490000000000001e+02   2.1189834594726602e+01
   2.1500000000000000e+02   1.0181521606445300e+02
   2.1590000000000001e+02   1.4321938514709499e+01
   2.1680000000000001e+02   1.0980048179626500e+01
   2.1880000000000001e+02   5.7264324188232401e+01
   2.2200000000000000e+02   1.1056279182434100e+01
   2.2680000000000001e+02   1.0104335784912100e+01
   2.2790000000000001e+02   2.2722236633300799e+01
   2.2809999999999999e+02   1.3463737487793001e+01
   2.2890000000000001e+02   3.8093101501464801e+01
   2.2909999999999999e+02   6.4286926269531307e+01
   2.2919999999999999e+02   5.8147251129150398e+01
   2.3000000000000000e+02   8.5183685302734403e+01
   2.3009999999999999e+02   2.7357246093750000e+03
   2.3100000000000000e+02   2.3794070434570301e+02
   2.3109999999999999e+02   5.0706906127929699e+02
   2.3200000000000000e+02   1.0183817863464400e+01
   2.3209999999999999e+02   1.0478463172912599e+01
   2.3269999999999999e+02   2.0131900787353501e+01
   2.3300000000000000e+02   3.4258319854736300e+01
   2.3319999999999999e+02   1.4117632865905801e+01
   2.3659999999999999e+02   1.3192771911621101e+01
   2.3680000000000001e+02   1.8887243270873999e+01
   2.3700000000000000e+02   2.1284326553344702e+01
   2.3709999999999999e+02   1.9373367309570298e+01
   2.3809999999999999e+02   1.0733787536621101e+01
   2.4400000000000000e+02   1.0185760498046901e+02
   2.4409999999999999e+02   1.5423388671875000e+02
   2.4430000000000001e+02   1.4618741035461399e+01
   2.4500000000000000e+02   3.2163574218750000e+01
   2.4530000000000001e+02   1.0873813629150400e+01
   2.5519999999999999e+02   2.8946197509765600e+01
   2.6900000000000000e+02   9.9933414459228498e+00
   2.7010000000000002e+02   9.9097213745117205e+00
   2.7060000000000002e+02   1.0672752380371101e+01
   2.7119999999999999e+02   1.5505261230468801e+02
   2.7119999999999999e+02   6.0413532257080099e+01
   2.7139999999999998e+02   5.0368106842041001e+01
   2.7169999999999999e+02   1.1199071884155300e+01
   2.7180000000000001e+02   2.2586112976074201e+01
   2.7200000000000000e+02   3.6955596923828097e+01
   2.7219999999999999e+02   4.0454193115234398e+02
   2.7230000000000001e+02   2.1112443923950199e+01
   2.7319999999999999e+02   6.3594593750000000e+04
   2.7419999999999999e+02   1.2228113281250000e+04
   2.7510000000000002e+02   1.4292065429687500e+02
   2.7519999999999999e+02   1.2646032714843800e+03
   2.7610000000000002e+02   2.2517156600952099e+01
   2.7630000000000001e+02   2.5173885345458999e+01
   2.7889999999999998e+02   1.0180963516235400e+01
   2.7919999999999999e+02   1.3154710388183599e+02
   2.8010000000000002e+02   2.7587760925293001e+01
   2.9400000000000000e+02   9.8745260238647496e+00
   3.0710000000000002e+02   1.7177053451538100e+01
   3.2080000000000001e+02   9.3271722793579102e+00
   3.3530000000000001e+02   1.3308852195739700e+01
   3.6200000000000000e+02   1.4661655426025400e+01
   3.6219999999999999e+02   8.7456787109375000e+01
   3.6230000000000001e+02   2.6042425155639599e+01
   3.6330000000000001e+02   9.5489749908447301e+00
