   4.0100000000000001e+01   1.9199368286132801e+02
   4.1100000000000001e+01   1.0711940429687500e+04
   4.2100000000000001e+01   1.2232956054687500e+04
   4.3000000000000000e+01   2.5015585937500000e+03
   4.4000000000000000e+01   6.2752451171875000e+03
   4.5000000000000000e+01   1.3825454711914099e+02
   4.5100000000000001e+01   4.4533073425292997e+01
   4.9799999999999997e+01   2.9398477554321300e+01
   5.0000000000000000e+01   2.9472171020507801e+02
   5.0100000000000001e+01   1.8544984436035199e+02
   5.0899999999999999e+01   2.2604797363281300e+01
   5.1000000000000000e+01   2.0201138916015600e+03
   5.1899999999999999e+01   8.7598304748535199e+01
   5.2000000000000000e+01   5.0067297363281301e+02
   5.2899999999999999e+01   3.4526980590820301e+02
   5.3000000000000000e+01   6.5996069335937500e+02
   5.4000000000000000e+01   1.1714876708984400e+03
   5.5000000000000000e+01   4.8140468750000000e+03
   5.6000000000000000e+01   2.6161694335937500e+03
   5.7100000000000001e+01   1.9858203125000000e+04
   5.8000000000000000e+01   4.2548910522460898e+02
   5.8100000000000001e+01   6.6357733154296898e+02
   5.8899999999999999e+01   7.3949584960937500e+01
   5.9100000000000001e+01   5.7585639953613303e+01
   6.0799999999999997e+01   9.4937982559204102e+00
   6.1000000000000000e+01   2.4868650436401399e+01
   6.1899999999999999e+01   1.3958758544921901e+02
   6.2100000000000001e+01   7.8407043457031307e+01
   6.3000000000000000e+01   1.0253723144531300e+03
   6.3899999999999999e+01   3.8389221191406301e+02
   6.4099999999999994e+01   3.1403234863281301e+02
   6.4900000000000006e+01   1.5953808593750000e+02
   6.5000000000000000e+01   4.3611450195312500e+03
   6.6000000000000000e+01   9.7242163085937500e+02
   6.7000000000000000e+01   8.1495745849609398e+02
   6.7099999999999994e+01   1.2771027832031300e+03
   6.8000000000000000e+01   3.0371896972656300e+03
   6.9099999999999994e+01   2.8128813476562500e+03
   7.0099999999999994e+01   5.0840146484375000e+03
   7.1000000000000000e+01   3.8723245239257801e+02
   7.1099999999999994e+01   2.0544258117675801e+02
   7.2000000000000000e+01   1.2791444778442401e+01
   7.2099999999999994e+01   1.3719511985778800e+01
   7.2799999999999997e+01   1.5696826934814499e+01
   7.3000000000000000e+01   4.9812690734863303e+01
   7.3900000000000006e+01   1.0785196685791000e+02
   7.4099999999999994e+01   1.0283905792236300e+02
   7.4900000000000006e+01   1.4157612609863301e+02
   7.5000000000000000e+01   1.1144507598877000e+02
   7.5000000000000000e+01   6.2316608428955099e+01
   7.5900000000000006e+01   3.3832061767578097e+01
   7.6000000000000000e+01   2.9533596801757801e+02
   7.6099999999999994e+01   3.5984631347656301e+02
   7.7000000000000000e+01   1.4630144531250000e+04
   7.8000000000000000e+01   1.3179122314453100e+03
   7.8099999999999994e+01   1.7700090332031300e+03
   7.9000000000000000e+01   4.8797905273437500e+03
   7.9900000000000006e+01   1.5892304992675801e+02
   8.0099999999999994e+01   1.0763305664062500e+03
   8.1000000000000000e+01   3.6404476928710898e+02
   8.1099999999999994e+01   2.4811984252929699e+02
   8.2000000000000000e+01   2.6884936523437500e+03
   8.3000000000000000e+01   4.0256176757812500e+02
   8.3000000000000000e+01   6.2225512695312500e+02
   8.4099999999999994e+01   7.5108258056640602e+02
   8.4099999999999994e+01   5.9023522949218795e+02
   8.5099999999999994e+01   7.9129189453125000e+03
   8.6000000000000000e+01   4.9838345336914102e+02
   8.6099999999999994e+01   7.3943778991699205e+01
   8.6200000000000003e+01   4.4251838684082003e+01
   8.6799999999999997e+01   9.1954536437988299e+00
   8.8000000000000000e+01   8.9967269897460902e+00
   8.8099999999999994e+01   9.9001541137695295e+00
   8.9000000000000000e+01   4.8283065795898398e+02
   8.9000000000000000e+01   5.7636602783203102e+02
   8.9900000000000006e+01   1.2363288116455099e+02
   9.0000000000000000e+01   3.8411596679687500e+02
   9.0200000000000003e+01   4.2289010620117199e+02
   9.1000000000000000e+01   2.1625505859375000e+04
   9.2000000000000000e+01   3.2488513183593800e+03
   9.3000000000000000e+01   6.1450849609375000e+03
   9.4099999999999994e+01   3.5025976562500000e+03
   9.4900000000000006e+01   6.0487972259521499e+01
   9.5000000000000000e+01   7.9199169921875000e+02
   9.5099999999999994e+01   1.2465937500000000e+03
   9.6099999999999994e+01   1.2307589843750000e+04
   9.7000000000000000e+01   1.4404072265625000e+03
   9.7099999999999994e+01   8.2153717041015602e+02
   9.8000000000000000e+01   4.7877319335937500e+02
   9.8099999999999994e+01   2.6531390380859398e+02
   1.0070000000000000e+02   2.2417924880981399e+01
   1.0090000000000001e+02   7.2641311645507798e+01
   1.0109999999999999e+02   6.4052894592285199e+01
   1.0120000000000000e+02   3.9937244415283203e+01
   1.0190000000000001e+02   1.2026569366455099e+02
   1.0200000000000000e+02   5.2683355712890602e+02
   1.0300000000000000e+02   2.1840339660644500e+02
   1.0300000000000000e+02   4.6569257812500000e+03
   1.0400000000000000e+02   7.6645468750000000e+03
   1.0509999999999999e+02   2.0290830078125000e+04
   1.0590000000000001e+02   6.1467693328857401e+01
   1.0600000000000000e+02   3.4792978515625000e+03
   1.0680000000000000e+02   3.4928039550781300e+01
   1.0690000000000001e+02   5.3601478576660199e+01
   1.0700000000000000e+02   3.1057641601562500e+02
   1.0720000000000000e+02   1.5111078262329100e+01
   1.0790000000000001e+02   4.9835803985595703e+01
   1.0800000000000000e+02   1.3001005554199199e+02
   1.0820000000000000e+02   3.7915061950683601e+01
   1.0890000000000001e+02   5.0700874328613303e+01
   1.0909999999999999e+02   7.7237091064453097e+01
   1.0990000000000001e+02   4.6176845550537102e+01
   1.1009999999999999e+02   7.7435791015625000e+01
   1.1080000000000000e+02   3.5396289825439503e+01
   1.1100000000000000e+02   1.4666223144531301e+02
   1.1180000000000000e+02   1.0347990989685099e+01
   1.1200000000000000e+02   4.0380279541015597e+01
   1.1290000000000001e+02   5.1784534454345703e+01
   1.1309999999999999e+02   4.4253067016601598e+01
   1.1390000000000001e+02   9.2614049911499006e+00
   1.1409999999999999e+02   6.4956291198730497e+01
   1.1420000000000000e+02   9.8628673553466797e+00
   1.1500000000000000e+02   5.1565039062500000e+02
   1.1509999999999999e+02   3.7260034179687500e+02
   1.1590000000000001e+02   1.8459136962890599e+02
   1.1609999999999999e+02   3.4949392700195301e+02
   1.1620000000000000e+02   4.9261062622070298e+01
   1.1690000000000001e+02   5.3793781280517599e+01
   1.1709999999999999e+02   3.1923862304687500e+03
   1.1809999999999999e+02   7.1978193359375000e+03
   1.1890000000000001e+02   4.4651351928710902e+01
   1.1900000000000000e+02   2.9773347167968800e+03
   1.1980000000000000e+02   1.6484144210815401e+01
   1.2000000000000000e+02   1.4918089599609400e+03
   1.2100000000000000e+02   1.0306051635742200e+02
   1.2109999999999999e+02   3.6565891265869098e+01
   1.2190000000000001e+02   9.3523302078247106e+00
   1.2220000000000000e+02   1.9678915023803700e+01
   1.2620000000000000e+02   1.1618546485900900e+01
   1.2690000000000001e+02   3.9818122863769503e+01
   1.2709999999999999e+02   5.7573013305664098e+01
   1.2780000000000000e+02   6.0725234985351598e+01
   1.2800000000000000e+02   1.4642298889160199e+02
   1.2809999999999999e+02   1.6681704711914099e+02
   1.2880000000000001e+02   2.7976396560668899e+01
   1.2890000000000001e+02   5.2028667449951200e+01
   1.2900000000000000e+02   2.1095150756835901e+02
   1.2919999999999999e+02   1.1297610473632800e+02
   1.3000000000000000e+02   9.3628955078125000e+03
   1.3100000000000000e+02   3.3244812011718800e+03
   1.3109999999999999e+02   2.2606330566406300e+03
   1.3209999999999999e+02   9.9533125000000000e+03
   1.3300000000000000e+02   1.7227294921875000e+03
   1.3319999999999999e+02   2.4942914962768601e+01
   1.3400000000000000e+02   3.4340127563476602e+02
   1.3409999999999999e+02   9.3741723632812500e+02
   1.3480000000000001e+02   1.7805553436279300e+01
   1.3490000000000001e+02   1.6582531738281301e+02
   1.3509999999999999e+02   4.3712188720703102e+02
   1.3590000000000001e+02   3.0632194519043001e+01
   1.3609999999999999e+02   1.6850454330444300e+01
   1.3700000000000000e+02   2.8897967529296898e+02
   1.3800000000000000e+02   3.6897994995117202e+01
   1.3890000000000001e+02   6.8215446472167997e+01
   1.3909999999999999e+02   1.4887274169921900e+03
   1.3980000000000001e+02   1.2486204147338899e+01
   1.4000000000000000e+02   4.8284797668457003e+01
   1.4009999999999999e+02   1.0613677978515599e+02
   1.4090000000000001e+02   2.9670930862426800e+01
   1.4109999999999999e+02   1.1275872039794901e+02
   1.4190000000000001e+02   9.0715789794921893e+00
   1.4200000000000000e+02   6.9661125183105497e+01
   1.4300000000000000e+02   9.3050537109375000e+01
   1.4309999999999999e+02   3.7376782226562500e+02
   1.4400000000000000e+02   3.1807186889648398e+02
   1.4409999999999999e+02   1.4329534912109400e+03
   1.4469999999999999e+02   2.7475683212280298e+01
   1.4490000000000001e+02   2.7198144912719702e+01
   1.4509999999999999e+02   8.1082501220703102e+02
   1.4519999999999999e+02   5.8206951904296898e+02
   1.4530000000000001e+02   1.2134307861328099e+02
   1.4609999999999999e+02   3.9284203125000000e+04
   1.4709999999999999e+02   4.6428618164062500e+03
   1.4800000000000000e+02   1.8789866638183599e+02
   1.4809999999999999e+02   6.2284875488281295e+02
   1.4900000000000000e+02   2.3579114913940401e+01
   1.5300000000000000e+02   3.2576950073242202e+01
   1.5309999999999999e+02   2.1195133209228501e+01
   1.5400000000000000e+02   5.4580474853515597e+01
   1.5469999999999999e+02   9.7080307006835902e+00
   1.5500000000000000e+02   8.1688362121582003e+01
   1.5509999999999999e+02   3.5677234649658203e+01
   1.5600000000000000e+02   3.7477636718750000e+02
   1.5609999999999999e+02   7.4185501098632798e+01
   1.5630000000000001e+02   1.2697432518005400e+01
   1.5690000000000001e+02   1.1054718780517599e+02
   1.5709999999999999e+02   1.6856384277343801e+02
   1.5730000000000001e+02   1.0286688804626500e+01
   1.5800000000000000e+02   1.5559422607421900e+03
   1.5809999999999999e+02   3.6862329101562500e+02
   1.5890000000000001e+02   7.3864814758300795e+01
   1.5909999999999999e+02   1.5869633789062500e+03
   1.6009999999999999e+02   2.1761364746093800e+03
   1.6009999999999999e+02   6.7206048583984398e+02
   1.6100000000000000e+02   3.4112014770507801e+02
   1.6109999999999999e+02   1.6362030029296901e+02
   1.6209999999999999e+02   2.3954971313476602e+01
   1.6280000000000001e+02   2.8586006164550799e+01
   1.6480000000000001e+02   8.9935159683227504e+00
   1.6690000000000001e+02   1.0283084869384799e+01
   1.6700000000000000e+02   2.2633785247802699e+01
   1.6709999999999999e+02   1.1462329864501999e+01
   1.6790000000000001e+02   2.0201383590698200e+01
   1.6800000000000000e+02   6.3442699432372997e+01
   1.6819999999999999e+02   2.5247943878173800e+01
   1.6909999999999999e+02   1.0448927879333500e+01
   1.7000000000000000e+02   9.9989753723144503e+01
   1.7009999999999999e+02   1.9986026763916001e+01
   1.7090000000000001e+02   1.8629610061645501e+01
   1.7100000000000000e+02   4.0701671600341797e+01
   1.7119999999999999e+02   3.2299228668212898e+01
   1.7209999999999999e+02   4.3094732666015602e+02
   1.7219999999999999e+02   3.8981872558593800e+01
   1.7290000000000001e+02   2.6959699630737301e+01
   1.7309999999999999e+02   4.2385748291015602e+02
   1.7319999999999999e+02   1.3281415939331101e+01
   1.7400000000000000e+02   3.9400951385497997e+01
   1.7419999999999999e+02   5.4176296234130902e+01
   1.7490000000000001e+02   2.8620838165283200e+01
   1.7509999999999999e+02   4.2278759002685497e+01
   1.7700000000000000e+02   3.2433511352539102e+02
   1.7719999999999999e+02   6.2921272277832003e+01
   1.7780000000000001e+02   3.3997150421142599e+01
   1.7800000000000000e+02   1.2176621246337901e+02
   1.7809999999999999e+02   2.2872882080078099e+02
   1.7900000000000000e+02   1.1933894157409700e+01
   1.8090000000000001e+02   9.9891214370727504e+00
   1.8200000000000000e+02   1.4381046295166000e+01
   1.8209999999999999e+02   2.5858980178833001e+01
   1.8219999999999999e+02   4.0856208801269503e+01
   1.8290000000000001e+02   1.8195299148559599e+01
   1.8400000000000000e+02   1.8816528320312500e+02
   1.8409999999999999e+02   9.6355749511718795e+02
   1.8490000000000001e+02   3.2042594909667997e+01
   1.8509999999999999e+02   7.5821948242187500e+02
   1.8540000000000001e+02   1.2610911369323700e+01
   1.8600000000000000e+02   1.5569195556640599e+02
   1.8609999999999999e+02   2.4810563964843800e+03
   1.8700000000000000e+02   8.0541809082031295e+02
   1.8709999999999999e+02   1.7075573730468800e+03
   1.8809999999999999e+02   5.1250156250000000e+03
   1.8909999999999999e+02   2.4442242187500000e+04
   1.9009999999999999e+02   3.3449204101562500e+03
   1.9090000000000001e+02   7.4222671508789105e+01
   1.9109999999999999e+02   1.7172052001953099e+02
   1.9490000000000001e+02   1.3550612449646000e+01
   1.9700000000000000e+02   2.4101974487304702e+01
   1.9790000000000001e+02   1.2563255310058601e+01
   1.9909999999999999e+02   1.7278308868408200e+01
   1.9980000000000001e+02   8.9800615310668892e+00
   2.0000000000000000e+02   7.1545944213867202e+01
   2.0019999999999999e+02   1.6951007843017599e+01
   2.0100000000000000e+02   1.5894482612609901e+01
   2.0119999999999999e+02   1.8309116363525401e+01
   2.0190000000000001e+02   1.4012504577636699e+01
   2.0209999999999999e+02   1.0991767883300801e+01
   2.0580000000000001e+02   1.7731277465820298e+01
   2.0700000000000000e+02   2.3447717666626001e+01
   2.1090000000000001e+02   3.3888378143310497e+01
   2.1109999999999999e+02   8.7718429565429705e+00
   2.1209999999999999e+02   9.1200799942016602e+00
   2.1309999999999999e+02   1.0409022331237800e+01
   2.1480000000000001e+02   4.2592727661132798e+01
   2.1500000000000000e+02   1.6393354797363301e+02
   2.1580000000000001e+02   2.1778932571411101e+01
   2.1890000000000001e+02   7.1766452789306596e+00
   2.1909999999999999e+02   1.1829912185668899e+01
   2.1990000000000001e+02   9.0517358779907209e+00
   2.2530000000000001e+02   1.1160325050354000e+01
   2.2819999999999999e+02   1.7694303512573200e+01
   2.2880000000000001e+02   1.3950390815734901e+01
   2.2890000000000001e+02   1.0166010856628400e+01
   2.2900000000000000e+02   4.9670223236083999e+01
   2.2919999999999999e+02   4.1663963317871101e+01
   2.3000000000000000e+02   3.3233108520507798e+01
   2.3009999999999999e+02   2.6145400390625000e+03
   2.3090000000000001e+02   1.0516128540039100e+01
   2.3109999999999999e+02   5.6370300292968795e+02
   2.3119999999999999e+02   1.4561650085449199e+02
   2.3200000000000000e+02   2.8844429016113299e+01
   2.3209999999999999e+02   4.5414936065673800e+01
   2.3280000000000001e+02   2.1416000366210898e+01
   2.3290000000000001e+02   2.5256359100341800e+01
   2.3300000000000000e+02   3.1294990539550799e+01
   2.3669999999999999e+02   9.7734146118164098e+00
   2.3700000000000000e+02   1.0601715087890599e+02
   2.3719999999999999e+02   2.4382310867309599e+01
   2.3890000000000001e+02   8.9909973144531303e+00
   2.4409999999999999e+02   1.1897157287597700e+02
   2.4419999999999999e+02   1.8184600830078099e+02
   2.4519999999999999e+02   1.2319231033325201e+01
   2.5100000000000000e+02   2.5644359588623001e+01
   2.5500000000000000e+02   1.4196274757385300e+01
   2.5519999999999999e+02   1.7232198715210000e+01
   2.5700000000000000e+02   9.5570468902587908e+00
   2.5919999999999999e+02   8.9625368118286097e+00
   2.6989999999999998e+02   1.0021938323974600e+01
   2.7010000000000002e+02   1.1545552253723100e+01
   2.7019999999999999e+02   1.9901567459106399e+01
   2.7050000000000000e+02   4.3198921203613303e+01
   2.7089999999999998e+02   4.6771785736083999e+01
   2.7110000000000002e+02   1.4419917297363301e+02
   2.7119999999999999e+02   1.6126724243164102e+01
   2.7130000000000001e+02   7.2824119567871094e+01
   2.7189999999999998e+02   5.2040008544921903e+01
   2.7210000000000002e+02   6.4827697753906307e+01
   2.7219999999999999e+02   3.7813223266601602e+02
   2.7319999999999999e+02   6.4492535156250000e+04
   2.7419999999999999e+02   1.2378271484375000e+04
   2.7519999999999999e+02   7.4303344726562500e+02
   2.7519999999999999e+02   6.0974084472656295e+02
   2.7610000000000002e+02   4.5332653045654297e+01
   2.7619999999999999e+02   1.5908414840698200e+01
   2.7710000000000002e+02   2.1192127227783200e+01
   2.7900000000000000e+02   4.3084926605224602e+01
   2.7910000000000002e+02   1.1104460906982401e+02
   2.7930000000000001e+02   2.2981231689453100e+01
   2.8900000000000000e+02   1.2272480010986300e+01
   3.2130000000000001e+02   1.3271533012390099e+01
   3.4919999999999999e+02   1.1435259819030801e+01
   3.6210000000000002e+02   1.3879483032226599e+02
   3.6230000000000001e+02   1.3324782371521000e+01
   3.6310000000000002e+02   2.2732217788696300e+01
   3.6319999999999999e+02   2.4185094833373999e+01
