   4.0100000000000001e+01   1.9772868347168000e+02
   4.1100000000000001e+01   4.9492001953125000e+03
   4.2100000000000001e+01   6.5938530273437500e+03
   4.3100000000000001e+01   1.8306330078125000e+04
   4.4100000000000001e+01   3.5457070312500000e+03
   4.5000000000000000e+01   7.2461990356445298e+01
   4.9799999999999997e+01   1.4264868736267101e+01
   5.0000000000000000e+01   2.3228239440918000e+02
   5.1000000000000000e+01   6.2923742675781295e+02
   5.1899999999999999e+01   1.7478231811523401e+02
   5.2000000000000000e+01   1.1584585571289099e+02
   5.3000000000000000e+01   6.0286944580078102e+02
   5.3100000000000001e+01   1.5710350990295399e+01
   5.4000000000000000e+01   7.4328375244140602e+02
   5.4899999999999999e+01   6.8695854187011705e+01
   5.5000000000000000e+01   1.6607297363281300e+03
   5.5899999999999999e+01   7.3155059814453097e+01
   5.6000000000000000e+01   1.2376159667968800e+03
   5.7000000000000000e+01   1.2228767089843800e+03
   5.8000000000000000e+01   8.7493888854980497e+01
   5.8200000000000003e+01   1.1170578002929700e+01
   5.9100000000000001e+01   8.2171012878417997e+01
   6.1100000000000001e+01   1.1294812202453601e+01
   6.1899999999999999e+01   6.4294639587402301e+01
   6.2100000000000001e+01   9.6086112976074205e+01
   6.2799999999999997e+01   1.3985857009887701e+01
   6.2899999999999999e+01   2.4658966064453099e+02
   6.3000000000000000e+01   2.8076437377929699e+02
   6.3899999999999999e+01   3.5380451202392599e+01
   6.4000000000000000e+01   9.0806716918945298e+01
   6.4099999999999994e+01   6.4490768432617202e+01
   6.5000000000000000e+01   2.1246574707031300e+03
   6.5900000000000006e+01   6.0255538940429702e+01
   6.6000000000000000e+01   2.0530960083007801e+02
   6.6799999999999997e+01   6.1899639129638700e+01
   6.7000000000000000e+01   1.0666740722656300e+03
   6.8000000000000000e+01   8.3428009033203102e+02
   6.8099999999999994e+01   1.1197810058593800e+03
   6.9000000000000000e+01   1.8703270263671900e+03
   6.9099999999999994e+01   8.9055442810058594e+01
   7.0099999999999994e+01   3.1506799316406300e+03
   7.1099999999999994e+01   7.8884536132812500e+03
   7.2000000000000000e+01   1.4017575073242199e+02
   7.2000000000000000e+01   2.8001712036132801e+02
   7.2900000000000006e+01   6.7367172241210895e+01
   7.3099999999999994e+01   3.1649898529052699e+01
   7.3200000000000003e+01   2.8236295700073200e+01
   7.3700000000000003e+01   1.0957081794738800e+01
   7.4000000000000000e+01   1.3187763977050801e+02
   7.4200000000000003e+01   1.8737360000610401e+01
   7.4799999999999997e+01   1.2860392570495600e+01
   7.5000000000000000e+01   9.2347821044921898e+02
   7.5099999999999994e+01   1.9718902587890599e+02
   7.5900000000000006e+01   6.4397621154785199e+01
   7.6000000000000000e+01   1.7988668823242199e+02
   7.6099999999999994e+01   3.1985828399658200e+01
   7.7000000000000000e+01   3.2624179687500000e+03
   7.8099999999999994e+01   1.3507519531250000e+03
   7.9000000000000000e+01   3.0576713867187500e+03
   8.0000000000000000e+01   3.4582571411132801e+02
   8.0099999999999994e+01   4.2870132446289102e+02
   8.0900000000000006e+01   2.8913461303710898e+02
   8.1099999999999994e+01   1.5122509765625000e+02
   8.1900000000000006e+01   4.6838752746582003e+01
   8.2000000000000000e+01   1.8245001220703100e+03
   8.2900000000000006e+01   6.4051643371582003e+01
   8.3000000000000000e+01   1.1858836669921900e+03
   8.3799999999999997e+01   1.6933763504028299e+01
   8.4000000000000000e+01   8.5855834960937500e+02
   8.4099999999999994e+01   1.1270533561706500e+01
   8.5000000000000000e+01   2.2927633285522500e+01
   8.5099999999999994e+01   5.3016242980957003e+01
   8.8799999999999997e+01   1.0528275489807100e+01
   8.9000000000000000e+01   2.1687451171875000e+02
   8.9099999999999994e+01   4.0691067504882801e+02
   8.9799999999999997e+01   1.4145531654357899e+01
   8.9900000000000006e+01   3.6765441894531300e+01
   9.0099999999999994e+01   2.5887759399414102e+02
   9.0200000000000003e+01   1.0041896820068401e+02
   9.1099999999999994e+01   9.3044902343750000e+03
   9.1900000000000006e+01   1.5905660629272500e+01
   9.2000000000000000e+01   4.3313848876953102e+02
   9.2099999999999994e+01   5.3809564208984398e+02
   9.3000000000000000e+01   2.1703507995605500e+02
   9.3099999999999994e+01   1.9074907302856399e+01
   9.4000000000000000e+01   1.1996467285156300e+03
   9.5000000000000000e+01   2.3857922363281300e+03
   9.5000000000000000e+01   3.3476733398437500e+03
   9.6099999999999994e+01   7.4593500976562500e+03
   9.6900000000000006e+01   8.7715461730957003e+01
   9.7000000000000000e+01   1.1075585937500000e+03
   9.8000000000000000e+01   1.9370115661621099e+02
   9.8099999999999994e+01   1.8016917419433599e+02
   9.8099999999999994e+01   1.0047249603271500e+02
   9.9799999999999997e+01   1.1523906707763700e+01
   1.0000000000000000e+02   2.3631246566772500e+01
   1.0080000000000000e+02   3.4969459533691399e+01
   1.0100000000000000e+02   6.6427154541015597e+01
   1.0109999999999999e+02   3.1546787261962901e+01
   1.0190000000000001e+02   1.2853443908691401e+02
   1.0200000000000000e+02   2.3262678527832000e+02
   1.0220000000000000e+02   1.6503515243530298e+01
   1.0300000000000000e+02   2.9058258056640602e+02
   1.0300000000000000e+02   2.9603161621093800e+03
   1.0409999999999999e+02   1.7997423095703100e+03
   1.0509999999999999e+02   1.1717856445312500e+04
   1.0590000000000001e+02   1.0091481208801300e+01
   1.0600000000000000e+02   7.9629968261718795e+02
   1.0609999999999999e+02   3.8282424926757801e+02
   1.0690000000000001e+02   9.8486503601074205e+01
   1.0709999999999999e+02   1.1327455139160200e+02
   1.0800000000000000e+02   2.7040988159179699e+02
   1.0809999999999999e+02   1.5324702262878400e+01
   1.0900000000000000e+02   2.1136286621093800e+03
   1.0990000000000001e+02   2.8843524169921898e+02
   1.1000000000000000e+02   6.6561901855468795e+02
   1.1100000000000000e+02   2.3597937011718800e+03
   1.1180000000000000e+02   4.6820869445800803e+01
   1.1200000000000000e+02   4.1079382324218801e+02
   1.1220000000000000e+02   2.0896659851074201e+01
   1.1300000000000000e+02   2.5888669967651399e+01
   1.1500000000000000e+02   2.8935464477539102e+02
   1.1509999999999999e+02   6.4990310668945298e+01
   1.1590000000000001e+02   8.9688575744628906e+01
   1.1600000000000000e+02   1.2711782073974599e+02
   1.1690000000000001e+02   6.5552810668945298e+01
   1.1700000000000000e+02   4.1749420166015602e+02
   1.1709999999999999e+02   1.7096681213378901e+02
   1.1790000000000001e+02   8.9159202575683594e+01
   1.1800000000000000e+02   1.0017395019531300e+02
   1.1900000000000000e+02   1.4010453224182100e+01
   1.1990000000000001e+02   2.6441370010376001e+01
   1.2009999999999999e+02   1.2485456466674799e+01
   1.2100000000000000e+02   3.7688433837890602e+02
   1.2109999999999999e+02   1.1273683929443401e+02
   1.2190000000000001e+02   1.6855566406250000e+02
   1.2200000000000000e+02   4.1319184570312500e+03
   1.2290000000000001e+02   4.3348876953125000e+02
   1.2300000000000000e+02   9.4133483886718795e+02
   1.2390000000000001e+02   4.6838996887207003e+01
   1.2400000000000000e+02   7.2929791259765602e+02
   1.2409999999999999e+02   1.5391967773437500e+02
   1.2509999999999999e+02   3.3285995483398402e+01
   1.2700000000000000e+02   1.1482789993286101e+01
   1.2790000000000001e+02   9.6436424255371094e+01
   1.2800000000000000e+02   6.1918025970458999e+01
   1.2890000000000001e+02   3.2353343963622997e+01
   1.2900000000000000e+02   9.6636886596679702e+01
   1.2909999999999999e+02   1.7052978515625000e+01
   1.3000000000000000e+02   8.2891253662109398e+02
   1.3009999999999999e+02   4.4262683105468801e+02
   1.3090000000000001e+02   1.0763658142089800e+02
   1.3109999999999999e+02   2.2955778503418000e+02
   1.3180000000000001e+02   9.9538124084472699e+01
   1.3200000000000000e+02   4.3278451538085898e+02
   1.3219999999999999e+02   1.6183879852294901e+01
   1.3269999999999999e+02   1.1626232147216800e+01
   1.3290000000000001e+02   1.7846525192260700e+01
   1.3300000000000000e+02   2.6492492675781301e+02
   1.3319999999999999e+02   1.3748037338256800e+01
   1.3390000000000001e+02   1.3955194091796901e+02
   1.3400000000000000e+02   3.4873605346679699e+02
   1.3409999999999999e+02   1.0248688507080099e+02
   1.3500000000000000e+02   6.4879193115234398e+02
   1.3500000000000000e+02   7.0523889160156295e+02
   1.3590000000000001e+02   3.1608767700195301e+02
   1.3600000000000000e+02   2.9396708984375000e+03
   1.3700000000000000e+02   1.9781248779296900e+03
   1.3780000000000001e+02   6.3069637298583999e+01
   1.3790000000000001e+02   8.0624038696289105e+01
   1.3800000000000000e+02   4.2450094604492199e+02
   1.3880000000000001e+02   3.9847835540771499e+01
   1.3900000000000000e+02   7.2982739257812500e+02
   1.3919999999999999e+02   6.5821952819824205e+01
   1.3990000000000001e+02   1.2261068344116200e+01
   1.4009999999999999e+02   1.2847558021545399e+01
   1.4080000000000001e+02   3.2238613128662102e+01
   1.4109999999999999e+02   1.3818505287170399e+01
   1.4290000000000001e+02   3.9499256134033203e+01
   1.4300000000000000e+02   3.1116954803466800e+01
   1.4390000000000001e+02   1.3086515808105500e+02
   1.4409999999999999e+02   1.6647572326660199e+02
   1.4419999999999999e+02   4.3825992584228501e+01
   1.4469999999999999e+02   1.1135946273803700e+01
   1.4490000000000001e+02   1.4380356788635300e+01
   1.4509999999999999e+02   6.4014793395996094e+01
   1.4600000000000000e+02   1.3977763366699199e+02
   1.4609999999999999e+02   2.2601666259765599e+02
   1.4690000000000001e+02   1.6619091033935501e+01
   1.4700000000000000e+02   1.0236938476562500e+01
   1.4709999999999999e+02   1.3235247802734401e+02
   1.4800000000000000e+02   4.3551875000000000e+03
   1.4809999999999999e+02   1.3334700012207000e+02
   1.4900000000000000e+02   1.1590675048828100e+03
   1.4909999999999999e+02   2.3658767089843800e+03
   1.5009999999999999e+02   4.6563413085937500e+03
   1.5090000000000001e+02   1.7948854064941401e+02
   1.5109999999999999e+02   6.3291821289062500e+02
   1.5190000000000001e+02   3.3740673065185497e+01
   1.5200000000000000e+02   1.1553939056396500e+02
   1.5209999999999999e+02   6.7395950317382798e+01
   1.5400000000000000e+02   1.1243566513061500e+01
   1.5490000000000001e+02   4.3370101928710902e+01
   1.5509999999999999e+02   2.2961116790771499e+01
   1.5600000000000000e+02   8.0257225036621094e+01
   1.5690000000000001e+02   2.9737987518310501e+01
   1.5780000000000001e+02   1.7019893646240199e+01
   1.5800000000000000e+02   2.0392759704589801e+02
   1.5809999999999999e+02   2.1928369522094702e+01
   1.5900000000000000e+02   1.0533009338378901e+02
   1.5909999999999999e+02   2.5918828964233398e+01
   1.6000000000000000e+02   1.7048210144043000e+02
   1.6009999999999999e+02   9.2739886474609398e+02
   1.6090000000000001e+02   4.3311275482177699e+01
   1.6100000000000000e+02   2.0112248229980500e+02
   1.6109999999999999e+02   6.5685714721679702e+01
   1.6190000000000001e+02   8.0840141296386705e+01
   1.6200000000000000e+02   6.2712628173828102e+02
   1.6219999999999999e+02   4.0962158203125000e+01
   1.6300000000000000e+02   4.1448590087890602e+02
   1.6309999999999999e+02   5.7541613769531295e+02
   1.6409999999999999e+02   2.0583376953125000e+04
   1.6490000000000001e+02   4.2730583190917997e+01
   1.6509999999999999e+02   2.4606296386718800e+03
   1.6600000000000000e+02   1.5414347839355500e+02
   1.6609999999999999e+02   2.0176571655273401e+02
   1.6619999999999999e+02   1.1847600936889600e+01
   1.6690000000000001e+02   1.2866314888000501e+01
   1.6700000000000000e+02   5.7965446472167997e+01
   1.6709999999999999e+02   1.3168416023254400e+01
   1.6819999999999999e+02   1.2573537826538100e+01
   1.6990000000000001e+02   2.2913135528564499e+01
   1.7009999999999999e+02   1.0736975669860801e+01
   1.7090000000000001e+02   1.1752108573913601e+01
   1.7390000000000001e+02   4.3810718536377003e+01
   1.7409999999999999e+02   1.1507715225219700e+01
   1.7469999999999999e+02   1.1848105430603001e+01
   1.7490000000000001e+02   7.6436058044433594e+01
   1.7509999999999999e+02   3.9339660644531300e+01
   1.7600000000000000e+02   2.0303498840332000e+02
   1.7600000000000000e+02   4.4584213256835898e+02
   1.7619999999999999e+02   1.0953162384033200e+02
   1.7690000000000001e+02   2.2338885498046901e+02
   1.7709999999999999e+02   3.5872747802734398e+02
   1.7709999999999999e+02   1.5227462768554699e+02
   1.7780000000000001e+02   1.2153104782104499e+01
   1.7800000000000000e+02   1.6809609985351599e+02
   1.7809999999999999e+02   1.4957154846191401e+02
   1.7900000000000000e+02   7.8204795837402301e+01
   1.8080000000000001e+02   2.9072774887085000e+01
   1.8100000000000000e+02   1.4087211608886699e+02
   1.8109999999999999e+02   9.3158950805664105e+01
   1.8200000000000000e+02   1.5579171752929699e+02
   1.8209999999999999e+02   1.5993925476074199e+02
   1.8230000000000001e+02   1.1980876922607401e+01
   1.8400000000000000e+02   1.7525604248046901e+02
   1.8409999999999999e+02   3.9046093750000000e+02
   1.8480000000000001e+02   1.2206719398498500e+01
   1.8490000000000001e+02   1.1483408355712901e+02
   1.8509999999999999e+02   1.8221211242675801e+02
   1.8509999999999999e+02   7.8462028503417997e+01
   1.8600000000000000e+02   1.1492013549804700e+02
   1.8609999999999999e+02   1.6348021240234400e+03
   1.8700000000000000e+02   9.4657302856445298e+01
   1.8709999999999999e+02   2.9689590454101602e+02
   1.8719999999999999e+02   3.5541797637939503e+01
   1.8809999999999999e+02   1.7847381591796900e+03
   1.8900000000000000e+02   1.0468144989013700e+02
   1.8909999999999999e+02   1.5765130615234401e+02
   1.9000000000000000e+02   1.0667079925537099e+02
   1.9019999999999999e+02   1.4798476219177200e+01
   1.9080000000000001e+02   1.6313714981079102e+01
   1.9100000000000000e+02   2.0040956115722699e+02
   1.9109999999999999e+02   6.8895271301269503e+01
   1.9200000000000000e+02   2.7395425796508800e+01
   2.0300000000000000e+02   1.1677797317504901e+01
   2.0309999999999999e+02   1.4711705207824700e+01
   2.0509999999999999e+02   1.1057514648437500e+03
   2.0609999999999999e+02   1.3889780273437500e+03
   2.0709999999999999e+02   1.8696767578125000e+04
   2.0809999999999999e+02   2.5395390625000000e+03
   2.0900000000000000e+02   1.1439271545410200e+02
   2.0909999999999999e+02   8.4939613342285199e+01
   2.0919999999999999e+02   2.1850557327270501e+01
   2.1100000000000000e+02   9.2820564270019503e+01
   2.1480000000000001e+02   5.2038173675537102e+01
   2.1490000000000001e+02   1.3481744384765599e+02
   2.1590000000000001e+02   1.2367053031921399e+01
   2.1619999999999999e+02   1.2941151618957500e+01
   2.1809999999999999e+02   6.1438823699951200e+01
   2.1869999999999999e+02   1.2135283470153800e+01
   2.1890000000000001e+02   4.1506267547607401e+01
   2.2890000000000001e+02   1.0604536056518601e+01
   2.3109999999999999e+02   4.2561042785644503e+01
   2.3209999999999999e+02   2.8776912689208999e+01
   2.3280000000000001e+02   5.7818561553955099e+01
   2.3290000000000001e+02   4.8471130371093800e+01
   2.3400000000000000e+02   3.8366909790039102e+02
   2.3409999999999999e+02   1.6434976806640600e+03
   2.3500000000000000e+02   7.0092277526855497e+01
   2.3500000000000000e+02   6.3142158508300803e+01
   2.3519999999999999e+02   1.7710231018066401e+02
   2.3680000000000001e+02   4.4088623046875000e+01
   2.3700000000000000e+02   3.4023128509521499e+01
   2.4790000000000001e+02   1.0976548194885300e+01
   2.4800000000000000e+02   1.4638858032226599e+02
   2.4819999999999999e+02   5.8297744750976598e+01
   2.7489999999999998e+02   2.7058008193969702e+01
   2.7500000000000000e+02   2.3753124237060501e+01
   2.7530000000000001e+02   4.4694049835205099e+01
   2.7619999999999999e+02   1.7285864257812500e+02
   2.7719999999999999e+02   4.4353820312500000e+04
   2.7819999999999999e+02   8.3448291015625000e+03
   2.7900000000000000e+02   9.8938308715820298e+01
   2.7910000000000002e+02   6.4247381591796898e+02
   2.7930000000000001e+02   4.5179786682128899e+01
   2.7989999999999998e+02   1.1520055770874000e+01
   2.8019999999999999e+02   1.0704037666320801e+01
   2.8230000000000001e+02   1.0714064598083500e+01
   2.9289999999999998e+02   1.3542059898376500e+01
   2.9510000000000002e+02   1.1555494308471699e+01
   2.9689999999999998e+02   3.1120174407958999e+01
   2.9710000000000002e+02   3.7101425170898402e+01
   2.9730000000000001e+02   8.2976547241210895e+01
   3.5319999999999999e+02   1.0498769760131800e+01
   3.6600000000000000e+02   2.6626972198486300e+01
   3.6610000000000002e+02   2.9365697860717798e+01
   3.6630000000000001e+02   3.3416481018066399e+01
   3.6710000000000002e+02   2.7718170166015600e+01
   3.6730000000000001e+02   1.6931558609008800e+01
