   4.0100000000000001e+01   1.0805528259277300e+02
   4.0799999999999997e+01   4.2028762817382798e+01
   4.1000000000000000e+01   2.0561330566406300e+03
   4.2000000000000000e+01   8.6065644531250000e+03
   4.3000000000000000e+01   3.3431787109375000e+02
   4.3100000000000001e+01   8.8268524169921898e+02
   4.4000000000000000e+01   3.2582854003906300e+03
   4.5000000000000000e+01   6.0721899414062500e+02
   4.5200000000000003e+01   1.5632350921630900e+01
   4.6000000000000000e+01   2.9221389770507801e+02
   4.8799999999999997e+01   1.1751381874084499e+01
   4.9000000000000000e+01   2.8413082122802699e+01
   4.9899999999999999e+01   8.6456871032714801e+01
   5.0000000000000000e+01   1.2643099975585901e+02
   5.0100000000000001e+01   1.8006656646728501e+01
   5.0899999999999999e+01   1.6884179687500000e+02
   5.1000000000000000e+01   1.5651531982421901e+02
   5.1100000000000001e+01   1.8021347045898398e+01
   5.1799999999999997e+01   1.2173867225646999e+01
   5.1899999999999999e+01   8.0738777160644503e+01
   5.2000000000000000e+01   6.5259368896484403e+01
   5.2899999999999999e+01   7.4547019958496094e+01
   5.3000000000000000e+01   6.2893255615234398e+02
   5.4000000000000000e+01   3.9739154052734398e+02
   5.4100000000000001e+01   3.5734701538085898e+02
   5.4899999999999999e+01   5.7211071014404297e+01
   5.5000000000000000e+01   1.0758240966796900e+03
   5.5100000000000001e+01   8.5552984619140602e+02
   5.6000000000000000e+01   4.5107377929687500e+03
   5.6899999999999999e+01   2.9997402191162099e+01
   5.7000000000000000e+01   6.7264337158203102e+02
   5.7100000000000001e+01   7.4989483642578102e+02
   5.8100000000000001e+01   1.0301927734375000e+04
   5.9000000000000000e+01   3.7528521728515602e+02
   5.9100000000000001e+01   1.0859599304199200e+02
   5.9899999999999999e+01   2.5417509078979499e+01
   6.0799999999999997e+01   1.3612188720703099e+02
   6.1000000000000000e+01   6.9724525451660199e+01
   6.1200000000000003e+01   3.6430526733398402e+01
   6.1899999999999999e+01   2.7796713256835898e+02
   6.2000000000000000e+01   4.2959011840820301e+02
   6.2799999999999997e+01   3.3000606536865199e+01
   6.3000000000000000e+01   1.8349936523437500e+03
   6.3899999999999999e+01   7.3275146484375000e+01
   6.4099999999999994e+01   1.2715737342834499e+01
   6.4900000000000006e+01   4.5204364776611300e+01
   6.5000000000000000e+01   1.7515086364746099e+02
   6.5099999999999994e+01   9.1484375000000000e+01
   6.5900000000000006e+01   1.5837777709960901e+02
   6.6000000000000000e+01   2.0259367370605500e+02
   6.6099999999999994e+01   2.3513568878173800e+01
   6.6299999999999997e+01   1.6947702407836900e+01
   6.7000000000000000e+01   8.7575970458984398e+02
   6.7099999999999994e+01   2.2186367797851599e+02
   6.8000000000000000e+01   2.9741269531250000e+03
   6.9000000000000000e+01   8.0709625244140602e+02
   6.9099999999999994e+01   1.8121479797363301e+02
   7.0000000000000000e+01   5.2277700195312500e+03
   7.1099999999999994e+01   1.4688582031250000e+04
   7.2000000000000000e+01   6.9462536621093795e+02
   7.2099999999999994e+01   5.7611657714843795e+02
   7.3000000000000000e+01   1.2343039550781300e+03
   7.3900000000000006e+01   1.0296343231201200e+02
   7.4000000000000000e+01   2.2084294128418000e+02
   7.4799999999999997e+01   1.7247331619262699e+01
   7.4900000000000006e+01   4.9160339355468801e+02
   7.5000000000000000e+01   5.5752716064453097e+01
   7.6000000000000000e+01   6.8912750244140597e+01
   7.6099999999999994e+01   2.7731254577636701e+01
   7.7000000000000000e+01   9.1116784667968795e+02
   7.7799999999999997e+01   3.0308780670166001e+01
   7.7900000000000006e+01   2.0099621582031301e+02
   7.8000000000000000e+01   1.5103065490722699e+02
   7.8200000000000003e+01   2.9283256530761701e+01
   7.8900000000000006e+01   7.2025039672851605e+01
   7.9099999999999994e+01   1.9053430175781300e+03
   8.0000000000000000e+01   2.2159097290039099e+02
   8.0099999999999994e+01   5.5008245849609398e+02
   8.1000000000000000e+01   2.2780603027343800e+03
   8.2000000000000000e+01   4.3275253906250000e+03
   8.3099999999999994e+01   2.4217165527343800e+03
   8.3200000000000003e+01   3.9494934082031301e+02
   8.4099999999999994e+01   6.4197074218750000e+04
   8.5099999999999994e+01   4.9612749023437500e+03
   8.5900000000000006e+01   2.4295227050781301e+02
   8.6099999999999994e+01   2.6710238647460898e+02
   8.6799999999999997e+01   1.4070487976074199e+02
   8.7000000000000000e+01   5.0868218994140602e+02
   8.7900000000000006e+01   1.6910877990722699e+02
   8.8099999999999994e+01   2.0197308349609401e+02
   8.9000000000000000e+01   5.3384716796875000e+02
   8.9000000000000000e+01   4.2582460937500000e+03
   8.9799999999999997e+01   4.9191886901855497e+01
   8.9900000000000006e+01   9.4474082946777301e+01
   9.0000000000000000e+01   2.9600100708007801e+02
   9.0200000000000003e+01   2.7948673248291001e+01
   9.1000000000000000e+01   1.1003789520263700e+02
   9.1099999999999994e+01   2.6833797454833999e+01
   9.1900000000000006e+01   2.7024950027465799e+01
   9.2900000000000006e+01   5.4206680297851598e+01
   9.3000000000000000e+01   5.7311298370361300e+01
   9.3099999999999994e+01   4.3616325378417997e+01
   9.3900000000000006e+01   2.1944366455078099e+02
   9.4000000000000000e+01   8.7349420166015602e+02
   9.5000000000000000e+01   7.6319506835937500e+02
   9.6099999999999994e+01   2.3186040039062500e+03
   9.7000000000000000e+01   3.1939587402343800e+03
   9.7200000000000003e+01   6.6357215881347699e+01
   9.8099999999999994e+01   4.1088544921875000e+03
   9.9000000000000000e+01   1.6204667968750000e+03
   9.9900000000000006e+01   1.5921566772460901e+02
   1.0009999999999999e+02   1.4971739196777301e+02
   1.0100000000000000e+02   3.2739895629882801e+02
   1.0190000000000001e+02   3.9615177154541001e+01
   1.0290000000000001e+02   3.7236225128173800e+01
   1.0300000000000000e+02   4.1350120544433601e+01
   1.0600000000000000e+02   3.3948406219482401e+01
   1.0690000000000001e+02   1.4934452819824199e+02
   1.0700000000000000e+02   6.8673576354980497e+01
   1.0780000000000000e+02   1.6562036514282202e+01
   1.0800000000000000e+02   6.0397351074218795e+02
   1.0880000000000000e+02   4.2741348266601598e+01
   1.0890000000000001e+02   1.8993515014648401e+02
   1.0909999999999999e+02   5.1239874267578102e+02
   1.0930000000000000e+02   2.5397758483886701e+01
   1.1009999999999999e+02   6.3737558593750000e+03
   1.1100000000000000e+02   5.0071679687500000e+02
   1.1109999999999999e+02   7.3565234375000000e+02
   1.1209999999999999e+02   3.0738635253906300e+03
   1.1220000000000000e+02   3.0988159179687500e+02
   1.1290000000000001e+02   1.8931280517578099e+02
   1.1309999999999999e+02   2.9333914184570301e+02
   1.1390000000000001e+02   4.9070564270019503e+01
   1.1400000000000000e+02   8.8000495910644503e+01
   1.1409999999999999e+02   1.3620931625366200e+01
   1.1480000000000000e+02   2.0434326171875000e+01
   1.1490000000000001e+02   6.4973304748535199e+01
   1.1509999999999999e+02   1.3944493293762200e+01
   1.1680000000000000e+02   1.4118821144104000e+01
   1.1690000000000001e+02   2.7227159500122099e+01
   1.1880000000000000e+02   1.5208713531494100e+01
   1.1890000000000001e+02   2.0838579177856399e+01
   1.2000000000000000e+02   4.4152614593505902e+01
   1.2020000000000000e+02   1.1703928947448700e+01
   1.2080000000000000e+02   7.2287460327148395e+01
   1.2100000000000000e+02   5.2596916198730497e+01
   1.2190000000000001e+02   1.7792995452880898e+01
   1.2209999999999999e+02   4.7857064819335898e+02
   1.2300000000000000e+02   5.5743076171875000e+03
   1.2409999999999999e+02   9.4873818359375000e+03
   1.2509999999999999e+02   3.4709441406250000e+04
   1.2600000000000000e+02   5.5586260986328102e+02
   1.2609999999999999e+02   3.8584863281250000e+03
   1.2690000000000001e+02   2.5272644042968800e+01
   1.2700000000000000e+02   4.5509918212890602e+02
   1.2709999999999999e+02   1.2324069213867200e+02
   1.2770000000000000e+02   2.8429231643676800e+01
   1.2790000000000001e+02   3.3459476470947301e+01
   1.2809999999999999e+02   8.3811614990234403e+01
   1.3100000000000000e+02   1.2405691528320300e+02
   1.3109999999999999e+02   3.8469966888427699e+01
   1.3200000000000000e+02   2.4456974029541001e+01
   1.3269999999999999e+02   6.9716018676757798e+01
   1.3290000000000001e+02   6.6930328369140602e+02
   1.3300000000000000e+02   1.5551177978515599e+02
   1.3480000000000001e+02   1.3471392822265599e+02
   1.3490000000000001e+02   5.2390917968750000e+02
   1.3580000000000001e+02   3.4368515014648402e+01
   1.3590000000000001e+02   5.8822658538818402e+01
   1.3609999999999999e+02   1.2291452407836900e+01
   1.3700000000000000e+02   4.6176867675781301e+02
   1.3719999999999999e+02   3.6688789367675803e+01
   1.3790000000000001e+02   6.8996330261230497e+01
   1.3809999999999999e+02   2.6291766357421898e+02
   1.3880000000000001e+02   7.8110679626464801e+01
   1.3909999999999999e+02   3.6333114624023398e+02
   1.3990000000000001e+02   3.6880153656005902e+01
   1.4009999999999999e+02   2.0347404479980500e+02
   1.4080000000000001e+02   4.7945896148681598e+01
   1.4100000000000000e+02   5.1251083374023402e+01
   1.4290000000000001e+02   2.9679538726806602e+01
   1.4400000000000000e+02   1.8041645050048800e+01
   1.4569999999999999e+02   3.1913330078125000e+01
   1.4590000000000001e+02   2.6175065994262699e+01
   1.4609999999999999e+02   1.4135875701904300e+01
   1.4680000000000001e+02   4.2945720672607401e+01
   1.4700000000000000e+02   2.7995811462402301e+01
   1.4709999999999999e+02   1.6204183578491200e+01
   1.4790000000000001e+02   7.4962196350097699e+01
   1.4900000000000000e+02   1.7278087615966800e+01
   1.4909999999999999e+02   1.2499140739440900e+01
   1.4980000000000001e+02   2.4335950851440401e+01
   1.4990000000000001e+02   1.1278115844726599e+02
   1.5009999999999999e+02   2.4672599792480501e+01
   1.5100000000000000e+02   7.0686676025390597e+01
   1.5109999999999999e+02   6.7701324462890597e+01
   1.5180000000000001e+02   6.1848735809326200e+01
   1.5190000000000001e+02   5.8662460327148402e+01
   1.5200000000000000e+02   9.8739456176757798e+01
   1.5309999999999999e+02   7.7894403076171898e+02
   1.5400000000000000e+02   8.6593391418457003e+01
   1.5409999999999999e+02   1.1991527557373000e+02
   1.5430000000000001e+02   3.4502456665039098e+01
   1.5500000000000000e+02   1.3342364501953099e+02
   1.5509999999999999e+02   4.8899447631835898e+02
   1.5530000000000001e+02   1.2113377571106000e+01
   1.5590000000000001e+02   3.3706394195556598e+01
   1.5619999999999999e+02   8.8559944152832003e+01
   1.5680000000000001e+02   3.9835586547851598e+01
   1.5690000000000001e+02   1.2791395568847700e+02
   1.5790000000000001e+02   7.2299972534179702e+01
   1.5800000000000000e+02   6.3112530517578102e+02
   1.5809999999999999e+02   9.2731208801269503e+01
   1.5900000000000000e+02   1.8656726562500000e+04
   1.6000000000000000e+02   1.9242163085937500e+03
   1.6090000000000001e+02   1.2111696289062500e+04
   1.6180000000000001e+02   2.9771015167236300e+01
   1.6190000000000001e+02   1.0588209228515600e+03
   1.6290000000000001e+02   7.0877252197265602e+02
   1.6300000000000000e+02   1.1801920166015600e+03
   1.6390000000000001e+02   1.5157749938964801e+02
   1.6400000000000000e+02   1.1239159393310500e+02
   1.6480000000000001e+02   1.4636763572692900e+01
   1.6500000000000000e+02   6.2398437500000000e+01
   1.6509999999999999e+02   2.5168090820312500e+01
   1.6580000000000001e+02   6.8582107543945298e+01
   1.6600000000000000e+02   1.7147070312500000e+02
   1.6609999999999999e+02   5.6709594726562500e+01
   1.6680000000000001e+02   3.7065876007080099e+01
   1.6709999999999999e+02   8.5584526062011705e+01
   1.6730000000000001e+02   1.4202940940856900e+01
   1.6790000000000001e+02   5.1910270690917997e+01
   1.6809999999999999e+02   5.6593776702880902e+01
   1.7080000000000001e+02   1.2534010887146000e+01
   1.7300000000000000e+02   5.3477962493896499e+01
   1.7609999999999999e+02   1.3398823738098100e+01
   1.7809999999999999e+02   2.8967969894409201e+01
   1.7990000000000001e+02   2.7900381088256800e+01
   1.8009999999999999e+02   2.4567504882812500e+01
   1.8090000000000001e+02   6.8161323547363295e+01
   1.8109999999999999e+02   5.7131469726562500e+01
   1.8169999999999999e+02   5.4515033721923800e+01
   1.8190000000000001e+02   1.2533830261230500e+02
   1.8200000000000000e+02   1.3701130676269500e+02
   1.8209999999999999e+02   1.0444660186767599e+02
   1.8300000000000000e+02   7.3323898315429702e+01
   1.8309999999999999e+02   2.9734661865234398e+02
   1.8380000000000001e+02   2.4055332183837901e+01
   1.8390000000000001e+02   1.3287396240234401e+02
   1.8400000000000000e+02   2.1352124023437500e+02
   1.8419999999999999e+02   5.3795063018798800e+01
   1.8490000000000001e+02   1.0607982635498001e+01
   1.8509999999999999e+02   1.8499074935913100e+01
   1.8590000000000001e+02   3.9086532592773398e+02
   1.8600000000000000e+02   8.5807929992675795e+01
   1.8690000000000001e+02   4.7210395812988303e+01
   1.8700000000000000e+02   2.8979793548583999e+01
   1.8769999999999999e+02   8.3412902832031307e+01
   1.8790000000000001e+02   7.8864395141601605e+01
   1.8800000000000000e+02   1.4091392517089801e+02
   1.8890000000000001e+02   2.7129850387573200e+01
   1.9390000000000001e+02   3.0982486724853501e+01
   1.9409999999999999e+02   2.0779506683349599e+01
   1.9480000000000001e+02   3.2049755096435497e+01
   1.9500000000000000e+02   3.5012996673583999e+01
   1.9580000000000001e+02   2.8645559310913100e+01
   1.9600000000000000e+02   2.9453723144531301e+02
   1.9690000000000001e+02   1.4510713577270501e+01
   1.9709999999999999e+02   2.8660013198852500e+01
   1.9800000000000000e+02   2.9824043273925799e+01
   1.9809999999999999e+02   3.0928043365478501e+01
   1.9880000000000001e+02   3.1705312728881800e+01
   1.9890000000000001e+02   1.8062145233154300e+01
   1.9919999999999999e+02   1.2467538833618200e+01
   1.9969999999999999e+02   1.5777498245239300e+01
   1.9990000000000001e+02   1.6209280014038100e+01
   2.0000000000000000e+02   2.6588504791259801e+01
   2.0080000000000001e+02   2.2962541580200199e+01
   2.0190000000000001e+02   6.5276969909667997e+01
   2.0209999999999999e+02   1.4897502899169901e+01
   2.0680000000000001e+02   1.3486200332641600e+01
   2.0700000000000000e+02   5.1557044982910199e+01
   2.0709999999999999e+02   3.2259338378906300e+01
   2.0790000000000001e+02   2.1734863281250000e+02
   2.0809999999999999e+02   5.5952362060546898e+02
   2.0890000000000001e+02   3.3700401306152301e+01
   2.0909999999999999e+02   7.9058830261230497e+01
   2.1000000000000000e+02   3.1730685424804699e+02
   2.1080000000000001e+02   1.3650266647338899e+01
   2.1090000000000001e+02   2.3791128158569300e+01
   2.1109999999999999e+02   7.1852760314941406e+01
   2.1390000000000001e+02   1.8369760513305700e+01
   2.1459999999999999e+02   1.2661932945251500e+01
   2.1490000000000001e+02   1.3554243469238301e+02
   2.1590000000000001e+02   2.2157915115356399e+01
   2.1600000000000000e+02   2.4811382293701200e+01
   2.1690000000000001e+02   1.6469348907470700e+01
   2.1769999999999999e+02   1.4761250495910600e+01
   2.1790000000000001e+02   4.6546596527099602e+01
   2.1800000000000000e+02   1.0038935089111300e+02
   2.1869999999999999e+02   9.9282836914062500e+00
   2.1900000000000000e+02   5.4790832519531300e+01
   2.1969999999999999e+02   1.5415465354919400e+01
   2.1980000000000001e+02   3.5434307098388700e+01
   2.2000000000000000e+02   6.0110469818115199e+01
   2.2019999999999999e+02   2.3030876159668001e+01
   2.2190000000000001e+02   1.2926390647888200e+01
   2.2209999999999999e+02   1.1647754669189499e+01
   2.2969999999999999e+02   1.5614685058593800e+01
   2.3009999999999999e+02   1.5518652915954601e+01
   2.3090000000000001e+02   2.6685504913330099e+01
   2.3300000000000000e+02   2.4421319961547901e+01
   2.3400000000000000e+02   1.7206001281738299e+01
   2.3680000000000001e+02   1.4361273765564000e+01
   2.3690000000000001e+02   1.6510906219482401e+01
   2.3780000000000001e+02   1.2408637046814000e+01
   2.4180000000000001e+02   2.7153856277465799e+01
   2.4409999999999999e+02   1.2900028228759799e+01
   2.6189999999999998e+02   2.8021125793456999e+01
   2.6400000000000000e+02   6.8602432250976605e+01
   2.6900000000000000e+02   1.5711791992187500e+01
   2.7010000000000002e+02   1.2364493370056200e+01
   2.7089999999999998e+02   1.2850520133972200e+01
   2.7300000000000000e+02   1.1796549797058100e+01
   2.7489999999999998e+02   3.6226657867431598e+01
   2.7510000000000002e+02   1.4955935668945301e+02
   2.7519999999999999e+02   3.9531616210937500e+01
   2.7589999999999998e+02   2.0198730468750000e+01
   2.7610000000000002e+02   1.9888721466064499e+01
   2.7680000000000001e+02   3.2206512451171903e+01
   2.7710000000000002e+02   3.1870107650756800e+01
   2.8400000000000000e+02   1.3326333045959499e+01
   2.9710000000000002e+02   1.7224937438964801e+01
   2.9780000000000001e+02   1.8134988784790000e+01
   2.9789999999999998e+02   1.2476680755615200e+02
   2.9800000000000000e+02   5.3368942260742202e+01
   2.9889999999999998e+02   1.6965274810791001e+01
   2.9900000000000000e+02   7.2011276245117202e+01
   2.9989999999999998e+02   3.3204101562500000e+01
   3.0000000000000000e+02   8.3461273193359403e+01
   3.0100000000000000e+02   1.2355111122131300e+01
   3.0200000000000000e+02   1.2007844924926800e+01
   3.0700000000000000e+02   5.3715583801269503e+01
   3.0719999999999999e+02   7.4242523193359403e+01
   3.0730000000000001e+02   2.1811740875244102e+01
   3.0810000000000002e+02   1.3735691070556600e+01
   3.0910000000000002e+02   4.3523647308349602e+01
   3.1000000000000000e+02   5.4650810241699197e+01
   3.1110000000000002e+02   1.2389780044555700e+01
   3.2489999999999998e+02   2.1078128814697301e+01
   3.2500000000000000e+02   1.5365564346313500e+01
   3.2519999999999999e+02   2.9970579147338899e+01
   3.2680000000000001e+02   1.5722515106201200e+01
   3.2689999999999998e+02   4.9651897430419901e+01
   3.2710000000000002e+02   1.0797093963623000e+02
   3.2900000000000000e+02   1.5934514045715300e+01
   3.2910000000000002e+02   1.7864473342895501e+01
   3.4200000000000000e+02   7.0925483703613295e+01
   3.4210000000000002e+02   2.7566715240478501e+01
   3.4219999999999999e+02   8.8605766296386705e+01
   3.4300000000000000e+02   3.3927127838134801e+01
   3.4400000000000000e+02   1.0147779083252000e+02
