   4.0100000000000001e+01   3.3362878417968801e+02
   4.0200000000000003e+01   9.6234863281250000e+01
   4.1100000000000001e+01   5.0923583984375000e+03
   4.2100000000000001e+01   2.5903167968750000e+04
   4.3000000000000000e+01   2.3770644531250000e+03
   4.4100000000000001e+01   2.7010652343750000e+04
   4.5000000000000000e+01   7.6422937011718795e+02
   4.8899999999999999e+01   1.4999432563781699e+01
   5.0000000000000000e+01   1.1676052246093800e+03
   5.1000000000000000e+01   4.9976059570312500e+03
   5.1899999999999999e+01   1.4484188842773401e+02
   5.2000000000000000e+01   1.5037976074218800e+03
   5.3000000000000000e+01   1.5588944091796900e+03
   5.4000000000000000e+01   2.2584130859375000e+03
   5.5000000000000000e+01   3.0198830566406300e+03
   5.6000000000000000e+01   3.5757390136718800e+03
   5.6200000000000003e+01   1.3849343872070301e+02
   5.6899999999999999e+01   6.1793025970458999e+01
   5.7000000000000000e+01   2.5862900390625000e+03
   5.8000000000000000e+01   3.7225540161132801e+02
   5.9000000000000000e+01   2.0238029479980501e+01
   5.9100000000000001e+01   9.2933998107910199e+01
   6.1000000000000000e+01   4.4131587982177699e+01
   6.2000000000000000e+01   5.6339489746093795e+02
   6.2899999999999999e+01   6.6431144714355497e+01
   6.3000000000000000e+01   2.5731403808593800e+03
   6.4000000000000000e+01   1.4021737060546900e+03
   6.4099999999999994e+01   1.8403555297851599e+02
   6.5000000000000000e+01   1.5346874023437500e+04
   6.6000000000000000e+01   2.7816027832031300e+03
   6.6900000000000006e+01   1.9338291931152301e+02
   6.7000000000000000e+01   1.6211437988281300e+03
   6.8000000000000000e+01   3.3228554687500000e+03
   6.9099999999999994e+01   1.7531578369140600e+03
   7.0099999999999994e+01   8.4146894531250000e+03
   7.0900000000000006e+01   1.7223951339721701e+01
   7.1000000000000000e+01   5.2135339355468795e+02
   7.1099999999999994e+01   6.0431785583496101e+01
   7.2000000000000000e+01   1.2680644989013700e+02
   7.2200000000000003e+01   2.5181116104126001e+01
   7.2900000000000006e+01   6.3554409027099602e+01
   7.3000000000000000e+01   8.3392852783203097e+01
   7.4000000000000000e+01   5.2843670654296898e+02
   7.4900000000000006e+01   3.9979852294921898e+02
   7.5099999999999994e+01   2.4005947875976599e+02
   7.6000000000000000e+01   4.1602343750000000e+02
   7.6099999999999994e+01   8.9269781494140602e+02
   7.7000000000000000e+01   2.5272734375000000e+04
   7.8000000000000000e+01   6.6345810546875000e+03
   7.9000000000000000e+01   8.0579438476562500e+03
   7.9900000000000006e+01   1.6393646240234401e+02
   8.0000000000000000e+01   1.5579047851562500e+03
   8.0099999999999994e+01   6.5601165771484403e+01
   8.0799999999999997e+01   6.7804435729980497e+01
   8.1000000000000000e+01   5.8879479980468795e+02
   8.1200000000000003e+01   5.0391002655029297e+01
   8.2000000000000000e+01   2.2381228027343800e+03
   8.2900000000000006e+01   4.2681095123291001e+01
   8.3000000000000000e+01   3.8177795410156301e+02
   8.3099999999999994e+01   1.4921051025390599e+02
   8.3900000000000006e+01   2.7262046813964801e+01
   8.4000000000000000e+01   3.7486563110351602e+02
   8.4099999999999994e+01   4.4653497314453102e+02
   8.5000000000000000e+01   6.7065155029296903e+01
   8.6000000000000000e+01   3.6369064331054702e+01
   8.6900000000000006e+01   5.2529735565185497e+01
   8.7000000000000000e+01   5.8141944885253899e+01
   8.8000000000000000e+01   3.9886390686035199e+01
   8.8200000000000003e+01   1.9648912429809599e+01
   8.8900000000000006e+01   1.3958758544921901e+02
   8.9000000000000000e+01   3.0075756835937500e+03
   9.0099999999999994e+01   2.1037702636718800e+03
   9.0200000000000003e+01   1.6717837524414099e+02
   9.1000000000000000e+01   4.7969863281250000e+04
   9.2000000000000000e+01   7.0858237304687500e+03
   9.3000000000000000e+01   4.1456279296875000e+03
   9.3900000000000006e+01   7.1641716003417997e+01
   9.4500000000000000e+01   5.4884858398437500e+03
   9.4599999999999994e+01   2.6922473144531301e+02
   9.5099999999999994e+01   1.6935148620605500e+02
   9.5200000000000003e+01   7.0579986572265597e+01
   9.6099999999999994e+01   1.7901908203125000e+04
   9.7099999999999994e+01   2.4952404785156300e+03
   9.7900000000000006e+01   1.0400009155273401e+02
   9.8099999999999994e+01   2.3623162841796901e+02
   9.8200000000000003e+01   6.7279647827148395e+01
   1.0070000000000000e+02   1.7839776992797901e+01
   1.0090000000000001e+02   9.6735786437988295e+01
   1.0109999999999999e+02   6.5730934143066406e+01
   1.0120000000000000e+02   2.7606966018676800e+01
   1.0200000000000000e+02   5.8565002441406295e+02
   1.0209999999999999e+02   5.7916058349609398e+02
   1.0300000000000000e+02   8.0840405273437500e+03
   1.0400000000000000e+02   1.0616425781250000e+04
   1.0509999999999999e+02   2.1293197265625000e+04
   1.0609999999999999e+02   7.3025776367187500e+03
   1.0700000000000000e+02   3.0218621826171898e+02
   1.0709999999999999e+02   4.0157440185546898e+02
   1.0790000000000001e+02   7.1224639892578097e+01
   1.0800000000000000e+02   1.3457829284668000e+02
   1.0880000000000000e+02   1.4374464988708500e+01
   1.0900000000000000e+02   1.8558856964111300e+01
   1.1000000000000000e+02   1.5421448707580600e+01
   1.1100000000000000e+02   4.5432788848877003e+01
   1.1109999999999999e+02   3.7695785522460902e+01
   1.1490000000000001e+02   1.1547407531738300e+02
   1.1500000000000000e+02   9.6810778808593795e+02
   1.1509999999999999e+02   5.3261486816406295e+02
   1.1570000000000000e+02   1.5122060775756800e+01
   1.1600000000000000e+02   4.3772274780273398e+02
   1.1609999999999999e+02   5.0008856201171898e+02
   1.1709999999999999e+02   8.0391425781250000e+03
   1.1809999999999999e+02   3.0294255859375000e+04
   1.1909999999999999e+02   7.9717373046875000e+03
   1.2009999999999999e+02   1.9290168457031300e+03
   1.2090000000000001e+02   1.0350057983398401e+02
   1.2120000000000000e+02   2.5016077041626001e+01
   1.2659999999999999e+02   2.0150648117065401e+01
   1.2700000000000000e+02   1.5535980224609401e+02
   1.2790000000000001e+02   1.0010471343994099e+02
   1.2800000000000000e+02   6.1724218750000000e+02
   1.2909999999999999e+02   6.2328002929687500e+02
   1.2919999999999999e+02   3.9264766693115199e+01
   1.3009999999999999e+02   9.1829550781250000e+03
   1.3109999999999999e+02   5.4435166015625000e+03
   1.3209999999999999e+02   2.3091873046875000e+04
   1.3309999999999999e+02   2.8009755859375000e+03
   1.3400000000000000e+02   1.3120741271972699e+02
   1.3409999999999999e+02   1.0451475830078100e+03
   1.3509999999999999e+02   1.0638324737548800e+02
   1.3690000000000001e+02   1.7565010070800801e+02
   1.4080000000000001e+02   3.5967899322509801e+01
   1.4090000000000001e+02   5.0452037811279297e+01
   1.4109999999999999e+02   3.8115139007568402e+01
   1.4180000000000001e+02   3.0139978408813501e+01
   1.4190000000000001e+02   6.8220413208007798e+01
   1.4209999999999999e+02   5.2883277893066399e+01
   1.4230000000000001e+02   5.7454433441162102e+01
   1.4290000000000001e+02   4.8967395782470703e+01
   1.4300000000000000e+02   6.7070574951171898e+02
   1.4409999999999999e+02   3.1201508789062500e+03
   1.4509999999999999e+02   7.2449969482421898e+02
   1.4519999999999999e+02   2.0166530761718800e+03
   1.4609999999999999e+02   1.0579811718750000e+05
   1.4709999999999999e+02   1.2300643554687500e+04
   1.4809999999999999e+02   2.1468920898437500e+03
   1.4890000000000001e+02   5.2175510406494098e+01
   1.4909999999999999e+02   8.7901641845703097e+01
   1.4919999999999999e+02   3.3161464691162102e+01
   1.5390000000000001e+02   1.6139554977416999e+01
   1.5480000000000001e+02   1.4435784339904799e+01
   1.5490000000000001e+02   5.9361198425292997e+01
   1.5500000000000000e+02   2.7269676208496101e+01
   1.5580000000000001e+02   7.1171150207519503e+01
   1.5600000000000000e+02   2.7163903808593801e+02
   1.5619999999999999e+02   1.5860797882080099e+01
   1.5709999999999999e+02   1.3095008850097699e+02
   1.5780000000000001e+02   1.6598220825195298e+01
   1.5800000000000000e+02   2.4799584960937500e+02
   1.5809999999999999e+02   5.5864428710937500e+02
   1.5830000000000001e+02   1.6949789047241200e+01
   1.5880000000000001e+02   3.2913208007812500e+00
   1.5890000000000001e+02   1.2154925537109401e+02
   1.5909999999999999e+02   6.5165283203125000e+02
   1.6000000000000000e+02   1.0865481567382800e+02
   1.6009999999999999e+02   4.3031137695312500e+03
   1.6090000000000001e+02   6.9544403076171903e+01
   1.6109999999999999e+02   6.3043438720703102e+02
   1.6200000000000000e+02   1.7988052368164102e+01
   1.6609999999999999e+02   1.5332040786743200e+01
   1.6669999999999999e+02   1.4524856567382800e+01
   1.6890000000000001e+02   1.8446208953857401e+01
   1.7190000000000001e+02   9.3224197387695298e+01
   1.7300000000000000e+02   1.3464039611816401e+02
   1.7319999999999999e+02   1.1387829589843800e+02
   1.7380000000000001e+02   3.1032878875732401e+01
   1.7390000000000001e+02   2.1777196884155298e+01
   1.7419999999999999e+02   3.9474475860595703e+01
   1.7990000000000001e+02   3.0136585235595700e+01
   1.8090000000000001e+02   1.5545178413391101e+01
   1.8119999999999999e+02   1.8313249588012699e+01
   1.8280000000000001e+02   1.5198592185974100e+01
   1.8309999999999999e+02   3.1244783401489300e+01
   1.8400000000000000e+02   5.7863220214843795e+02
   1.8500000000000000e+02   1.9395050048828099e+02
   1.8509999999999999e+02   2.8413156127929699e+02
   1.8600000000000000e+02   2.1343992614746099e+02
   1.8609999999999999e+02   9.0453045654296898e+02
   1.8709999999999999e+02   1.6442636718750000e+03
   1.8800000000000000e+02   1.3069248962402301e+02
   1.8819999999999999e+02   1.9336684570312500e+03
   1.8909999999999999e+02   8.9113335937500000e+04
   1.9009999999999999e+02   1.2879657226562500e+04
   1.9100000000000000e+02   1.5838847351074199e+02
   1.9109999999999999e+02   6.6939837646484398e+02
   1.9600000000000000e+02   3.3215476989746101e+01
   1.9880000000000001e+02   2.8057744979858398e+01
   2.0300000000000000e+02   4.1274559020996101e+01
   2.0700000000000000e+02   2.7874767303466800e+01
   2.0730000000000001e+02   1.8255586624145501e+01
   2.1100000000000000e+02   3.1069011688232401e+01
   2.1480000000000001e+02   3.9615364074707003e+01
   2.1500000000000000e+02   6.4118087768554702e+01
   2.1900000000000000e+02   6.3896430969238303e+01
   2.3269999999999999e+02   8.5210666656494105e+00
   2.3290000000000001e+02   3.1992191314697301e+01
   2.3680000000000001e+02   2.9225297927856399e+01
   2.3690000000000001e+02   2.8819759368896499e+01
   2.5090000000000001e+02   6.8807640075683594e+01
   2.5109999999999999e+02   5.1929061889648402e+01
   2.7810000000000002e+02   8.4810630798339801e+01
   2.7819999999999999e+02   2.7378862380981399e+01
   2.7900000000000000e+02   1.6594293594360401e+01
   2.7910000000000002e+02   3.3398509979247997e+01
   2.7939999999999998e+02   1.8915576934814499e+01
   2.8019999999999999e+02   3.1240217285156300e+03
   2.8100000000000000e+02   1.3278900146484401e+02
   2.8119999999999999e+02   5.0470364379882801e+02
   2.8130000000000001e+02   4.1994434356689503e+01
   2.8210000000000002e+02   1.4552094459533700e+01
   2.8230000000000001e+02   3.6460819244384801e+01
   2.9289999999999998e+02   1.7094337463378899e+01
