   4.0100000000000001e+01   3.2162817382812500e+02
   4.1100000000000001e+01   1.1282293945312500e+04
   4.2100000000000001e+01   1.6717873046875000e+04
   4.3100000000000001e+01   2.6457220703125000e+04
   4.4100000000000001e+01   8.4543808593750000e+03
   4.5000000000000000e+01   1.4467646789550801e+02
   4.5100000000000001e+01   7.1178733825683594e+01
   4.9899999999999999e+01   2.0683467864990199e+01
   5.0000000000000000e+01   4.9849304199218801e+02
   5.0100000000000001e+01   1.7072251892089801e+02
   5.1000000000000000e+01   2.6835869140625000e+03
   5.2000000000000000e+01   2.8239453125000000e+02
   5.2000000000000000e+01   4.9067974853515602e+02
   5.2899999999999999e+01   9.7355094909667997e+01
   5.3000000000000000e+01   9.6400836181640602e+02
   5.4000000000000000e+01   1.4584710693359400e+03
   5.5000000000000000e+01   3.1751728515625000e+03
   5.5100000000000001e+01   7.0775054931640602e+02
   5.5899999999999999e+01   9.8888931274414105e+01
   5.6000000000000000e+01   2.5779541015625000e+03
   5.6200000000000003e+01   3.2118053436279297e+01
   5.7000000000000000e+01   2.0930498046875000e+03
   5.7899999999999999e+01   1.4948800659179699e+02
   5.8100000000000001e+01   2.1232757568359401e+02
   5.8899999999999999e+01   3.6111106872558601e+01
   5.9000000000000000e+01   6.4944137573242202e+01
   6.0899999999999999e+01   3.0412376403808601e+01
   6.1000000000000000e+01   1.4202443122863800e+01
   6.1799999999999997e+01   1.9791233062744102e+01
   6.1899999999999999e+01   1.6908349609375000e+02
   6.2100000000000001e+01   7.0244857788085895e+01
   6.3000000000000000e+01   8.9968957519531295e+02
   6.3100000000000001e+01   3.9093707275390602e+02
   6.3899999999999999e+01   3.2154455566406301e+02
   6.4000000000000000e+01   5.6706842041015602e+02
   6.5000000000000000e+01   5.8443525390625000e+03
   6.5900000000000006e+01   2.4421954345703099e+02
   6.6000000000000000e+01   9.6933050537109398e+02
   6.6900000000000006e+01   3.7538158416747997e+01
   6.7000000000000000e+01   2.5758293457031300e+03
   6.8000000000000000e+01   3.7973615722656300e+03
   6.8200000000000003e+01   4.1979320526122997e+01
   6.9000000000000000e+01   4.8063928222656301e+02
   6.9099999999999994e+01   3.2565227050781300e+03
   7.0099999999999994e+01   6.0464633789062500e+03
   7.1099999999999994e+01   1.4948548828125000e+04
   7.1900000000000006e+01   5.2665359497070298e+01
   7.2000000000000000e+01   3.6404302978515602e+02
   7.2099999999999994e+01   3.5281884765625000e+02
   7.2900000000000006e+01   6.1962013244628899e+01
   7.3000000000000000e+01   6.4920875549316406e+01
   7.3099999999999994e+01   3.6309371948242202e+01
   7.3799999999999997e+01   3.0721187591552699e+01
   7.3900000000000006e+01   1.4400051879882801e+02
   7.4000000000000000e+01   1.3230328369140599e+02
   7.4200000000000003e+01   1.0068663597106900e+01
   7.4900000000000006e+01   1.3742543029785199e+02
   7.5000000000000000e+01   1.5074082946777301e+02
   7.5099999999999994e+01   4.5724273681640597e+01
   7.6000000000000000e+01   3.5839004516601602e+02
   7.6099999999999994e+01   5.3834368896484398e+02
   7.7000000000000000e+01   1.9424324218750000e+04
   7.8000000000000000e+01   3.8643615722656300e+03
   7.9099999999999994e+01   6.5151093750000000e+03
   8.0000000000000000e+01   1.5125722656250000e+03
   8.0900000000000006e+01   1.6518476867675801e+02
   8.1000000000000000e+01   2.8244869995117199e+02
   8.1099999999999994e+01   1.7168745422363301e+02
   8.2000000000000000e+01   3.0912031250000000e+03
   8.3000000000000000e+01   6.7748577880859398e+02
   8.3099999999999994e+01   1.0851473236084000e+02
   8.4000000000000000e+01   2.0267855834960901e+02
   8.4099999999999994e+01   1.1950382080078100e+03
   8.4200000000000003e+01   2.1273044586181602e+01
   8.4900000000000006e+01   1.8171209335327099e+01
   8.5000000000000000e+01   1.4363615417480500e+02
   8.5099999999999994e+01   3.6576774597167997e+01
   8.6000000000000000e+01   1.1362857818603500e+01
   8.6099999999999994e+01   1.0038427352905300e+01
   8.7099999999999994e+01   1.1498562812805201e+01
   8.8099999999999994e+01   3.8077373504638700e+01
   8.8799999999999997e+01   5.2211662292480497e+01
   8.9000000000000000e+01   1.3297069091796900e+03
   9.0000000000000000e+01   2.0916864013671901e+02
   9.0099999999999994e+01   3.3549942016601602e+02
   9.0200000000000003e+01   5.5836389160156295e+02
   9.1000000000000000e+01   2.6978015625000000e+04
   9.2000000000000000e+01   3.8299458007812500e+03
   9.3099999999999994e+01   6.0938793945312500e+03
   9.4000000000000000e+01   3.9269890136718800e+03
   9.5000000000000000e+01   2.4963378906250000e+03
   9.6099999999999994e+01   1.4845166992187500e+04
   9.7099999999999994e+01   2.3083032226562500e+03
   9.7299999999999997e+01   2.9021846771240199e+01
   9.8000000000000000e+01   2.8916726684570301e+02
   9.8099999999999994e+01   4.6697326660156301e+02
   9.9000000000000000e+01   3.6014850616455099e+01
   1.0000000000000000e+02   9.2695861816406307e+01
   1.0090000000000001e+02   9.7435256958007798e+01
   1.0100000000000000e+02   3.4517120361328097e+01
   1.0120000000000000e+02   1.2260358810424799e+01
   1.0190000000000001e+02   2.4809078979492199e+02
   1.0209999999999999e+02   5.5942419433593795e+02
   1.0300000000000000e+02   6.3653300781250000e+03
   1.0400000000000000e+02   9.8599287109375000e+03
   1.0509999999999999e+02   2.4356693359375000e+04
   1.0600000000000000e+02   4.4810346679687500e+03
   1.0700000000000000e+02   2.3611743164062500e+02
   1.0709999999999999e+02   1.4712420654296901e+02
   1.0790000000000001e+02   9.1544937133789105e+01
   1.0809999999999999e+02   1.6026342773437500e+02
   1.0820000000000000e+02   2.7749071121215799e+01
   1.0880000000000000e+02   1.7453233718872099e+01
   1.0900000000000000e+02   5.3795368194580099e+01
   1.0909999999999999e+02   1.2299879074096699e+01
   1.0980000000000000e+02   4.6767067909240696e+00
   1.1000000000000000e+02   1.0480619049072300e+02
   1.1080000000000000e+02   7.1297996520996094e+01
   1.1100000000000000e+02   1.0154003906250000e+02
   1.1120000000000000e+02   2.8313301086425799e+01
   1.1190000000000001e+02   2.5802124023437500e+01
   1.1209999999999999e+02   2.2082195281982401e+01
   1.1300000000000000e+02   9.0219726562500000e+01
   1.1309999999999999e+02   9.1312675476074205e+01
   1.1409999999999999e+02   1.4088671684265099e+01
   1.1490000000000001e+02   2.2120892333984401e+02
   1.1500000000000000e+02   7.9619421386718795e+02
   1.1509999999999999e+02   4.9053276062011697e+01
   1.1590000000000001e+02   7.6504638671875000e+01
   1.1600000000000000e+02   5.1430834960937500e+02
   1.1609999999999999e+02   4.9587577819824197e+01
   1.1700000000000000e+02   4.0162983398437500e+03
   1.1800000000000000e+02   3.2147687988281300e+03
   1.1809999999999999e+02   6.0554243164062500e+03
   1.1900000000000000e+02   3.3124367675781300e+03
   1.1980000000000000e+02   1.0906190872192401e+01
   1.2000000000000000e+02   1.1949873046875000e+03
   1.2009999999999999e+02   2.6436361694335898e+02
   1.2090000000000001e+02   3.4875663757324197e+01
   1.2100000000000000e+02   8.2785774230957003e+01
   1.2190000000000001e+02   2.2759559631347699e+01
   1.2220000000000000e+02   2.1995342254638700e+01
   1.2290000000000001e+02   2.2059898376464801e+01
   1.2680000000000000e+02   9.9131040573120099e+00
   1.2700000000000000e+02   1.0307757568359401e+02
   1.2720000000000000e+02   1.1799514770507800e+01
   1.2780000000000000e+02   9.8905496597290004e+00
   1.2790000000000001e+02   3.7062847137451200e+01
   1.2800000000000000e+02   3.2125549316406301e+02
   1.2819999999999999e+02   3.7980297088622997e+01
   1.2830000000000001e+02   1.0978499412536600e+01
   1.2880000000000001e+02   1.6599676132202099e+01
   1.2890000000000001e+02   1.1708968353271500e+02
   1.2909999999999999e+02   3.0679968261718801e+02
   1.2919999999999999e+02   9.8141815185546903e+01
   1.3000000000000000e+02   1.0917872070312500e+04
   1.3100000000000000e+02   4.3296820068359398e+02
   1.3109999999999999e+02   5.9575380859375000e+03
   1.3209999999999999e+02   1.2425364257812500e+04
   1.3300000000000000e+02   6.6160186767578097e+01
   1.3309999999999999e+02   2.1183261718750000e+03
   1.3390000000000001e+02   1.4318932533264199e+01
   1.3400000000000000e+02   1.5673840332031301e+02
   1.3409999999999999e+02   1.1701651611328100e+03
   1.3490000000000001e+02   7.9849777221679702e+01
   1.3500000000000000e+02   4.4258918762207003e+01
   1.3509999999999999e+02   7.8652519226074205e+01
   1.3690000000000001e+02   3.3940124511718800e-01
   1.3700000000000000e+02   2.3564616394043000e+02
   1.3890000000000001e+02   1.4890747070312500e+02
   1.3909999999999999e+02   1.1336965332031300e+03
   1.3990000000000001e+02   8.8954002380371094e+01
   1.4009999999999999e+02   9.0550804138183594e+01
   1.4080000000000001e+02   3.0574794769287099e+01
   1.4100000000000000e+02   1.3906109619140599e+02
   1.4150000000000000e+02   1.2926140785217299e+01
   1.4169999999999999e+02   1.7497457504272500e+01
   1.4200000000000000e+02   7.4649993896484403e+01
   1.4209999999999999e+02   5.7605693817138700e+01
   1.4219999999999999e+02   1.7429422378540000e+01
   1.4280000000000001e+02   2.8273321151733398e+01
   1.4300000000000000e+02   2.4619981384277301e+02
   1.4309999999999999e+02   3.0891851806640602e+02
   1.4319999999999999e+02   9.8064270019531303e+00
   1.4400000000000000e+02   1.8098422241210901e+02
   1.4409999999999999e+02   1.9882687988281300e+03
   1.4419999999999999e+02   6.6268188476562500e+01
   1.4500000000000000e+02   1.9352827453613301e+02
   1.4509999999999999e+02   1.5115673828125000e+03
   1.4530000000000001e+02   3.2311523437500000e+02
   1.4609999999999999e+02   5.0645453125000000e+04
   1.4709999999999999e+02   5.9283017578125000e+03
   1.4800000000000000e+02   3.8699005126953102e+02
   1.4809999999999999e+02   5.8580450439453102e+02
   1.4830000000000001e+02   3.1269138336181602e+01
   1.4880000000000001e+02   9.8666496276855504e+00
   1.4900000000000000e+02   4.1628025054931598e+01
   1.5200000000000000e+02   1.1852600097656300e+01
   1.5280000000000001e+02   2.5648288726806602e+01
   1.5300000000000000e+02   3.3451736450195298e+01
   1.5319999999999999e+02   1.2716462135314901e+01
   1.5380000000000001e+02   1.2812919616699199e+01
   1.5390000000000001e+02   4.1822395324707003e+01
   1.5400000000000000e+02   7.0107788085937500e+01
   1.5419999999999999e+02   9.6060762405395508e+00
   1.5500000000000000e+02   7.4547462463378906e+01
   1.5509999999999999e+02   5.7338516235351598e+01
   1.5600000000000000e+02   1.7076341247558599e+02
   1.5609999999999999e+02   2.5619485473632801e+02
   1.5619999999999999e+02   1.3133991241455099e+01
   1.5690000000000001e+02   4.3864135742187500e+01
   1.5700000000000000e+02   1.7968797302246099e+02
   1.5709999999999999e+02   1.2514531707763700e+02
   1.5809999999999999e+02   2.5844489746093800e+03
   1.5900000000000000e+02   5.8923437500000000e+02
   1.5909999999999999e+02   1.1326926269531300e+03
   1.6000000000000000e+02   4.1135620117187500e+01
   1.6009999999999999e+02   2.6479782714843800e+03
   1.6080000000000001e+02   9.6335926055908203e+00
   1.6090000000000001e+02   7.9539794921875000e+01
   1.6109999999999999e+02   4.1433203125000000e+02
   1.6200000000000000e+02   5.0389457702636697e+01
   1.6290000000000001e+02   1.2584751892089800e+02
   1.6300000000000000e+02   4.0683078002929699e+02
   1.6319999999999999e+02   3.7381721496582003e+01
   1.6400000000000000e+02   2.2014479064941401e+02
   1.6409999999999999e+02   1.9258917236328099e+02
   1.6490000000000001e+02   9.9410953521728498e+00
   1.6519999999999999e+02   5.8343986511230497e+01
   1.6590000000000001e+02   1.1204646110534700e+01
   1.6719999999999999e+02   1.3530156135559100e+01
   1.6809999999999999e+02   3.9342121124267599e+01
   1.7000000000000000e+02   1.5165571594238301e+02
   1.7090000000000001e+02   2.1775354385376001e+01
   1.7109999999999999e+02   6.0685310363769503e+01
   1.7180000000000001e+02   1.6355979919433601e+01
   1.7200000000000000e+02   1.7752059936523401e+02
   1.7209999999999999e+02   2.6626574707031301e+02
   1.7300000000000000e+02   3.0451812744140602e+02
   1.7309999999999999e+02   2.9792617797851602e+02
   1.7400000000000000e+02   9.4350700378417997e+01
   1.7409999999999999e+02   4.3173778533935497e+01
   1.7490000000000001e+02   1.0705029487609901e+01
   1.7509999999999999e+02   2.1333583831787099e+01
   1.7590000000000001e+02   1.4108613967895501e+01
   1.7809999999999999e+02   1.0312345504760700e+01
   1.8009999999999999e+02   1.0377657890319799e+01
   1.8200000000000000e+02   6.2769130706787102e+01
   1.8209999999999999e+02   6.6896835327148395e+01
   1.8300000000000000e+02   2.7919414520263700e+01
   1.8319999999999999e+02   2.7041589736938501e+01
   1.8409999999999999e+02   1.2800346679687500e+03
   1.8500000000000000e+02   3.5053054809570301e+02
   1.8509999999999999e+02   4.6477493286132801e+02
   1.8609999999999999e+02   1.9031512451171900e+03
   1.8609999999999999e+02   1.1947993164062500e+03
   1.8709999999999999e+02   2.7444125976562500e+03
   1.8809999999999999e+02   4.9957529296875000e+03
   1.8909999999999999e+02   3.0988207031250000e+04
   1.9009999999999999e+02   4.1760747070312500e+03
   1.9090000000000001e+02   1.4095939636230501e+01
   1.9109999999999999e+02   2.3935215759277301e+02
   1.9119999999999999e+02   4.2056529998779297e+01
   1.9809999999999999e+02   1.1454053878784199e+01
   1.9819999999999999e+02   1.0990626335144000e+01
   1.9909999999999999e+02   1.4348423957824700e+01
   1.9930000000000001e+02   1.0013710021972701e+01
   1.9990000000000001e+02   1.5653569221496600e+01
   2.0009999999999999e+02   2.3325401306152301e+01
   2.0080000000000001e+02   9.6333360671997106e+00
   2.0100000000000000e+02   9.5805864334106392e+00
   2.1080000000000001e+02   9.3064117431640603e-01
   2.1300000000000000e+02   9.8834047317504901e+00
   2.1409999999999999e+02   5.7159336090087898e+01
   2.1419999999999999e+02   3.8436981201171903e+01
   2.1490000000000001e+02   1.2940948486328099e+02
   2.1500000000000000e+02   1.4209494018554699e+02
   2.1609999999999999e+02   4.9336865234375000e+03
   2.1700000000000000e+02   7.3082786560058594e+01
   2.1709999999999999e+02   6.7687860107421898e+02
   2.1719999999999999e+02   6.2791648864746101e+01
   2.1800000000000000e+02   1.7859531402587901e+01
   2.1819999999999999e+02   5.1859924316406300e+01
   2.1880000000000001e+02   4.5268775939941399e+01
   2.1900000000000000e+02   1.3361136436462401e+01
   2.2890000000000001e+02   4.7201339721679702e+01
   2.2909999999999999e+02   5.1693450927734403e+01
   2.3000000000000000e+02   5.9917411804199197e+01
   2.3009999999999999e+02   4.2512063598632801e+02
   2.3090000000000001e+02   2.1199279785156300e+01
   2.3100000000000000e+02   1.1954505920410200e+02
   2.3109999999999999e+02   1.1077221679687500e+02
   2.3219999999999999e+02   1.1241180419921900e+01
   2.3280000000000001e+02   2.1828212738037099e+01
   2.3290000000000001e+02   2.2524967193603501e+01
   2.3300000000000000e+02   1.8708574295043899e+01
   2.3309999999999999e+02   6.2877550125122097e+00
   2.3680000000000001e+02   4.5373275756835902e+01
   2.3690000000000001e+02   5.9112388610839801e+01
   2.3709999999999999e+02   1.6136108398437500e+01
   2.3900000000000000e+02   1.2953847885131800e+01
   2.4100000000000000e+02   1.1350982666015600e+01
   2.4109999999999999e+02   4.3332519531250000e+01
   2.4219999999999999e+02   1.0849586486816399e+01
   2.4300000000000000e+02   1.0709153175354000e+01
   2.5100000000000000e+02   3.3350898742675803e+01
   2.5119999999999999e+02   1.7287288665771499e+01
   2.5559999999999999e+02   1.1317789077758800e+01
   2.5630000000000001e+02   1.8648187637329102e+01
   2.5650000000000000e+02   1.6130880355835000e+01
   2.5689999999999998e+02   3.1691810607910199e+01
   2.5710000000000002e+02   1.5049128723144500e+02
   2.5719999999999999e+02   1.3522306823730500e+02
   2.5780000000000001e+02   1.5109354972839400e+01
   2.5800000000000000e+02   1.4567440032959000e+01
   2.5819999999999999e+02   5.9867065429687500e+02
   2.5919999999999999e+02   8.4185757812500000e+04
   2.6019999999999999e+02   1.5475499023437500e+04
   2.6110000000000002e+02   4.8515075683593801e+02
   2.6119999999999999e+02   9.2457482910156295e+02
   2.6130000000000001e+02   1.1342565917968800e+02
   2.6210000000000002e+02   2.6145698547363299e+01
   2.6400000000000000e+02   9.5361099243164098e+00
   2.7900000000000000e+02   2.7182945251464801e+01
   2.7910000000000002e+02   8.6829330444335895e+01
   2.7919999999999999e+02   1.0611891174316401e+02
   3.0730000000000001e+02   1.2450359344482401e+01
   3.4819999999999999e+02   1.6746669006347699e+02
   3.4910000000000002e+02   1.2421736717224100e+01
   3.4919999999999999e+02   1.3330084800720201e+01
   3.5130000000000001e+02   1.2735528945922900e+01
