   4.0100000000000001e+01   1.6887393188476599e+02
   4.1100000000000001e+01   3.6194777832031300e+03
   4.2000000000000000e+01   2.0805080566406300e+03
   4.3000000000000000e+01   9.0897125244140597e+01
   4.3100000000000001e+01   3.2532818603515602e+02
   4.4000000000000000e+01   9.9802893066406295e+02
   4.9799999999999997e+01   9.7698516845703107e+00
   4.9899999999999999e+01   6.7416656494140597e+01
   5.0000000000000000e+01   6.8172088623046903e+01
   5.0100000000000001e+01   1.3764249801635700e+01
   5.0799999999999997e+01   2.2069084167480501e+01
   5.1000000000000000e+01   2.3860812377929699e+02
   5.1000000000000000e+01   2.7205343627929699e+02
   5.1200000000000003e+01   3.7259857177734403e+01
   5.1899999999999999e+01   1.1037914276123000e+02
   5.2000000000000000e+01   3.3703227996826200e+01
   5.2899999999999999e+01   1.5845397949218801e+02
   5.3100000000000001e+01   2.1370156860351599e+02
   5.3899999999999999e+01   1.7387039184570301e+02
   5.4000000000000000e+01   7.1693557739257798e+01
   5.4200000000000003e+01   3.3677497863769503e+01
   5.4899999999999999e+01   4.9791076660156300e+01
   5.5000000000000000e+01   4.7397839355468801e+02
   5.5000000000000000e+01   5.1970056152343795e+02
   5.5799999999999997e+01   1.1398566246032701e+01
   5.5899999999999999e+01   2.3893959045410199e+02
   5.6100000000000001e+01   2.4440600585937500e+02
   5.6899999999999999e+01   7.4408378601074205e+01
   5.7000000000000000e+01   2.5573789978027301e+02
   5.7200000000000003e+01   1.0152398109436000e+01
   5.7799999999999997e+01   9.6097774505615199e+00
   5.7899999999999999e+01   1.0621212005615201e+01
   5.8899999999999999e+01   6.9205566406250000e+01
   5.9000000000000000e+01   3.6875457763671903e+01
   6.1799999999999997e+01   1.2019006729126000e+01
   6.1899999999999999e+01   1.1760651588439901e+01
   6.2000000000000000e+01   9.9005022048950195e+00
   6.2899999999999999e+01   6.9039108276367202e+01
   6.3000000000000000e+01   1.9570137023925801e+02
   6.3100000000000001e+01   4.3801300048828097e+01
   6.3799999999999997e+01   2.1939483642578100e+01
   6.4000000000000000e+01   1.0291944885253901e+02
   6.4099999999999994e+01   2.6551336288452099e+01
   6.5000000000000000e+01   3.8301324462890602e+02
   6.5000000000000000e+01   7.9160192871093795e+02
   6.5900000000000006e+01   1.2218488311767599e+02
   6.6099999999999994e+01   1.7470629882812500e+02
   6.6200000000000003e+01   1.2534375190734901e+01
   6.7000000000000000e+01   7.8968878173828102e+02
   6.7099999999999994e+01   5.2733288574218795e+02
   6.7900000000000006e+01   3.8038017272949197e+01
   6.8000000000000000e+01   3.0391955566406301e+02
   6.8099999999999994e+01   5.1492712402343795e+02
   6.9099999999999994e+01   1.2990399414062500e+04
   6.9900000000000006e+01   7.6408294677734403e+01
   7.0099999999999994e+01   1.5483881835937500e+03
   7.1000000000000000e+01   2.3604421615600600e+01
   7.1099999999999994e+01   3.8610603332519503e+01
   7.2799999999999997e+01   9.6343278884887695e+00
   7.3200000000000003e+01   8.8548145294189506e+00
   7.3900000000000006e+01   5.3608264923095703e+01
   7.4000000000000000e+01   8.4141588211059606e+00
   7.4099999999999994e+01   1.0316363334655801e+01
   7.4799999999999997e+01   8.3677787780761701e+00
   7.5000000000000000e+01   3.0308340072631800e+01
   7.5700000000000003e+01   1.3264582633972200e+01
   7.5900000000000006e+01   4.3802124023437500e+01
   7.6099999999999994e+01   1.4690597534179699e+02
   7.7000000000000000e+01   3.1648391113281300e+03
   7.7900000000000006e+01   3.4413619995117199e+02
   7.8099999999999994e+01   4.4762225341796898e+02
   7.9000000000000000e+01   8.3251440429687500e+02
   7.9099999999999994e+01   2.7248779296875000e+02
   7.9900000000000006e+01   9.4245452880859403e+01
   8.0000000000000000e+01   1.5964765930175801e+02
   8.0099999999999994e+01   4.6971160888671903e+01
   8.0799999999999997e+01   2.1187782287597701e+00
   8.1000000000000000e+01   1.2557836914062500e+02
   8.1099999999999994e+01   3.7543449401855497e+01
   8.1900000000000006e+01   7.4605834960937500e+01
   8.2000000000000000e+01   5.6972076416015602e+02
   8.2799999999999997e+01   1.0152565002441399e+01
   8.2900000000000006e+01   8.0540580749511705e+01
   8.3099999999999994e+01   9.3690414428710895e+01
   8.4000000000000000e+01   1.5599769592285199e+02
   8.4099999999999994e+01   2.2652452087402301e+02
   8.4900000000000006e+01   2.2477348327636701e+01
   8.5099999999999994e+01   1.0328510284423800e+01
   8.8799999999999997e+01   1.0770973205566399e+01
   8.9000000000000000e+01   1.4855828857421901e+02
   8.9099999999999994e+01   5.1961887359619098e+01
   8.9900000000000006e+01   4.5294223785400398e+01
   9.0099999999999994e+01   1.3914866638183599e+02
   9.1000000000000000e+01   3.7901894531250000e+03
   9.1799999999999997e+01   3.7161018371582003e+01
   9.1900000000000006e+01   1.1297760009765599e+02
   9.2000000000000000e+01   4.6503021240234398e+02
   9.2200000000000003e+01   3.1520729064941399e+01
   9.3000000000000000e+01   8.7447491455078102e+02
   9.3099999999999994e+01   9.6071221923828102e+02
   9.3799999999999997e+01   2.2055488586425799e+01
   9.4000000000000000e+01   3.6411383056640602e+02
   9.4099999999999994e+01   3.9686065673828102e+02
   9.5000000000000000e+01   2.3054171752929699e+02
   9.5099999999999994e+01   2.9909976196289102e+02
   9.5900000000000006e+01   1.0084368133544901e+02
   9.6099999999999994e+01   2.5487050781250000e+03
   9.6200000000000003e+01   7.1080062866210895e+01
   9.7000000000000000e+01   1.3984837341308599e+02
   9.7000000000000000e+01   1.5546127929687500e+03
   9.7900000000000006e+01   3.9244503021240199e+01
   9.8000000000000000e+01   2.7336901855468801e+02
   9.8299999999999997e+01   1.8005970001220700e+01
   1.0120000000000000e+02   1.0258186340331999e+01
   1.0180000000000000e+02   1.0543803215026900e+01
   1.0190000000000001e+02   6.5754180908203097e+01
   1.0200000000000000e+02   8.2108016967773395e+01
   1.0220000000000000e+02   1.9460985183715799e+01
   1.0280000000000000e+02   1.1417923927307100e+01
   1.0300000000000000e+02   1.2296274414062500e+03
   1.0309999999999999e+02   4.4407341003417997e+01
   1.0390000000000001e+02   2.7887414550781301e+02
   1.0400000000000000e+02   1.6417529296875000e+03
   1.0509999999999999e+02   4.4202783203125000e+03
   1.0590000000000001e+02   4.0576911926269503e+01
   1.0600000000000000e+02   7.0069403076171898e+02
   1.0680000000000000e+02   2.0849008560180700e+01
   1.0700000000000000e+02   2.2052486419677699e+01
   1.0809999999999999e+02   1.3530209541320801e+01
   1.0890000000000001e+02   9.1838140487670898e+00
   1.0900000000000000e+02   2.2796546936035199e+01
   1.1120000000000000e+02   1.0851236343383800e+01
   1.1480000000000000e+02   3.1526937484741200e+01
   1.1500000000000000e+02   1.8900453186035199e+02
   1.1509999999999999e+02   6.8227966308593807e+01
   1.1600000000000000e+02   1.0681865692138700e+02
   1.1609999999999999e+02   4.6553356170654297e+01
   1.1700000000000000e+02   3.0653576660156301e+02
   1.1709999999999999e+02   4.5123291015625000e+02
   1.1720000000000000e+02   7.4102264404296903e+01
   1.1790000000000001e+02   4.0779472351074197e+01
   1.1800000000000000e+02   5.6312268066406295e+02
   1.1809999999999999e+02   7.4834063720703102e+02
   1.1890000000000001e+02   4.3799148559570298e+01
   1.1900000000000000e+02   4.9384710693359398e+02
   1.1909999999999999e+02   3.7041465759277301e+01
   1.1990000000000001e+02   1.6382669067382801e+02
   1.2000000000000000e+02   8.2811347961425795e+01
   1.2780000000000000e+02   2.6788791656494102e+01
   1.2800000000000000e+02   7.4920516967773395e+01
   1.2890000000000001e+02   1.1837992668151900e+01
   1.2909999999999999e+02   1.3852897644043000e+02
   1.2930000000000001e+02   1.5025443077087401e+01
   1.2990000000000001e+02   4.1326519012451200e+01
   1.3000000000000000e+02   1.3980047607421900e+03
   1.3009999999999999e+02   6.6337390136718795e+02
   1.3100000000000000e+02   6.6225170898437500e+02
   1.3109999999999999e+02   6.6514947509765602e+02
   1.3169999999999999e+02   1.9229057312011701e+01
   1.3200000000000000e+02   1.9265067138671900e+03
   1.3219999999999999e+02   1.0817829132080099e+02
   1.3259999999999999e+02   8.6601161956787092e+00
   1.3300000000000000e+02   2.9680328369140602e+02
   1.3319999999999999e+02   5.9812187194824197e+01
   1.3390000000000001e+02   5.0047607421875000e+01
   1.3400000000000000e+02   1.5293727111816401e+02
   1.3409999999999999e+02   3.1141042709350600e+01
   1.3509999999999999e+02   1.1656164169311500e+01
   1.3690000000000001e+02   1.1781017303466800e+01
   1.3700000000000000e+02   1.3270042419433599e+02
   1.3869999999999999e+02   8.6311464309692401e+00
   1.3900000000000000e+02   1.3469355773925801e+02
   1.3909999999999999e+02   1.2456803131103500e+02
   1.3990000000000001e+02   9.1748580932617205e+00
   1.4100000000000000e+02   1.9048814773559599e+01
   1.4290000000000001e+02   6.1718166351318402e+01
   1.4309999999999999e+02   1.8492001342773401e+02
   1.4400000000000000e+02   2.0660206604003901e+02
   1.4409999999999999e+02   2.3702810668945301e+02
   1.4490000000000001e+02   7.5516304016113295e+01
   1.4500000000000000e+02   1.0934734344482401e+02
   1.4509999999999999e+02   1.4764788818359401e+02
   1.4609999999999999e+02   6.0546054687500000e+03
   1.4700000000000000e+02   1.1594780731201200e+02
   1.4700000000000000e+02   6.2587475585937500e+02
   1.4709999999999999e+02   3.9470352172851598e+01
   1.4790000000000001e+02   8.3535949707031307e+01
   1.4800000000000000e+02   1.7864402770996099e+02
   1.5500000000000000e+02   8.8606147766113299e+00
   1.5600000000000000e+02   4.1746791839599602e+01
   1.5609999999999999e+02   3.6656417846679702e+01
   1.5619999999999999e+02   1.5314764976501500e+01
   1.5690000000000001e+02   1.9600828170776399e+01
   1.5709999999999999e+02   2.7641767501831101e+01
   1.5790000000000001e+02   7.6627494812011705e+01
   1.5800000000000000e+02   1.3475289916992199e+02
   1.5809999999999999e+02   2.1278096008300801e+02
   1.5890000000000001e+02   8.0324653625488295e+01
   1.5909999999999999e+02   3.6216711425781301e+02
   1.5980000000000001e+02   1.3838768959045399e+01
   1.6000000000000000e+02   2.1444168090820301e+02
   1.6009999999999999e+02   4.4097848510742199e+02
   1.6090000000000001e+02   4.5851814270019503e+01
   1.6100000000000000e+02   7.5045242309570298e+01
   1.6700000000000000e+02   1.0954196929931600e+01
   1.6809999999999999e+02   2.1472415924072301e+01
   1.6990000000000001e+02   1.0071276855468800e+02
   1.7000000000000000e+02   1.1307904815673800e+02
   1.7090000000000001e+02   2.0070266723632798e+01
   1.7109999999999999e+02   1.1873052215576200e+02
   1.7119999999999999e+02   2.2835391998291001e+01
   1.7190000000000001e+02   4.2233688354492202e+01
   1.7209999999999999e+02   5.3189937591552699e+01
   1.7300000000000000e+02   4.1786029815673800e+01
   1.7309999999999999e+02   1.0835781860351599e+02
   1.7430000000000001e+02   1.0944163322448700e+01
   1.8200000000000000e+02   1.5855433464050300e+01
   1.8380000000000001e+02   9.5158958435058594e+00
   1.8390000000000001e+02   1.0712352752685500e+02
   1.8409999999999999e+02   2.6628552246093801e+02
   1.8490000000000001e+02   7.9411895751953097e+01
   1.8509999999999999e+02   2.1381037902832000e+02
   1.8590000000000001e+02   2.2813488006591800e+01
   1.8609999999999999e+02   2.3053971862793000e+02
   1.8609999999999999e+02   3.7467178344726602e+02
   1.8700000000000000e+02   3.9376696777343801e+02
   1.8709999999999999e+02   2.8336172485351602e+02
   1.8790000000000001e+02   6.4053169250488295e+01
   1.8809999999999999e+02   1.2519946289062500e+03
   1.8909999999999999e+02   7.1189746093750000e+03
   1.8990000000000001e+02   5.9701686859130902e+01
   1.9009999999999999e+02   9.9058563232421898e+02
   1.9100000000000000e+02   1.1049011230468800e+01
   1.9119999999999999e+02   4.6713127136230497e+01
   1.9509999999999999e+02   1.3803928375244100e+01
   1.9690000000000001e+02   2.3003631591796900e+01
   2.0009999999999999e+02   9.8016223907470703e+00
   2.0700000000000000e+02   2.0544427871704102e+01
   2.0809999999999999e+02   8.3843574523925799e+00
   2.1080000000000001e+02   7.2529687881469700e+00
   2.1090000000000001e+02   4.1484176635742202e+01
   2.1109999999999999e+02   3.8561725616455100e+00
   2.1480000000000001e+02   5.0904983520507798e+01
   2.1500000000000000e+02   6.9147789001464801e+01
   2.1880000000000001e+02   2.5501289367675799e+00
   2.1900000000000000e+02   7.4994907379150400e+00
   2.3109999999999999e+02   1.1218157768249499e+01
   2.3290000000000001e+02   5.7483398437500000e+01
   2.3669999999999999e+02   6.5957546234130904e-01
   2.3690000000000001e+02   2.5000667572021499e+01
   2.4200000000000000e+02   9.4983100891113295e+01
   2.4219999999999999e+02   1.2071116638183599e+02
   2.4290000000000001e+02   9.8875007629394496e+00
   2.4309999999999999e+02   1.9011074066162099e+01
   2.7710000000000002e+02   1.0733934402465801e+01
   2.7919999999999999e+02   1.4083895683288601e+01
   2.8400000000000000e+02   1.8539882659912099e+01
   2.8419999999999999e+02   9.0545730590820295e+00
   2.8519999999999999e+02   1.4057152343750000e+04
   2.8619999999999999e+02   2.8982067871093800e+03
   2.8710000000000002e+02   5.4881816864013700e+01
   2.8719999999999999e+02   1.0672268676757800e+02
   2.8730000000000001e+02   6.3067268371582003e+01
   2.9689999999999998e+02   1.0133033752441399e+01
   3.7400000000000000e+02   1.1173573493957500e+01
   3.7410000000000002e+02   8.9382848739624006e+00
   3.7419999999999999e+02   1.0257794380188001e+01
