   4.0100000000000001e+01   1.2823315429687500e+02
   4.0200000000000003e+01   2.4431915283203100e+01
   4.1000000000000000e+01   1.6206431579589801e+02
   4.1100000000000001e+01   2.4156811523437500e+03
   4.2100000000000001e+01   9.4991748046875000e+03
   4.3000000000000000e+01   1.1676581054687500e+04
   4.4100000000000001e+01   4.5359287109375000e+03
   4.5000000000000000e+01   1.2550814056396500e+02
   4.9899999999999999e+01   7.0736656188964801e+01
   5.0000000000000000e+01   2.7651205444335898e+02
   5.0100000000000001e+01   9.8874176025390597e+01
   5.1000000000000000e+01   1.6135611572265600e+03
   5.2000000000000000e+01   4.6503103637695301e+02
   5.3000000000000000e+01   8.0948266601562500e+02
   5.3899999999999999e+01   4.1605190277099602e+01
   5.4000000000000000e+01   8.6240399169921898e+02
   5.5000000000000000e+01   1.2823177490234400e+03
   5.5200000000000003e+01   4.4016689300537102e+01
   5.5799999999999997e+01   1.2678667068481399e+01
   5.5899999999999999e+01   1.2708097076416000e+02
   5.6000000000000000e+01   1.1639272460937500e+03
   5.6200000000000003e+01   1.2457042694091800e+01
   5.7000000000000000e+01   7.6211621093750000e+02
   5.7100000000000001e+01   1.3387245178222699e+02
   5.7899999999999999e+01   3.4561470031738303e+01
   5.8000000000000000e+01   8.5110038757324205e+01
   5.8799999999999997e+01   4.9197811126708999e+01
   5.8899999999999999e+01   1.1719267845153800e+01
   6.0799999999999997e+01   3.0844490051269499e+01
   6.1100000000000001e+01   1.0953137397766101e+01
   6.1899999999999999e+01   3.2094802856445298e+01
   6.2000000000000000e+01   6.5781463623046903e+01
   6.2100000000000001e+01   7.9975303649902301e+01
   6.2799999999999997e+01   2.0951177597045898e+01
   6.2899999999999999e+01   5.6245501708984398e+02
   6.3000000000000000e+01   3.0044024658203102e+02
   6.3899999999999999e+01   2.2146908569335901e+02
   6.4000000000000000e+01   1.9664387512207000e+02
   6.5000000000000000e+01   1.3507598876953099e+02
   6.5000000000000000e+01   2.3159494628906300e+03
   6.5900000000000006e+01   3.4105194091796903e+01
   6.6000000000000000e+01   3.3675845336914102e+02
   6.6000000000000000e+01   3.7308953857421898e+02
   6.6900000000000006e+01   1.9295414733886699e+02
   6.7000000000000000e+01   1.4544147949218800e+03
   6.8000000000000000e+01   1.6605363769531300e+03
   6.9000000000000000e+01   1.5824331054687500e+03
   7.0000000000000000e+01   2.0860101318359401e+02
   7.0099999999999994e+01   1.9054478759765600e+03
   7.0900000000000006e+01   9.5119430541992202e+01
   7.1099999999999994e+01   1.5945341491699199e+02
   7.1700000000000003e+01   1.3945386886596699e+01
   7.2000000000000000e+01   1.1569017410278301e+01
   7.2099999999999994e+01   1.8499740600585898e+01
   7.2900000000000006e+01   7.6075645446777301e+01
   7.3799999999999997e+01   2.3472560882568398e+01
   7.3900000000000006e+01   1.3826322937011699e+02
   7.4000000000000000e+01   8.9853340148925795e+01
   7.4799999999999997e+01   1.4294616699218800e+01
   7.4900000000000006e+01   1.2244503021240200e+02
   7.5000000000000000e+01   8.7611473083496094e+01
   7.5099999999999994e+01   3.2855205535888700e+01
   7.5900000000000006e+01   1.3152304077148401e+02
   7.6000000000000000e+01   3.5845703125000000e+01
   7.6099999999999994e+01   3.3600674438476602e+02
   7.7000000000000000e+01   1.1004880859375000e+04
   7.8000000000000000e+01   2.6276281738281300e+03
   7.9000000000000000e+01   3.8203017578125000e+03
   7.9900000000000006e+01   3.4053680419921903e+01
   8.0000000000000000e+01   6.6840747070312500e+02
   8.0099999999999994e+01   1.9146577453613301e+02
   8.0900000000000006e+01   3.1434011459350600e+01
   8.1000000000000000e+01   1.8985380554199199e+02
   8.1099999999999994e+01   8.4739509582519503e+01
   8.2000000000000000e+01   1.5482346191406300e+03
   8.2200000000000003e+01   5.7555683135986300e+01
   8.3000000000000000e+01   2.1653248596191401e+02
   8.3099999999999994e+01   5.1562301635742202e+01
   8.4000000000000000e+01   2.1143202209472699e+02
   8.4099999999999994e+01   1.8414016723632801e+02
   8.4200000000000003e+01   1.8702232360839801e+01
   8.4900000000000006e+01   1.0856927871704100e+01
   8.5900000000000006e+01   3.4067878723144503e+01
   8.6000000000000000e+01   2.8826843261718800e+01
   8.6200000000000003e+01   8.6758251190185494e+00
   8.7099999999999994e+01   8.5572433471679705e+00
   8.8799999999999997e+01   8.4356620788574205e+01
   8.9000000000000000e+01   5.5649609375000000e+02
   8.9099999999999994e+01   9.4545013427734403e+01
   8.9900000000000006e+01   1.0368043518066401e+02
   9.0000000000000000e+01   2.4172624206543000e+02
   9.0099999999999994e+01   1.3209222412109401e+02
   9.1000000000000000e+01   6.8072036132812500e+03
   9.2000000000000000e+01   6.3517657470703102e+02
   9.2099999999999994e+01   5.0270422363281301e+02
   9.3000000000000000e+01   3.9654455566406300e+03
   9.4000000000000000e+01   2.0178155517578099e+02
   9.4099999999999994e+01   2.1793212890625000e+03
   9.4900000000000006e+01   8.9986114501953097e+01
   9.5000000000000000e+01   1.0022776489257800e+03
   9.5099999999999994e+01   2.3578697204589801e+02
   9.6099999999999994e+01   6.3813515625000000e+03
   9.6900000000000006e+01   1.8153781890869102e+01
   9.7099999999999994e+01   9.5028503417968795e+02
   9.7200000000000003e+01   2.6124412536621101e+01
   9.8000000000000000e+01   1.5863479614257801e+02
   9.8099999999999994e+01   5.3137628173828102e+02
   9.9099999999999994e+01   1.9557991027831999e+01
   1.0020000000000000e+02   1.1340635299682599e+01
   1.0090000000000001e+02   2.1521230697631800e+01
   1.0120000000000000e+02   1.8266685485839801e+01
   1.0170000000000000e+02   1.7962837219238299e+01
   1.0190000000000001e+02   6.7205360412597699e+01
   1.0200000000000000e+02   4.2670379638671898e+02
   1.0209999999999999e+02   8.6045623779296903e+01
   1.0290000000000001e+02   1.2403442382812500e+02
   1.0300000000000000e+02   4.1096171875000000e+03
   1.0400000000000000e+02   5.5836767578125000e+03
   1.0509999999999999e+02   1.5726739257812500e+04
   1.0590000000000001e+02   2.2377689361572301e+01
   1.0600000000000000e+02   2.9601499023437500e+03
   1.0690000000000001e+02   9.6903800964355504e+00
   1.0700000000000000e+02   1.9676054382324199e+02
   1.0709999999999999e+02   7.3091072082519503e+01
   1.0780000000000000e+02   5.3174640655517599e+01
   1.0800000000000000e+02   1.0598459625244099e+02
   1.0890000000000001e+02   4.4493522644042997e+01
   1.0920000000000000e+02   8.8593368530273402e+00
   1.1100000000000000e+02   1.8250278472900401e+01
   1.1420000000000000e+02   9.7948255538940394e+00
   1.1490000000000001e+02   1.2423350524902300e+02
   1.1500000000000000e+02   1.4960737304687500e+03
   1.1509999999999999e+02   4.9069189453125000e+02
   1.1580000000000000e+02   8.0677856445312500e+01
   1.1600000000000000e+02   3.5140850830078102e+02
   1.1609999999999999e+02   2.8815014648437500e+02
   1.1690000000000001e+02   4.8209899902343800e+01
   1.1700000000000000e+02   5.5066489257812500e+03
   1.1800000000000000e+02   4.4272221679687500e+03
   1.1809999999999999e+02   2.8399030761718800e+03
   1.1909999999999999e+02   7.1475849609375000e+03
   1.1990000000000001e+02   1.1444203186035200e+02
   1.2009999999999999e+02   1.0571357421875000e+03
   1.2109999999999999e+02   3.0986898422241200e+01
   1.2690000000000001e+02   6.3904602050781300e+01
   1.2700000000000000e+02   1.0414669036865201e+01
   1.2790000000000001e+02   9.1351882934570298e+01
   1.2800000000000000e+02   1.7632434082031301e+02
   1.2819999999999999e+02   1.3977111816406300e+01
   1.2890000000000001e+02   8.5346115112304702e+01
   1.2900000000000000e+02   1.2939674377441401e+02
   1.2909999999999999e+02   1.1196492004394500e+02
   1.3000000000000000e+02   1.2606694335937500e+03
   1.3009999999999999e+02   2.8016613769531300e+03
   1.3090000000000001e+02   2.6125251770019499e+01
   1.3100000000000000e+02   2.3718422851562500e+03
   1.3109999999999999e+02   2.0251821899414099e+02
   1.3209999999999999e+02   5.7650083007812500e+03
   1.3209999999999999e+02   5.6635761260986300e+01
   1.3290000000000001e+02   4.1845939636230497e+01
   1.3300000000000000e+02   6.9109497070312500e+02
   1.3309999999999999e+02   1.9887261962890599e+02
   1.3359999999999999e+02   9.6764802932739293e+00
   1.3390000000000001e+02   3.9777572631835902e+01
   1.3400000000000000e+02   3.3146797180175803e+01
   1.3419999999999999e+02   1.8356506347656300e+01
   1.3490000000000001e+02   1.0536617279052701e+01
   1.3500000000000000e+02   3.6283999633789102e+02
   1.3509999999999999e+02   1.2346988677978500e+02
   1.3530000000000001e+02   1.1851094245910600e+01
   1.3600000000000000e+02   2.2966772460937500e+02
   1.3619999999999999e+02   7.4495864868164105e+01
   1.3690000000000001e+02   1.9322085571289099e+02
   1.3709999999999999e+02   1.2946739196777301e+02
   1.3800000000000000e+02   8.6117439270019496e+00
   1.3890000000000001e+02   4.0140922546386697e+01
   1.3900000000000000e+02   2.1728837585449199e+02
   1.4080000000000001e+02   2.1549705505371101e+01
   1.4100000000000000e+02   4.2056377410888700e+01
   1.4119999999999999e+02   1.0802956581115700e+01
   1.4200000000000000e+02   1.0949153137207000e+02
   1.4209999999999999e+02   5.0280593872070298e+01
   1.4300000000000000e+02   7.5193557739257798e+01
   1.4300000000000000e+02   1.0460027313232401e+02
   1.4309999999999999e+02   1.9010861206054699e+02
   1.4319999999999999e+02   3.2840595245361300e+01
   1.4400000000000000e+02   3.9824636840820301e+02
   1.4409999999999999e+02   1.1074730224609400e+03
   1.4419999999999999e+02   5.2562988281250000e+01
   1.4500000000000000e+02   5.3866979980468795e+02
   1.4509999999999999e+02   5.6326605224609398e+02
   1.4609999999999999e+02   2.4145039062500000e+04
   1.4709999999999999e+02   2.7568269042968800e+03
   1.4790000000000001e+02   5.1909664154052699e+01
   1.4800000000000000e+02   3.3977160644531301e+02
   1.4809999999999999e+02   1.0912836456298800e+02
   1.4830000000000001e+02   1.1932728767395000e+01
   1.4900000000000000e+02   8.8671073913574201e+00
   1.5100000000000000e+02   8.7113256454467791e+00
   1.5500000000000000e+02   5.6802089691162102e+01
   1.5590000000000001e+02   3.4928344726562500e+01
   1.5600000000000000e+02   5.3162097930908203e+01
   1.5609999999999999e+02   1.9495336914062500e+02
   1.5690000000000001e+02   4.3053684234619098e+01
   1.5709999999999999e+02   1.6325631713867199e+02
   1.5719999999999999e+02   2.4248186111450199e+01
   1.5800000000000000e+02   3.0847357177734398e+02
   1.5809999999999999e+02   3.0979794921875000e+03
   1.5890000000000001e+02   6.2028549194335902e+01
   1.5900000000000000e+02   9.1225170898437500e+02
   1.5919999999999999e+02   4.9389240264892599e+01
   1.6000000000000000e+02   4.5007873535156301e+02
   1.6019999999999999e+02   8.1004264831542997e+01
   1.6100000000000000e+02   1.0942141723632800e+02
   1.6109999999999999e+02   9.2799644470214808e+00
   1.6209999999999999e+02   1.8817146301269499e+01
   1.6700000000000000e+02   1.0363817214965801e+01
   1.6800000000000000e+02   2.0190721511840799e+01
   1.6809999999999999e+02   9.0896129608154297e+00
   1.7000000000000000e+02   4.7302768707275398e+01
   1.7009999999999999e+02   5.7338222503662102e+01
   1.7080000000000001e+02   2.0702461242675799e+01
   1.7100000000000000e+02   2.0781698226928700e+01
   1.7119999999999999e+02   2.3052589416503899e+01
   1.7200000000000000e+02   1.4224148559570301e+02
   1.7209999999999999e+02   1.7453684997558599e+02
   1.7280000000000001e+02   1.0470705986022899e+01
   1.7290000000000001e+02   2.1559530258178700e+01
   1.7300000000000000e+02   1.6772760009765599e+02
   1.7319999999999999e+02   4.0583557128906300e+01
   1.7390000000000001e+02   3.9216152191162102e+01
   1.7400000000000000e+02   8.9153533935546903e+01
   1.7409999999999999e+02   3.1019186401367199e+02
   1.7430000000000001e+02   9.1285362243652308e+00
   1.7480000000000001e+02   9.5497999191284197e+00
   1.7500000000000000e+02   3.4734962463378899e+01
   1.7509999999999999e+02   4.3215522766113303e+01
   1.8200000000000000e+02   2.3910840988159201e+01
   1.8380000000000001e+02   1.0335333824157701e+01
   1.8400000000000000e+02   1.1701122283935501e+01
   1.8409999999999999e+02   6.6239898681640597e+01
   1.8419999999999999e+02   1.1725077629089400e+01
   1.8490000000000001e+02   9.5679912567138707e+00
   1.8500000000000000e+02   2.2171796798706101e+01
   1.8509999999999999e+02   1.9625427246093800e+01
   1.8590000000000001e+02   1.2022155761718800e+01
   1.8600000000000000e+02   5.7526672363281300e+01
   1.8609999999999999e+02   8.9968994140625000e+01
   1.8640000000000001e+02   1.2196107864379901e+01
   1.8680000000000001e+02   3.3727645874023402e+01
   1.8700000000000000e+02   1.1201009750366200e+01
   1.8709999999999999e+02   6.0145574951171898e+02
   1.8719999999999999e+02   1.8348017883300801e+02
   1.8809999999999999e+02   1.5827402343750000e+04
   1.8900000000000000e+02   9.7891555786132798e+01
   1.8909999999999999e+02   7.3897646484375000e+03
   1.9000000000000000e+02   2.5037927627563501e+01
   1.9009999999999999e+02   1.0339479980468800e+03
   1.9090000000000001e+02   1.0919422149658200e+01
   1.9100000000000000e+02   1.7496330261230501e+01
   1.9790000000000001e+02   1.3019266128540000e+01
   1.9809999999999999e+02   5.0473745727539102e+02
   1.9890000000000001e+02   1.2491194915771500e+02
   1.9909999999999999e+02   1.9161694335937500e+02
   1.9930000000000001e+02   3.2223243713378899e+01
   2.0000000000000000e+02   1.4799827575683599e+02
   2.0009999999999999e+02   7.1313977050781295e+02
   2.0100000000000000e+02   1.0981119537353500e+02
   2.0109999999999999e+02   2.5003474426269500e+02
   2.0200000000000000e+02   3.5563140869140602e+02
   2.0209999999999999e+02   3.2084088134765602e+02
   2.0300000000000000e+02   7.1172332763671903e+01
   2.0319999999999999e+02   1.2642884254455600e+01
   2.0690000000000001e+02   8.3979415893554705e+00
   2.0700000000000000e+02   2.4142219543456999e+01
   2.1100000000000000e+02   2.5922740936279300e+01
   2.1300000000000000e+02   3.5588710784912102e+01
   2.1309999999999999e+02   2.7452739715576200e+01
   2.1480000000000001e+02   5.1164569854736300e+01
   2.1509999999999999e+02   2.2094659805297901e+01
   2.1700000000000000e+02   8.7443571090698207e+00
   2.2219999999999999e+02   9.2237911224365199e+00
   2.2859999999999999e+02   1.4821903228759799e+01
   2.2880000000000001e+02   5.2654560089111300e+01
   2.2900000000000000e+02   9.3312347412109403e+01
   2.2919999999999999e+02   2.0091381072998001e+01
   2.2930000000000001e+02   1.6688156127929702e+01
   2.2950000000000000e+02   2.3639366149902301e+01
   2.2969999999999999e+02   3.1321540832519499e+01
   2.3000000000000000e+02   5.3603252410888700e+01
   2.3019999999999999e+02   4.5297131347656301e+02
   2.3109999999999999e+02   4.9054734375000000e+04
   2.3209999999999999e+02   8.1141928710937500e+03
   2.3300000000000000e+02   2.9944668579101602e+02
   2.3309999999999999e+02   4.9963964843750000e+02
   2.3690000000000001e+02   3.8684829711914098e+01
   2.3709999999999999e+02   2.1814571380615199e+01
   2.7100000000000000e+02   3.3109539031982401e+01
   2.7119999999999999e+02   1.2673595428466800e+01
   2.7189999999999998e+02   9.2109003067016602e+00
   2.8880000000000001e+02   9.0941648483276403e+00
   2.9280000000000001e+02   9.2330064773559606e+00
   2.9289999999999998e+02   2.1771984100341800e+01
   2.9319999999999999e+02   1.5692851066589400e+01
   3.3400000000000000e+02   5.3628589630127003e+01
   3.3419999999999999e+02   2.0467102050781300e+01
   3.3650000000000000e+02   9.4361686706543004e+00
   3.3739999999999998e+02   1.4124394416809100e+01
