   4.0100000000000001e+01   2.5059156417846702e+00
   4.0799999999999997e+01   4.6090741157531703e+00
   4.1000000000000000e+01   4.2577045440673800e+01
   4.1100000000000001e+01   9.1623706817627006e+00
   4.1899999999999999e+01   3.3584606170654297e+01
   4.2100000000000001e+01   2.4195367813110401e+01
   4.3799999999999997e+01   3.1945854187011701e+01
   4.3899999999999999e+01   1.2921543884277301e+02
   4.4100000000000001e+01   1.0562995910644499e+01
   4.4899999999999999e+01   1.3828620910644499e+01
   4.5000000000000000e+01   7.1014118194580096e+00
   4.5200000000000003e+01   2.1836280822753902e+00
   5.0000000000000000e+01   1.3517220497131300e+01
   5.0899999999999999e+01   4.6910911560058601e+01
   5.1000000000000000e+01   7.0198501586914105e+01
   5.1100000000000001e+01   4.2753700256347699e+01
   5.1899999999999999e+01   1.6869104385376001e+01
   5.2100000000000001e+01   7.4852151870727504e+00
   5.2899999999999999e+01   2.4928621292114300e+01
   5.3000000000000000e+01   2.5280712127685501e+01
   5.3200000000000003e+01   2.2249476909637500e+00
   5.3899999999999999e+01   9.0627222061157209e+00
   5.4000000000000000e+01   9.9070262908935494e+00
   5.4100000000000001e+01   1.2307695388793899e+01
   5.4799999999999997e+01   3.3218086242675803e+01
   5.5000000000000000e+01   8.5834709167480497e+01
   5.5200000000000003e+01   9.2037067413330096e+00
   5.5799999999999997e+01   5.7301516532897896e+00
   5.6000000000000000e+01   1.4018748283386200e+01
   5.6100000000000001e+01   3.2299079895019500e+00
   5.6799999999999997e+01   3.1285179138183601e+01
   5.7000000000000000e+01   2.7436642456054699e+02
   5.7100000000000001e+01   2.1221597290039099e+02
   5.7799999999999997e+01   5.2599005699157697e+00
   5.8799999999999997e+01   8.2142238616943395e+00
   5.8899999999999999e+01   2.5640487670898399e-01
   5.9100000000000001e+01   3.2558090209960902e+01
   6.1899999999999999e+01   5.1869115829467800e+00
   6.2700000000000003e+01   5.1189031600952104e+00
   6.2899999999999999e+01   4.3927006721496600e+00
   6.3000000000000000e+01   3.0447181701660199e+01
   6.3100000000000001e+01   4.2415881156921398e-01
   6.3899999999999999e+01   6.6070747375488299e+00
   6.4099999999999994e+01   6.2632379531860396e+00
   6.4799999999999997e+01   2.8085799217224099e+00
   6.4900000000000006e+01   1.0405803680419901e+02
   6.5000000000000000e+01   1.2053472900390599e+02
   6.5099999999999994e+01   1.0823787689209000e+01
   6.5799999999999997e+01   2.4518735408782999e+00
   6.5900000000000006e+01   2.4524097442626999e+01
   6.6000000000000000e+01   4.2486396789550803e+01
   6.7000000000000000e+01   8.3307256698608398e+00
   6.8000000000000000e+01   1.2515837669372599e+01
   6.8700000000000003e+01   4.7833652496337900e+00
   6.8900000000000006e+01   2.6291677474975600e+01
   6.9000000000000000e+01   1.5066379547119100e+01
   7.0700000000000003e+01   2.9055743217468302e+00
   7.0900000000000006e+01   3.1561771392822301e+01
   7.1000000000000000e+01   3.4227130413055402e+00
   7.1200000000000003e+01   5.6058092117309597e+00
   7.1599999999999994e+01   2.1261990070343000e+00
   7.2799999999999997e+01   2.4944164752960201e+00
   7.2900000000000006e+01   1.8437036514282202e+01
   7.3799999999999997e+01   2.1752159595489502e+00
   7.5000000000000000e+01   6.3465967178344700e+00
   7.5900000000000006e+01   2.5339088439941402e+00
   7.6099999999999994e+01   6.9898090362548801e+00
   7.7000000000000000e+01   5.6676281738281295e+02
   7.7900000000000006e+01   1.1491688537597700e+02
   7.8099999999999994e+01   9.0056869506835895e+01
   7.8799999999999997e+01   9.5045614242553700e-01
   7.8900000000000006e+01   5.1641826629638700e+01
   7.9099999999999994e+01   3.3473484039306598e+01
   7.9200000000000003e+01   3.2806382179260298e+00
   7.9799999999999997e+01   1.7705472946166999e+01
   8.0000000000000000e+01   4.0525764465332003e+01
   8.0099999999999994e+01   1.2425629615783700e+01
   8.0200000000000003e+01   3.8110768795013401e+00
   8.0900000000000006e+01   2.6516761779785199e+01
   8.1000000000000000e+01   2.3945148468017599e+01
   8.1099999999999994e+01   1.3909878730773899e+01
   8.1900000000000006e+01   2.5910650253295898e+01
   8.2000000000000000e+01   6.8721076965332003e+01
   8.2000000000000000e+01   4.2544544219970703e+01
   8.2099999999999994e+01   1.9422142028808601e+01
   8.2900000000000006e+01   9.2634801864624006e+00
   8.3099999999999994e+01   8.8406810760497994e+00
   8.3799999999999997e+01   5.4109826087951696e+00
   8.4000000000000000e+01   1.8016336441040000e+01
   8.4099999999999994e+01   5.5412573814392099e+00
   8.4900000000000006e+01   2.1845765113830602e+00
   9.0799999999999997e+01   1.1495711326599100e+01
   9.0900000000000006e+01   5.2865669250488303e+01
   9.1000000000000000e+01   1.0743934631347700e+02
   9.1099999999999994e+01   1.5588147163391101e+01
   9.1799999999999997e+01   1.1080554962158200e+01
   9.2000000000000000e+01   5.8155368804931598e+01
   9.2200000000000003e+01   5.5735616683959996e+00
   9.2900000000000006e+01   1.6724758911132801e+02
   9.3000000000000000e+01   2.1857789611816401e+02
   9.3099999999999994e+01   9.2482063293457003e+01
   9.3900000000000006e+01   2.9945131301879901e+01
   9.4000000000000000e+01   4.1052173614502003e+01
   9.4099999999999994e+01   6.5269317626953098e+00
   9.4900000000000006e+01   2.6824569702148402e+00
   9.5000000000000000e+01   1.6425615310668899e+01
   9.5200000000000003e+01   2.5019490718841602e+00
   9.5700000000000003e+01   2.2275679111480700e+00
   9.5900000000000006e+01   7.9208626747131303e+00
   9.6000000000000000e+01   1.0351417541503899e+01
   9.6099999999999994e+01   4.6975164413452104e+00
   9.6299999999999997e+01   2.1880700588226301e+00
   9.6799999999999997e+01   5.1065959930419904e+00
   9.6900000000000006e+01   1.0891844940185500e+02
   9.7000000000000000e+01   1.6806668090820301e+02
   9.7099999999999994e+01   6.2628063201904297e+01
   9.7799999999999997e+01   5.3501420021057102e+00
   9.7900000000000006e+01   5.8862395286560103e+00
   9.8900000000000006e+01   2.1206052303314200e+00
   1.0290000000000001e+02   1.4281964302063001e+01
   1.0300000000000000e+02   2.8065935134887699e+01
   1.0380000000000000e+02   1.7767322540283200e+01
   1.0390000000000001e+02   1.5908680725097699e+02
   1.0409999999999999e+02   6.6171218872070298e+01
   1.0420000000000000e+02   5.6780142784118697e+00
   1.0490000000000001e+02   2.3053583145141602e+01
   1.0509999999999999e+02   2.6821571350097699e+01
   1.0580000000000000e+02   7.8085036277770996e+00
   1.0600000000000000e+02   2.9220249176025401e+01
   1.0780000000000000e+02   2.2918758392334002e+00
   1.0790000000000001e+02   2.4352071762085000e+01
   1.0809999999999999e+02   1.0960768699646000e+01
   1.0820000000000000e+02   7.0633864402770996e+00
   1.0859999999999999e+02   6.2010478973388699e+00
   1.0890000000000001e+02   1.3803863525390599e+02
   1.0900000000000000e+02   1.3615104675293000e+02
   1.0980000000000000e+02   5.5376062393188503e+00
   1.0990000000000001e+02   2.4135270690918000e+02
   1.1000000000000000e+02   3.6417440795898398e+02
   1.1020000000000000e+02   7.7428612709045401e+00
   1.1090000000000001e+02   4.9979938507080099e+01
   1.1100000000000000e+02   4.4499000549316399e+01
   1.1109999999999999e+02   1.1618845939636200e+01
   1.1200000000000000e+02   1.1073292732238800e+01
   1.1209999999999999e+02   2.2345945835113499e+00
   1.1500000000000000e+02   4.6814661026001003e+00
   1.1509999999999999e+02   3.3360853195190399e+00
   1.1690000000000001e+02   4.3747566223144503e+01
   1.1700000000000000e+02   5.2325794219970703e+01
   1.1709999999999999e+02   2.7432952880859400e+01
   1.1780000000000000e+02   3.5051455497741699e+00
   1.1790000000000001e+02   8.1228759765625000e+01
   1.1800000000000000e+02   1.1931747436523401e+02
   1.1809999999999999e+02   3.1435325622558601e+01
   1.1880000000000000e+02   3.0535329818725600e+01
   1.1900000000000000e+02   6.6475234985351605e+01
   1.1909999999999999e+02   4.6032581329345703e+01
   1.1990000000000001e+02   1.2568137168884300e+01
   1.2009999999999999e+02   2.1206417083740199e+01
   1.2109999999999999e+02   2.4597747325897199e+00
   1.2180000000000000e+02   2.5291779041290301e+00
   1.2190000000000001e+02   1.4784268379211399e+01
   1.2209999999999999e+02   3.3080556392669700e+00
   1.2280000000000000e+02   1.2014815330505400e+01
   1.2290000000000001e+02   6.3326625823974602e+01
   1.2300000000000000e+02   4.9426315307617202e+01
   1.2490000000000001e+02   3.1293509006500200e+00
   1.2509999999999999e+02   2.1151547431945801e+00
   1.2800000000000000e+02   2.3283829689025901e+00
   1.2880000000000001e+02   2.5710854530334499e+00
   1.2900000000000000e+02   3.0876779556274401e+00
   1.2969999999999999e+02   1.0516269683837900e+01
   1.2990000000000001e+02   9.2165504455566406e+01
   1.3000000000000000e+02   1.3397003173828099e+02
   1.3019999999999999e+02   2.5680597305297901e+01
   1.3069999999999999e+02   3.5605401992797900e+00
   1.3090000000000001e+02   2.6228683471679702e+01
   1.3100000000000000e+02   4.9887226104736300e+01
   1.3109999999999999e+02   1.5351211547851600e+01
   1.3169999999999999e+02   6.3226623535156303e+00
   1.3180000000000001e+02   1.3613177299499499e+01
   1.3190000000000001e+02   1.1824423217773401e+02
   1.3209999999999999e+02   8.4770889282226605e+01
   1.3219999999999999e+02   1.3485795021057100e+01
   1.3290000000000001e+02   7.8951363563537598e+00
   1.3309999999999999e+02   2.6667366027832000e+00
   1.3409999999999999e+02   2.6750004291534402e+00
   1.3480000000000001e+02   1.1722343444824199e+01
   1.3500000000000000e+02   1.5127063751220700e+01
   1.3580000000000001e+02   1.0436849594116200e+01
   1.3590000000000001e+02   6.2579170227050803e+01
   1.3600000000000000e+02   2.5694619750976602e+02
   1.3609999999999999e+02   8.3397338867187500e+01
   1.3690000000000001e+02   5.8514480590820298e+01
   1.3700000000000000e+02   1.6583604431152301e+02
   1.3769999999999999e+02   2.1475067138671902e+00
   1.3790000000000001e+02   4.2429748535156300e+01
   1.3800000000000000e+02   5.3115287780761697e+01
   1.3809999999999999e+02   6.7718381881713903e+00
   1.3890000000000001e+02   2.1473369598388699e+00
   1.3900000000000000e+02   4.6871604919433603e+00
   1.4309999999999999e+02   2.5749738216400102e+00
   1.4390000000000001e+02   4.3398547172546396e+00
   1.4409999999999999e+02   1.4954900741577100e+01
   1.4419999999999999e+02   4.2284302711486799e+00
   1.4590000000000001e+02   5.2560739517211896e+00
   1.4609999999999999e+02   1.9444423675537099e+01
   1.4680000000000001e+02   2.3373327255249001e+00
   1.4709999999999999e+02   6.9624290466308603e+00
   1.4800000000000000e+02   2.5061309337615998e+00
   1.4880000000000001e+02   8.8419151306152308e+00
   1.4890000000000001e+02   3.9275615692138700e+01
   1.4909999999999999e+02   5.6394355773925803e+01
   1.4990000000000001e+02   1.4430020332336399e+01
   1.5000000000000000e+02   2.6278198242187500e+01
   1.5019999999999999e+02   1.4851871490478500e+01
   1.5069999999999999e+02   2.2701730728149401e+00
   1.5080000000000001e+02   2.6102042198181201e+00
   1.5100000000000000e+02   7.5481090545654297e+00
   1.5190000000000001e+02   7.4949007034301802e+00
   1.5480000000000001e+02   8.9649105072021502e+00
   1.5500000000000000e+02   8.2083139419555700e+00
   1.5509999999999999e+02   7.1094937324523899e+00
   1.5590000000000001e+02   1.7897453308105501e+01
   1.5609999999999999e+02   2.3743862152099599e+01
   1.5690000000000001e+02   1.1369240760803200e+01
   1.5709999999999999e+02   2.0882301330566399e+01
   1.5790000000000001e+02   2.6526481628418001e+01
   1.5800000000000000e+02   7.5082588195800795e+01
   1.5809999999999999e+02   5.3565067291259801e+01
   1.5880000000000001e+02   1.8885002136230500e+00
   1.5890000000000001e+02   5.1468360900878899e+01
   1.5900000000000000e+02   3.9907344818115199e+01
   1.5909999999999999e+02   2.1368980407714799e-02
   1.6180000000000001e+02   2.1369497299194300e+01
   1.6190000000000001e+02   1.3499418258666999e+01
   1.6209999999999999e+02   2.7478998184204102e+01
   1.6280000000000001e+02   7.0999712944030797e+00
   1.6290000000000001e+02   2.5772289276123001e+01
   1.6309999999999999e+02   1.7897668838501001e+01
   1.6369999999999999e+02   2.6940951347351101e+00
   1.6380000000000001e+02   7.5102252960205096e+00
   1.6390000000000001e+02   8.1214469909667997e+01
   1.6409999999999999e+02   1.1193394470214800e+02
   1.6409999999999999e+02   1.5846662521362299e+01
   1.7000000000000000e+02   2.2877628803253200e+00
   1.7019999999999999e+02   4.8612442016601598e+00
   1.7300000000000000e+02   4.9626855850219700e+00
   1.7519999999999999e+02   2.4049863815307599e+00
   1.7590000000000001e+02   9.0337829589843803e+00
   1.7600000000000000e+02   4.3932857513427699e+00
   1.8800000000000000e+02   2.3753190994262699e+01
   1.8809999999999999e+02   2.2243783950805700e+01
   1.8890000000000001e+02   1.6506811141967798e+01
   1.8909999999999999e+02   2.2351143360137899e+00
   1.8990000000000001e+02   3.4848213195800803e+01
   1.9000000000000000e+02   1.9893603515625000e+02
   1.9009999999999999e+02   1.6085025024414099e+02
   1.9019999999999999e+02   8.7949151992797905e+00
   1.9080000000000001e+02   3.6323690414428702e+00
   1.9090000000000001e+02   1.1479190063476599e+02
   1.9100000000000000e+02   1.8385292053222699e+02
   1.9119999999999999e+02   3.7291507720947301e+01
   1.9190000000000001e+02   1.2000570297241200e+01
   1.9200000000000000e+02   6.0805618286132798e+01
   1.9209999999999999e+02   9.9123449325561506e+00
   1.9290000000000001e+02   2.5483851432800302e+00
   1.9300000000000000e+02   7.2584352493286097e+00
   2.0190000000000001e+02   4.3718500137329102e+00
   2.0209999999999999e+02   4.7730898857116699e+00
   2.1069999999999999e+02   8.9522285461425799e+00
   2.1090000000000001e+02   8.3797721862793004e+00
   2.1200000000000000e+02   2.1949858665466300e+00
   2.1209999999999999e+02   4.9426636695861799e+00
   2.1300000000000000e+02   2.4829661846160902e+00
   2.1469999999999999e+02   1.2836629867553700e+01
   2.1490000000000001e+02   1.9398651123046899e+00
   2.1509999999999999e+02   2.5247440338134801e+01
   2.1600000000000000e+02   9.5740089416503906e+00
   2.1690000000000001e+02   1.3963985443115201e-01
   2.1880000000000001e+02   1.3346133232116699e+01
   2.1900000000000000e+02   5.0675554275512704e+00
   2.3280000000000001e+02   2.8971900939941402e+00
   2.3290000000000001e+02   1.7771179199218800e+01
   2.3300000000000000e+02   2.8805076599121101e+01
   2.3319999999999999e+02   4.5144691467285201e+00
   2.3369999999999999e+02   5.1387853622436497e+00
   2.3659999999999999e+02   2.2732896804809601e+00
   2.3680000000000001e+02   1.1332689285278301e+01
   2.3690000000000001e+02   5.4791782379150398e+01
   2.3700000000000000e+02   8.4797477722168002e-01
   2.8310000000000002e+02   2.9916117191314702e+00
   2.9300000000000000e+02   2.4582262039184601e+00
   3.4000000000000000e+02   4.3166232109069798e+00
   3.4010000000000002e+02   5.1106774902343801e+02
   3.4019999999999999e+02   6.8250024414062500e+02
   3.4030000000000001e+02   7.9198455810546903e+01
   3.4100000000000000e+02   3.0761444091796900e+01
   3.4110000000000002e+02   1.1648192596435500e+02
   3.4119999999999999e+02   1.5304576110839801e+02
   3.4130000000000001e+02   1.1997801780700700e+01
   3.4189999999999998e+02   1.1148676872253400e+01
   3.4210000000000002e+02   3.5359493255615199e+01
   3.4219999999999999e+02   6.1421561241149902e+00
