   4.0100000000000001e+01   9.2470687866210895e+01
   4.1000000000000000e+01   2.7206403808593800e+03
   4.2100000000000001e+01   6.3652607421875000e+03
   4.2899999999999999e+01   6.0184310913085902e+01
   4.3100000000000001e+01   1.0003277587890600e+03
   4.4000000000000000e+01   4.8642517089843801e+02
   4.4100000000000001e+01   1.9584627685546900e+03
   4.4899999999999999e+01   1.2330154418945300e+01
   4.5200000000000003e+01   3.2247909545898402e+01
   4.9899999999999999e+01   2.2634983825683599e+02
   5.0000000000000000e+01   1.2356189727783200e+02
   5.0899999999999999e+01   3.9226477050781301e+02
   5.1000000000000000e+01   9.4772082519531295e+02
   5.2000000000000000e+01   2.7980133056640602e+02
   5.2100000000000001e+01   1.1014721679687500e+02
   5.2899999999999999e+01   2.8320003509521499e+01
   5.3000000000000000e+01   4.9493118286132801e+02
   5.3799999999999997e+01   1.6061321258544901e+01
   5.3899999999999999e+01   1.1247261047363300e+02
   5.4100000000000001e+01   3.0137701416015602e+02
   5.5000000000000000e+01   5.4996423339843795e+02
   5.5000000000000000e+01   1.0027435302734400e+03
   5.6000000000000000e+01   2.8887094116210898e+02
   5.6000000000000000e+01   9.2375280761718795e+02
   5.7000000000000000e+01   1.0102271484375000e+04
   5.8000000000000000e+01   1.1738881835937500e+03
   5.8100000000000001e+01   5.7011905670166001e+01
   5.8899999999999999e+01   7.1863189697265597e+01
   5.9100000000000001e+01   4.5694995880127003e+01
   6.0700000000000003e+01   1.1163540840148899e+01
   6.1700000000000003e+01   1.3633439064025900e+01
   6.1899999999999999e+01   1.1611647605896000e+01
   6.2000000000000000e+01   1.0827776336669901e+02
   6.2899999999999999e+01   2.3100990295410199e+01
   6.3000000000000000e+01   5.6885058593750000e+02
   6.3200000000000003e+01   1.2881452560424799e+01
   6.3899999999999999e+01   1.8458129882812500e+02
   6.4000000000000000e+01   1.7791322326660199e+02
   6.4200000000000003e+01   2.7014345169067401e+01
   6.5000000000000000e+01   2.6936364746093800e+03
   6.5900000000000006e+01   1.1200662994384800e+02
   6.6000000000000000e+01   4.3541619873046898e+02
   6.6200000000000003e+01   3.3184612274169901e+01
   6.6900000000000006e+01   1.1979417419433599e+02
   6.7000000000000000e+01   7.1972045898437500e+02
   6.7799999999999997e+01   4.1922569274902301e+01
   6.8000000000000000e+01   9.4395745849609398e+02
   6.8099999999999994e+01   3.1502780151367199e+02
   6.8900000000000006e+01   1.6846277236938501e+01
   6.9000000000000000e+01   1.0775313720703100e+03
   6.9099999999999994e+01   1.8802172851562500e+02
   6.9900000000000006e+01   5.7860034942627003e+01
   7.0000000000000000e+01   1.2628936767578100e+03
   7.0900000000000006e+01   6.1718040466308601e+01
   7.1000000000000000e+01   2.4496287536621099e+02
   7.1200000000000003e+01   3.7618709564208999e+01
   7.2000000000000000e+01   4.5881992340087898e+01
   7.2200000000000003e+01   1.0832628250122101e+01
   7.2900000000000006e+01   3.3507644653320298e+01
   7.3000000000000000e+01   2.3436546325683601e+01
   7.3799999999999997e+01   1.1627872467041000e+01
   7.3900000000000006e+01   8.0838516235351605e+01
   7.4099999999999994e+01   4.2700935363769503e+01
   7.4900000000000006e+01   3.0105785369873001e+01
   7.5000000000000000e+01   1.1798750305175800e+02
   7.5200000000000003e+01   2.5908391952514599e+01
   7.5799999999999997e+01   1.8399013519287099e+01
   7.5900000000000006e+01   7.6700736999511705e+01
   7.6000000000000000e+01   2.3327668762207000e+02
   7.6099999999999994e+01   1.4797200012207000e+02
   7.6900000000000006e+01   8.3484840393066406e+00
   7.7000000000000000e+01   8.5656015625000000e+03
   7.8000000000000000e+01   1.0769019775390600e+03
   7.8099999999999994e+01   7.9078869628906295e+02
   7.9000000000000000e+01   2.8321232910156300e+03
   7.9900000000000006e+01   1.4780745506286600e+01
   8.0000000000000000e+01   5.8631671142578102e+02
   8.1000000000000000e+01   8.7777856445312500e+02
   8.2000000000000000e+01   5.2431329345703102e+02
   8.2099999999999994e+01   5.2260998535156295e+02
   8.2900000000000006e+01   1.2592984008789099e+02
   8.3099999999999994e+01   3.2259475708007801e+02
   8.4000000000000000e+01   4.5242791748046898e+02
   8.4000000000000000e+01   1.1097695312500000e+03
   8.4200000000000003e+01   1.7028514862060501e+01
   8.5000000000000000e+01   4.5177963256835902e+01
   8.5099999999999994e+01   4.2397460937500000e+01
   8.6000000000000000e+01   3.8625473022460902e+01
   8.8900000000000006e+01   1.1850173950195300e+02
   8.9000000000000000e+01   5.5732745361328102e+02
   9.0000000000000000e+01   1.7061358642578099e+02
   9.0099999999999994e+01   3.1695144653320301e+02
   9.0299999999999997e+01   4.7280826568603501e+01
   9.1000000000000000e+01   1.0978007812500000e+04
   9.1900000000000006e+01   2.0539979934692401e+01
   9.2000000000000000e+01   1.5493992919921900e+03
   9.3000000000000000e+01   3.3812075195312500e+03
   9.3900000000000006e+01   2.6973123550415000e+01
   9.4000000000000000e+01   1.1535772705078100e+03
   9.4099999999999994e+01   3.6448562622070301e+02
   9.4900000000000006e+01   1.3872764587402301e+02
   9.5000000000000000e+01   1.2970155334472699e+02
   9.5200000000000003e+01   3.9064937591552699e+01
   9.6000000000000000e+01   4.5300256347656301e+02
   9.6099999999999994e+01   7.9274188232421898e+02
   9.7000000000000000e+01   9.1270332336425795e+01
   9.7099999999999994e+01   3.3091442108154297e+01
   9.7900000000000006e+01   1.5575474548339801e+02
   9.8099999999999994e+01   1.5475167846679699e+02
   9.8400000000000006e+01   1.1983762741088899e+01
   9.8900000000000006e+01   1.3493308067321800e+01
   9.9099999999999994e+01   2.3800868988037099e+01
   1.0100000000000000e+02   3.4483104705810497e+01
   1.0120000000000000e+02   1.2677817344665501e+01
   1.0180000000000000e+02   3.1907810211181602e+01
   1.0200000000000000e+02   2.6784338378906301e+02
   1.0220000000000000e+02   5.9990055084228501e+01
   1.0300000000000000e+02   7.7495520019531295e+02
   1.0309999999999999e+02   1.9628557128906300e+03
   1.0390000000000001e+02   1.9609748840332000e+02
   1.0400000000000000e+02   4.0254843750000000e+03
   1.0509999999999999e+02   9.7617558593750000e+03
   1.0600000000000000e+02   2.0295539550781300e+03
   1.0690000000000001e+02   6.8384452819824205e+01
   1.0700000000000000e+02   1.4132392883300801e+02
   1.0709999999999999e+02   1.0078748321533200e+02
   1.0730000000000000e+02   1.5142884254455600e+01
   1.0800000000000000e+02   3.9765435791015602e+02
   1.0809999999999999e+02   3.9563317871093801e+02
   1.0900000000000000e+02   8.6882247924804702e+01
   1.0909999999999999e+02   3.2553286743164102e+02
   1.0909999999999999e+02   1.6550758361816401e+02
   1.0990000000000001e+02   6.6378456115722699e+01
   1.1009999999999999e+02   4.0473117675781300e+03
   1.1100000000000000e+02   1.3332368469238301e+02
   1.1109999999999999e+02   3.4365179443359398e+02
   1.1200000000000000e+02   1.5837699890136699e+02
   1.1209999999999999e+02   2.1787640380859401e+02
   1.1470000000000000e+02   1.1894589424133301e+01
   1.1490000000000001e+02   1.2261782073974599e+02
   1.1500000000000000e+02   4.0770343017578102e+02
   1.1580000000000000e+02   2.9381832122802699e+01
   1.1600000000000000e+02   1.0507067871093800e+02
   1.1609999999999999e+02   2.2173468017578099e+02
   1.1700000000000000e+02   1.6794379882812500e+03
   1.1800000000000000e+02   3.2192067871093800e+03
   1.1909999999999999e+02   1.1193414306640600e+03
   1.1980000000000000e+02   2.4702352523803700e+01
   1.2000000000000000e+02   4.5524398803710898e+02
   1.2009999999999999e+02   1.1105643463134800e+02
   1.2090000000000001e+02   4.1468967437744098e+01
   1.2190000000000001e+02   1.4705715179443400e+01
   1.2680000000000000e+02   1.0730274200439499e+01
   1.2690000000000001e+02   3.0169530868530298e+01
   1.2790000000000001e+02   1.9309957504272500e+01
   1.2800000000000000e+02   2.1958267211914099e+02
   1.2809999999999999e+02   1.8244554519653299e+01
   1.2890000000000001e+02   2.4117248535156300e+01
   1.2900000000000000e+02   1.5821142578125000e+02
   1.2909999999999999e+02   1.2260008811950700e+01
   1.2930000000000001e+02   4.1052268981933601e+01
   1.2990000000000001e+02   6.9488861083984403e+01
   1.3000000000000000e+02   1.3531978759765600e+03
   1.3009999999999999e+02   1.7813500976562500e+03
   1.3090000000000001e+02   8.2652633666992202e+01
   1.3100000000000000e+02   2.0763632812500000e+03
   1.3190000000000001e+02   5.7008918762207003e+01
   1.3209999999999999e+02   5.8951840820312500e+03
   1.3300000000000000e+02   1.2690316009521500e+02
   1.3300000000000000e+02   1.0349759521484400e+03
   1.3400000000000000e+02   2.4633880615234401e+02
   1.3409999999999999e+02   4.1750503540039102e+02
   1.3500000000000000e+02   2.5512598037719702e+01
   1.3690000000000001e+02   1.0235728454589800e+02
   1.3700000000000000e+02   1.2373132705688500e+01
   1.4080000000000001e+02   1.3322809219360400e+01
   1.4200000000000000e+02   2.8593324661254901e+01
   1.4219999999999999e+02   2.3552492141723601e+01
   1.4290000000000001e+02   4.4648387908935497e+01
   1.4309999999999999e+02   2.1472869873046901e+02
   1.4409999999999999e+02   1.5704902343750000e+03
   1.4490000000000001e+02   1.3909983825683599e+02
   1.4509999999999999e+02   6.4019372558593795e+02
   1.4519999999999999e+02   1.6617195129394500e+02
   1.4609999999999999e+02   1.4092614746093800e+03
   1.4690000000000001e+02   7.4054931640625000e+01
   1.4700000000000000e+02   1.2430307769775401e+02
   1.4719999999999999e+02   5.5586925506591797e+01
   1.4800000000000000e+02   2.1423046875000000e+02
   1.4809999999999999e+02   1.7319441223144500e+02
   1.4900000000000000e+02   3.9452995300292997e+01
   1.4909999999999999e+02   3.9292892456054699e+02
   1.4990000000000001e+02   1.6441282272338899e+01
   1.5000000000000000e+02   7.2147331237792997e+01
   1.5009999999999999e+02   1.9788093566894499e+01
   1.5280000000000001e+02   3.6702999114990199e+01
   1.5290000000000001e+02   1.3227640151977500e+01
   1.5309999999999999e+02   1.7669503784179699e+02
   1.5390000000000001e+02   1.9597055435180700e+01
   1.5409999999999999e+02   4.3210426330566399e+01
   1.5490000000000001e+02   3.2738880157470703e+01
   1.5509999999999999e+02   3.2172809600830099e+01
   1.5580000000000001e+02   2.2961830139160199e+01
   1.5600000000000000e+02   6.6273307800292997e+01
   1.5609999999999999e+02   1.5429934692382801e+02
   1.5690000000000001e+02   4.0055603027343800e+01
   1.5700000000000000e+02   1.0322441864013700e+02
   1.5709999999999999e+02   2.9793205261230501e+01
   1.5800000000000000e+02   3.6075515747070301e+02
   1.5809999999999999e+02   1.8876895141601599e+02
   1.5840000000000001e+02   1.4106167793273899e+01
   1.5890000000000001e+02   5.9291694641113303e+01
   1.5909999999999999e+02   3.4180392456054699e+02
   1.5909999999999999e+02   6.8548492431640602e+02
   1.6009999999999999e+02   1.5728788085937500e+04
   1.6100000000000000e+02   1.5856504821777301e+02
   1.6109999999999999e+02   1.9239987792968800e+03
   1.6180000000000001e+02   1.2266798019409199e+01
   1.6200000000000000e+02   1.9126832580566401e+02
   1.6209999999999999e+02   4.0869262695312500e+01
   1.6219999999999999e+02   2.3824636459350600e+01
   1.6709999999999999e+02   1.7229024887085000e+01
   1.6800000000000000e+02   3.6272548675537102e+01
   1.6990000000000001e+02   6.5686836242675795e+01
   1.7009999999999999e+02   1.0646794891357401e+02
   1.7019999999999999e+02   2.2394842147827099e+01
   1.7100000000000000e+02   4.3183303833007798e+01
   1.7109999999999999e+02   3.5565006256103501e+01
   1.7200000000000000e+02   7.0303306579589801e+01
   1.7209999999999999e+02   1.5589444580078100e+03
   1.7280000000000001e+02   3.2872535705566399e+01
   1.7290000000000001e+02   4.7757209777832003e+01
   1.7309999999999999e+02   3.2066125488281301e+02
   1.7409999999999999e+02   5.1345581054687500e+02
   1.7419999999999999e+02   3.3154220581054699e+02
   1.7490000000000001e+02   2.2576259613037099e+01
   1.7519999999999999e+02   4.4285442352294901e+01
   1.8209999999999999e+02   1.5242601394653301e+01
   1.8300000000000000e+02   2.3546499252319300e+01
   1.8400000000000000e+02   1.7717282104492199e+02
   1.8419999999999999e+02   1.0319892883300800e+02
   1.8480000000000001e+02   2.4056449890136701e+01
   1.8500000000000000e+02   4.1771690368652301e+01
   1.8590000000000001e+02   5.3661972045898402e+01
   1.8609999999999999e+02   1.0946345520019500e+02
   1.8619999999999999e+02   1.0256067657470700e+02
   1.8680000000000001e+02   1.5407619476318400e+01
   1.8690000000000001e+02   6.1655342102050803e+01
   1.8700000000000000e+02   9.4134140014648395e+01
   1.8719999999999999e+02   3.7405170440673800e+01
   1.8800000000000000e+02   3.8388813018798800e+01
   1.8909999999999999e+02   2.4648189544677699e+01
   1.9609999999999999e+02   4.3407722473144503e+01
   1.9690000000000001e+02   1.2428211212158200e+01
   1.9700000000000000e+02   1.1895828247070300e+01
   1.9719999999999999e+02   1.2559421539306600e+01
   1.9800000000000000e+02   4.6152523803710898e+02
   1.9819999999999999e+02   2.7166934204101602e+02
   1.9890000000000001e+02   8.0708496093750000e+01
   1.9900000000000000e+02   1.9830513000488301e+02
   1.9919999999999999e+02   1.6850903320312500e+02
   2.0000000000000000e+02   3.0504209518432599e+01
   2.0009999999999999e+02   9.4433947753906295e+02
   2.0109999999999999e+02   6.5558300781250000e+02
   2.0119999999999999e+02   2.9440750122070301e+02
   2.0209999999999999e+02   1.4147642822265600e+03
   2.0309999999999999e+02   9.3374794921875000e+03
   2.0400000000000000e+02   2.8731843948364300e+01
   2.0409999999999999e+02   1.3962498779296900e+03
   2.0419999999999999e+02   3.3836830139160199e+01
   2.0500000000000000e+02   5.2707702636718800e+01
   2.0509999999999999e+02   2.8866491317748999e+01
   2.1080000000000001e+02   6.0602917671203604e+00
   2.1290000000000001e+02   2.2401683807373001e+01
   2.1400000000000000e+02   2.8631143569946300e+01
   2.1469999999999999e+02   1.6722017288208001e+01
   2.1500000000000000e+02   1.2811982727050801e+02
   2.1509999999999999e+02   7.6282546997070298e+01
   2.1609999999999999e+02   7.4894707031250000e+03
   2.1709999999999999e+02   7.6859722900390602e+02
   2.1719999999999999e+02   3.6041497802734398e+02
   2.1800000000000000e+02   1.6891878128051800e+01
   2.3009999999999999e+02   4.4704101562500000e+01
   2.3259999999999999e+02   1.3213713645935099e+01
   2.3290000000000001e+02   2.4938278198242202e+01
   2.3690000000000001e+02   3.4037714004516602e+00
   2.3700000000000000e+02   3.5611087799072301e+01
   2.4119999999999999e+02   5.9977966308593800e+01
   2.4309999999999999e+02   2.9741853713989300e+01
   2.4519999999999999e+02   1.8353916168212901e+01
   2.5689999999999998e+02   3.9573844909667997e+01
   2.5710000000000002e+02   7.9587394714355497e+01
   2.5730000000000001e+02   2.7328466415405298e+01
   2.5800000000000000e+02   2.1651872634887699e+01
   2.5810000000000002e+02   1.6287966918945301e+02
   2.5919999999999999e+02   3.0040599609375000e+04
   2.6019999999999999e+02   5.3796772460937500e+03
   2.6110000000000002e+02   4.4556134033203102e+02
   2.6119999999999999e+02   1.4139517211914099e+02
   2.9300000000000000e+02   2.1619205474853501e+01
   2.9310000000000002e+02   2.9057661056518601e+01
   2.9319999999999999e+02   1.2702931404113800e+01
