   4.0100000000000001e+01   7.2497177124023402e+00
   4.0899999999999999e+01   1.4448270797729499e+01
   4.1000000000000000e+01   3.7205661010742199e+02
   4.1100000000000001e+01   1.1611553192138700e+01
   4.2000000000000000e+01   1.3102722167968800e+03
   4.2899999999999999e+01   5.9254596710205099e+01
   4.3000000000000000e+01   1.2360782623291000e+02
   4.3100000000000001e+01   2.0266496658325199e+01
   4.4000000000000000e+01   4.4626361083984398e+02
   4.9899999999999999e+01   4.8845401763916001e+01
   5.0000000000000000e+01   8.1785308837890597e+01
   5.0100000000000001e+01   6.8322520256042498e+00
   5.1000000000000000e+01   2.5222601318359401e+02
   5.1100000000000001e+01   1.6116267395019500e+02
   5.1899999999999999e+01   7.0159576416015597e+01
   5.2100000000000001e+01   5.8771980285644503e+01
   5.2899999999999999e+01   5.2588893890380902e+01
   5.3000000000000000e+01   7.6395919799804702e+01
   5.4000000000000000e+01   8.4167251586914105e+01
   5.4100000000000001e+01   6.9920227050781307e+01
   5.5000000000000000e+01   2.3421037292480500e+02
   5.5100000000000001e+01   1.3746492004394500e+02
   5.5200000000000003e+01   6.1419839859008798e+00
   5.6000000000000000e+01   2.0555403137207000e+02
   5.6799999999999997e+01   6.6098394393920898e+00
   5.7000000000000000e+01   1.1145718383789099e+02
   5.7200000000000003e+01   2.8074230194091800e+01
   5.8200000000000003e+01   7.2599434852600098e+00
   5.8899999999999999e+01   2.4860769271850600e+01
   5.9000000000000000e+01   3.2660926818847699e+01
   6.2000000000000000e+01   1.4253851890564000e+01
   6.2600000000000001e+01   6.1689562797546396e+00
   6.2799999999999997e+01   7.2889523506164604e+00
   6.3000000000000000e+01   1.7895344543457000e+02
   6.3100000000000001e+01   4.9030673980712898e+01
   6.3799999999999997e+01   2.1304964065551800e+01
   6.4000000000000000e+01   2.1049415588378899e+01
   6.4099999999999994e+01   3.6663227081298800e+01
   6.4900000000000006e+01   1.5305530548095700e+01
   6.5000000000000000e+01   8.2625152587890602e+02
   6.5099999999999994e+01   2.6991340637206999e+01
   6.6000000000000000e+01   1.2047158813476599e+02
   6.6099999999999994e+01   1.5892775535583500e+01
   6.6900000000000006e+01   1.4546762084960901e+02
   6.7000000000000000e+01   4.9421389770507801e+02
   6.7900000000000006e+01   1.8777633666992199e+02
   6.8099999999999994e+01   1.8188052368164099e+02
   6.8900000000000006e+01   5.7593288421630902e+01
   6.9000000000000000e+01   1.4253431701660199e+02
   6.9099999999999994e+01   1.1034524536132800e+02
   6.9900000000000006e+01   3.6155216217041001e+01
   7.0000000000000000e+01   3.0488156127929699e+02
   7.1000000000000000e+01   7.2462224960327104e+00
   7.2900000000000006e+01   2.9630531311035199e+01
   7.3099999999999994e+01   3.7571105957031299e+00
   7.3900000000000006e+01   1.5771726608276399e+01
   7.4900000000000006e+01   7.5587048530578604e+00
   7.5000000000000000e+01   3.1051832199096701e+01
   7.5299999999999997e+01   6.1091256141662598e+00
   7.5900000000000006e+01   4.2730880737304702e+01
   7.6099999999999994e+01   6.3515048980712898e+01
   7.7000000000000000e+01   2.0159868164062500e+03
   7.7900000000000006e+01   1.9263949584960901e+02
   7.8099999999999994e+01   3.0114822387695301e+02
   7.8200000000000003e+01   8.4312906265258807e+00
   7.8900000000000006e+01   5.0329055786132804e+00
   7.9000000000000000e+01   6.1593493652343795e+02
   7.9200000000000003e+01   1.7131025314331101e+01
   7.9799999999999997e+01   2.9779462814331101e+01
   8.0000000000000000e+01   1.3979199218750000e+02
   8.0099999999999994e+01   3.2741973876953097e+01
   8.0700000000000003e+01   2.7267089843750000e+01
   8.0900000000000006e+01   1.4460544586181601e+00
   8.1099999999999994e+01   1.2081363677978500e+02
   8.1200000000000003e+01   7.0874853134155300e+00
   8.1900000000000006e+01   8.0629486083984403e+01
   8.2000000000000000e+01   1.9387713623046901e+02
   8.2200000000000003e+01   2.3840038299560501e+01
   8.2900000000000006e+01   1.6343854904174801e+01
   8.3099999999999994e+01   1.5043391227722200e+01
   8.4099999999999994e+01   3.2445095062255902e+01
   8.8799999999999997e+01   8.3317022323608398e+00
   8.9000000000000000e+01   1.2613540649414099e+02
   8.9099999999999994e+01   5.0472293853759801e+01
   8.9799999999999997e+01   6.7618589401245099e+00
   8.9900000000000006e+01   4.2452777862548800e+01
   9.0000000000000000e+01   3.2146030426025398e+01
   9.0099999999999994e+01   1.9604066848754901e+01
   9.0900000000000006e+01   1.7122451782226602e+01
   9.1000000000000000e+01   2.3997895507812500e+03
   9.1200000000000003e+01   5.8806026458740199e+01
   9.1900000000000006e+01   4.3636249542236300e+01
   9.2000000000000000e+01   1.3679277038574199e+02
   9.2099999999999994e+01   1.2900314331054699e+02
   9.2900000000000006e+01   7.8720466613769503e+01
   9.3000000000000000e+01   1.1189788055419901e+02
   9.3200000000000003e+01   5.7094867706298800e+01
   9.3900000000000006e+01   2.7528099060058601e+01
   9.4000000000000000e+01   4.0839031982421898e+02
   9.4200000000000003e+01   1.0616849517822300e+02
   9.5000000000000000e+01   1.3669906250000000e+04
   9.5900000000000006e+01   2.2875362396240199e+01
   9.6000000000000000e+01   2.1797021484375000e+03
   9.6099999999999994e+01   8.2954597473144503e+01
   9.6900000000000006e+01   5.6771335601806598e+01
   9.7000000000000000e+01   8.3726753234863295e+01
   9.7099999999999994e+01   1.1367644500732401e+02
   9.8000000000000000e+01   2.2446508789062500e+02
   9.8200000000000003e+01   6.9506216049194300e+00
   1.0170000000000000e+02   5.9872531890869096e+00
   1.0180000000000000e+02   4.0056537628173800e+01
   1.0200000000000000e+02   9.0839910507202095e+00
   1.0209999999999999e+02   4.2914482116699197e+01
   1.0220000000000000e+02   9.7887716293334996e+00
   1.0300000000000000e+02   4.1486032104492199e+02
   1.0309999999999999e+02   2.9171041870117199e+02
   1.0320000000000000e+02   2.9888689041137699e+01
   1.0400000000000000e+02   5.8467047119140602e+02
   1.0409999999999999e+02   4.5669998168945301e+02
   1.0490000000000001e+02   2.6995496749877901e+01
   1.0500000000000000e+02   8.7783178710937500e+02
   1.0509999999999999e+02   1.0495733642578100e+03
   1.0590000000000001e+02   9.8212184906005895e+00
   1.0600000000000000e+02   2.4039631652832000e+02
   1.0620000000000000e+02   3.3766860961914098e+01
   1.0709999999999999e+02   1.4799989700317401e+01
   1.0790000000000001e+02   5.8076138496398899e+00
   1.0880000000000000e+02   8.2989444732665998e+00
   1.1490000000000001e+02   1.0938387298584000e+02
   1.1500000000000000e+02   5.2613491058349602e+01
   1.1509999999999999e+02   6.5255180358886705e+01
   1.1590000000000001e+02   3.0548282623291001e+01
   1.1600000000000000e+02   3.7346652984619098e+01
   1.1670000000000000e+02   1.3507666587829601e+01
   1.1700000000000000e+02   1.6140512084960901e+02
   1.1709999999999999e+02   1.9766818237304699e+02
   1.1720000000000000e+02   4.3776618957519503e+01
   1.1790000000000001e+02   5.8552249908447301e+01
   1.1800000000000000e+02   1.8723748779296901e+02
   1.1809999999999999e+02   2.3751983642578099e+02
   1.1880000000000000e+02   1.3339414596557599e+01
   1.1890000000000001e+02   9.2562828063964801e+01
   1.1909999999999999e+02   9.3459846496582003e+01
   1.1990000000000001e+02   2.6439832687377901e+01
   1.2800000000000000e+02   5.8379634857177699e+01
   1.2819999999999999e+02   5.8908390998840297e+00
   1.2900000000000000e+02   4.6525901794433601e+01
   1.3000000000000000e+02   6.1488928222656295e+02
   1.3009999999999999e+02   5.9046600341796898e+02
   1.3090000000000001e+02   6.1012081146240199e+01
   1.3100000000000000e+02   4.4179669189453102e+02
   1.3109999999999999e+02   1.0839562225341800e+02
   1.3200000000000000e+02   1.9516526794433599e+02
   1.3200000000000000e+02   5.5445172119140602e+02
   1.3219999999999999e+02   2.8468393325805700e+01
   1.3280000000000001e+02   6.4338297843933097e+00
   1.3300000000000000e+02   1.0028416442871099e+02
   1.3309999999999999e+02   4.9171836853027301e+01
   1.3400000000000000e+02   3.8318675994872997e+01
   1.3700000000000000e+02   3.4823150634765597e+01
   1.3709999999999999e+02   1.1652747344970700e+02
   1.3780000000000001e+02   5.9351367950439498e+00
   1.3790000000000001e+02   5.8151359558105504e+00
   1.3800000000000000e+02   1.0761440277099600e+01
   1.3890000000000001e+02   1.2015003204345700e+01
   1.4090000000000001e+02   6.1203913688659703e+00
   1.4109999999999999e+02   1.3256005287170399e+01
   1.4190000000000001e+02   2.2697069168090799e+01
   1.4280000000000001e+02   6.9547567367553702e+00
   1.4290000000000001e+02   2.4355323791503899e+01
   1.4309999999999999e+02   1.9299386978149400e+01
   1.4400000000000000e+02   7.4323928833007798e+01
   1.4400000000000000e+02   1.1214862823486300e+02
   1.4419999999999999e+02   1.4913125991821300e+01
   1.4500000000000000e+02   1.6193065643310501e+01
   1.4509999999999999e+02   2.4052583694458001e+01
   1.4580000000000001e+02   8.3173685073852504e+00
   1.4600000000000000e+02   5.3600334167480497e+01
   1.4609999999999999e+02   1.7045086669921901e+02
   1.4700000000000000e+02   7.1604719161987296e+00
   1.4809999999999999e+02   1.0725280761718800e+01
   1.5480000000000001e+02   5.1290454864501998e+00
   1.5490000000000001e+02   3.7870635986328097e+01
   1.5590000000000001e+02   1.5610438346862800e+01
   1.5609999999999999e+02   3.2685554504394503e+01
   1.5680000000000001e+02   1.2415395736694300e+01
   1.5700000000000000e+02   1.5987895965576200e+01
   1.5709999999999999e+02   1.8410961151123001e+01
   1.5800000000000000e+02   1.0445612792968800e+03
   1.5890000000000001e+02   9.3929977416992202e+01
   1.5909999999999999e+02   2.0030390930175801e+02
   1.5980000000000001e+02   3.8848850250244098e+01
   1.5990000000000001e+02   5.0913902282714801e+01
   1.6009999999999999e+02   1.0750210571289099e+02
   1.6100000000000000e+02   6.5290212631225604e+00
   1.6700000000000000e+02   7.6487026214599600e+00
   1.6719999999999999e+02   6.7891998291015598e+00
   1.6790000000000001e+02   1.3415068626403800e+01
   1.6809999999999999e+02   7.0600566864013699e+00
   1.6990000000000001e+02   9.3098335266113295e+01
   1.7000000000000000e+02   3.4493972778320301e+02
   1.7009999999999999e+02   7.8928886413574205e+01
   1.7090000000000001e+02   5.8003868103027301e+01
   1.7100000000000000e+02   1.1844918060302700e+02
   1.7200000000000000e+02   4.3110099792480497e+01
   1.8090000000000001e+02   7.0997762680053702e+00
   1.8100000000000000e+02   7.9869990348815900e+00
   1.8190000000000001e+02   7.7992892265319798e+00
   1.8209999999999999e+02   3.1860103607177699e+01
   1.8380000000000001e+02   1.4791885375976600e+01
   1.8400000000000000e+02   1.3326969909668000e+02
   1.8409999999999999e+02   2.1225447082519500e+02
   1.8490000000000001e+02   6.0832374572753899e+01
   1.8509999999999999e+02   1.4921112060546901e+02
   1.8519999999999999e+02   4.4713989257812500e+01
   1.8590000000000001e+02   1.0535278320312500e+02
   1.8609999999999999e+02   2.7372576904296898e+02
   1.8690000000000001e+02   2.4352457046508800e+01
   1.8709999999999999e+02   5.5293432617187500e+02
   1.8719999999999999e+02   1.1884200286865200e+02
   1.8790000000000001e+02   5.6967788696289098e+01
   1.8800000000000000e+02   1.5779238891601599e+02
   1.8819999999999999e+02   2.1815411376953099e+02
   1.8880000000000001e+02   7.6112918853759801e+00
   1.8900000000000000e+02   4.4513748168945298e+01
   1.8909999999999999e+02   2.9143503189086900e+01
   1.9600000000000000e+02   7.8071446418762198e+00
   1.9700000000000000e+02   1.2166663169860801e+01
   1.9790000000000001e+02   6.1585607528686497e+00
   2.0680000000000001e+02   3.3049519062042201e+00
   2.1069999999999999e+02   2.4019432067871101e+01
   2.1090000000000001e+02   8.6884117126464808e+00
   2.1100000000000000e+02   3.6858169555664098e+01
   2.1190000000000001e+02   1.3185913085937500e+01
   2.1490000000000001e+02   1.6518096923828100e+01
   2.1580000000000001e+02   6.2397823333740199e+00
   2.1869999999999999e+02   3.9335432052612300e+00
   2.1890000000000001e+02   6.1004753112793004e+00
   2.1900000000000000e+02   1.8744251251220700e+01
   2.3259999999999999e+02   6.8881225585937500e+00
   2.3280000000000001e+02   7.0390159606933594e+01
   2.3409999999999999e+02   7.6594109535217303e+00
   2.3500000000000000e+02   6.5616712570190403e+00
   2.3690000000000001e+02   7.9901550292968807e+01
   2.3780000000000001e+02   1.0095339775085399e+01
   2.3880000000000001e+02   8.1434240341186506e+00
   2.3909999999999999e+02   1.5497109413146999e+01
   2.4009999999999999e+02   5.3526196289062500e+03
   2.4100000000000000e+02   2.1750128173828099e+02
   2.4109999999999999e+02   7.3586663818359398e+02
   2.4190000000000001e+02   4.2854293823242202e+01
   2.4209999999999999e+02   1.8316345214843800e+01
   2.7910000000000002e+02   2.5530189514160199e+01
   2.8089999999999998e+02   1.9599094390869102e+01
   2.8210000000000002e+02   1.5369445800781300e+01
   2.8319999999999999e+02   9.5631347656250000e+03
   2.8400000000000000e+02   1.4908024787902800e+01
   2.8410000000000002e+02   1.7405375976562500e+03
   2.8430000000000001e+02   1.4781736373901399e+01
   2.8439999999999998e+02   1.0838245391845700e+01
   2.8489999999999998e+02   3.5104183197021499e+01
   2.8500000000000000e+02   9.6342147827148395e+01
   2.8510000000000002e+02   9.6915130615234403e+01
   2.8530000000000001e+02   2.1882263183593800e+01
   2.8539999999999998e+02   7.3936176300048801e+00
   2.8889999999999998e+02   1.0451553344726600e+01
   2.9300000000000000e+02   1.9247104644775401e+01
   3.3210000000000002e+02   7.3511238098144503e+01
   3.3219999999999999e+02   7.4031616210937500e+01
