   4.0100000000000001e+01   7.9023239135742202e+01
   4.1000000000000000e+01   1.4010230712890600e+03
   4.2000000000000000e+01   4.8656694335937500e+03
   4.3000000000000000e+01   8.5417175292968795e+02
   4.4000000000000000e+01   2.5776291503906300e+03
   4.5000000000000000e+01   7.5370101928710895e+01
   4.9899999999999999e+01   8.8131227493286097e+00
   5.0000000000000000e+01   2.0821156311035199e+02
   5.0100000000000001e+01   9.0165954589843807e+01
   5.1000000000000000e+01   9.4528114318847699e+01
   5.1000000000000000e+01   1.0195847778320300e+03
   5.2000000000000000e+01   3.4743222045898398e+02
   5.2899999999999999e+01   8.9288764953613295e+01
   5.3000000000000000e+01   2.8391638183593801e+02
   5.3100000000000001e+01   1.3441670227050801e+02
   5.4000000000000000e+01   6.2180194091796898e+02
   5.5000000000000000e+01   1.2810852050781300e+03
   5.6000000000000000e+01   6.4718750000000000e+02
   5.6100000000000001e+01   4.7735989379882801e+02
   5.7000000000000000e+01   5.7772319335937500e+03
   5.7899999999999999e+01   1.2339661598205600e+01
   5.8000000000000000e+01   1.6323103332519500e+02
   5.8100000000000001e+01   1.0100827789306599e+02
   5.8799999999999997e+01   9.5608854293823207e+00
   5.9000000000000000e+01   1.0062820434570300e+01
   5.9100000000000001e+01   1.0114449501037599e+01
   6.1799999999999997e+01   8.2856655120849592e+00
   6.1899999999999999e+01   7.4823074340820298e+01
   6.2100000000000001e+01   3.7569671630859403e+01
   6.3000000000000000e+01   5.8095056152343795e+02
   6.4000000000000000e+01   3.4230371093750000e+02
   6.5000000000000000e+01   2.3936398925781300e+03
   6.6000000000000000e+01   4.1745297241210898e+02
   6.6099999999999994e+01   9.1564308166503906e+01
   6.6900000000000006e+01   4.3436466217041001e+01
   6.7000000000000000e+01   1.0075340576171900e+03
   6.8000000000000000e+01   1.3635158691406300e+03
   6.8099999999999994e+01   5.8700531005859403e+01
   6.9000000000000000e+01   1.2910095214843800e+03
   7.0000000000000000e+01   1.9097961425781300e+03
   7.0200000000000003e+01   2.2300376892089801e+01
   7.1000000000000000e+01   1.7528956604003901e+02
   7.1099999999999994e+01   9.7463493347167997e+01
   7.2099999999999994e+01   9.8440561294555700e+00
   7.2900000000000006e+01   3.2514789581298800e+01
   7.3000000000000000e+01   4.5693572998046903e+01
   7.3900000000000006e+01   6.8381858825683594e+01
   7.4099999999999994e+01   4.8004772186279297e+01
   7.5000000000000000e+01   1.4542517089843801e+02
   7.5099999999999994e+01   3.3970413208007798e+01
   7.6000000000000000e+01   1.6174783325195301e+02
   7.6099999999999994e+01   1.9721044921875000e+02
   7.7000000000000000e+01   7.3031689453125000e+03
   7.8000000000000000e+01   1.6339722900390600e+03
   7.9099999999999994e+01   2.8200656738281300e+03
   7.9900000000000006e+01   3.1777572631835898e+01
   8.0000000000000000e+01   5.6685461425781295e+02
   8.1000000000000000e+01   2.2512872314453099e+02
   8.1099999999999994e+01   7.7982299804687500e+01
   8.2000000000000000e+01   1.1365566406250000e+03
   8.2900000000000006e+01   1.5544198036193800e+01
   8.3000000000000000e+01   2.1160168457031301e+02
   8.3099999999999994e+01   1.4781694030761699e+02
   8.4000000000000000e+01   1.4993135070800801e+02
   8.4099999999999994e+01   3.0708160400390602e+02
   8.5000000000000000e+01   3.2231960296630902e+01
   8.5099999999999994e+01   4.0344699859619098e+01
   8.5900000000000006e+01   2.0613866806030298e+01
   8.6900000000000006e+01   1.0163736343383800e+01
   8.8000000000000000e+01   3.2929515838622997e+01
   8.9000000000000000e+01   1.6569096374511699e+02
   8.9000000000000000e+01   3.4495434570312500e+02
   9.0000000000000000e+01   4.0688702392578102e+02
   9.1000000000000000e+01   7.4710791015625000e+03
   9.1900000000000006e+01   5.9031242370605497e+01
   9.2099999999999994e+01   1.0656845703125000e+03
   9.3000000000000000e+01   2.4735771484375000e+03
   9.3900000000000006e+01   4.9460224151611300e+01
   9.4099999999999994e+01   1.4949633789062500e+03
   9.5000000000000000e+01   3.5718692016601602e+02
   9.5099999999999994e+01   4.5626473999023398e+02
   9.6099999999999994e+01   5.3376152343750000e+03
   9.7000000000000000e+01   7.6218261718750000e+02
   9.7900000000000006e+01   2.1441089630126999e+01
   9.8000000000000000e+01   2.0556513977050801e+02
   9.8099999999999994e+01   2.2507413864135700e+01
   1.0090000000000001e+02   2.7168720245361300e+01
   1.0190000000000001e+02   9.4824180603027301e+01
   1.0200000000000000e+02   1.6683966064453099e+02
   1.0220000000000000e+02   4.1007518768310497e+01
   1.0300000000000000e+02   2.6005578613281300e+03
   1.0400000000000000e+02   3.9530454101562500e+03
   1.0509999999999999e+02   9.1959511718750000e+03
   1.0600000000000000e+02   1.0400404052734400e+03
   1.0609999999999999e+02   7.5355682373046898e+02
   1.0690000000000001e+02   4.8893238067627003e+01
   1.0700000000000000e+02   5.8212863922119098e+01
   1.0709999999999999e+02   4.1309154510497997e+01
   1.0790000000000001e+02   8.0214529037475604e+00
   1.0800000000000000e+02   1.0556607055664099e+02
   1.0890000000000001e+02   2.7610784530639599e+01
   1.0900000000000000e+02   5.2439441680908203e+00
   1.0990000000000001e+02   8.2615308761596697e+00
   1.1120000000000000e+02   3.3710460662841797e+01
   1.1480000000000000e+02   1.2906524658203100e+01
   1.1490000000000001e+02   8.8715049743652301e+01
   1.1500000000000000e+02   4.3989431762695301e+02
   1.1509999999999999e+02   1.4954887390136699e+01
   1.1580000000000000e+02   8.3032331466674805e+00
   1.1600000000000000e+02   2.5514201354980500e+02
   1.1609999999999999e+02   1.2323213577270501e+01
   1.1690000000000001e+02   3.1850811004638700e+01
   1.1700000000000000e+02   1.0599206542968800e+03
   1.1709999999999999e+02   6.8767663574218795e+02
   1.1800000000000000e+02   4.0542963867187500e+03
   1.1890000000000001e+02   1.8095996856689499e+01
   1.1900000000000000e+02   1.0254957275390600e+03
   1.1920000000000000e+02   3.6570217132568402e+01
   1.1990000000000001e+02   4.5183937072753899e+01
   1.2000000000000000e+02   5.1985858154296898e+02
   1.2090000000000001e+02   1.0887269020080600e+01
   1.2100000000000000e+02   3.7977817535400398e+01
   1.2700000000000000e+02   2.0828037261962901e+01
   1.2709999999999999e+02   8.5283517837524396e+00
   1.2800000000000000e+02   1.4882279968261699e+02
   1.2809999999999999e+02   3.7692516326904297e+01
   1.2890000000000001e+02   4.7034526824951200e+01
   1.2909999999999999e+02   2.0416316223144500e+02
   1.3009999999999999e+02   4.4042553710937500e+03
   1.3090000000000001e+02   6.4544715881347699e+01
   1.3100000000000000e+02   2.5524182128906300e+03
   1.3190000000000001e+02   2.7336734771728501e+01
   1.3209999999999999e+02   5.7669467773437500e+03
   1.3290000000000001e+02   9.9856559753417997e+01
   1.3300000000000000e+02   7.9287512207031295e+02
   1.3319999999999999e+02   1.3973255157470700e+01
   1.3390000000000001e+02   8.8889837265014595e+00
   1.3400000000000000e+02   4.3821295166015602e+02
   1.3500000000000000e+02   4.1458232879638700e+01
   1.3519999999999999e+02   1.0394241333007800e+01
   1.3680000000000001e+02   2.3559646606445298e+01
   1.3700000000000000e+02   1.7712229919433599e+02
   1.3800000000000000e+02   1.1518188476562500e+01
   1.3809999999999999e+02   8.4448585510253906e+00
   1.3900000000000000e+02   3.8898333740234398e+02
   1.3990000000000001e+02   2.4833257675170898e+01
   1.4080000000000001e+02   5.7216553688049299e+00
   1.4100000000000000e+02   2.5540969848632798e+01
   1.4209999999999999e+02   1.3134366035461399e+01
   1.4300000000000000e+02   9.7671783447265597e+01
   1.4309999999999999e+02   8.6253829956054702e+01
   1.4390000000000001e+02   1.2223628044128400e+01
   1.4400000000000000e+02   8.2896392822265602e+02
   1.4490000000000001e+02   2.9498538970947301e+01
   1.4500000000000000e+02   3.3681478881835898e+02
   1.4509999999999999e+02   3.6585858154296898e+02
   1.4609999999999999e+02   2.7070416015625000e+04
   1.4709999999999999e+02   3.2645214843750000e+03
   1.4800000000000000e+02   1.4658027648925801e+02
   1.4809999999999999e+02   3.0293893432617199e+02
   1.4900000000000000e+02   1.0268225097656300e+02
   1.4909999999999999e+02   1.9530769348144500e+02
   1.4990000000000001e+02   4.9683250427246101e+01
   1.5009999999999999e+02   1.7794996643066401e+02
   1.5100000000000000e+02   8.1819543838500994e+00
   1.5190000000000001e+02   1.0375732421875000e+01
   1.5209999999999999e+02   9.8465785980224592e+00
   1.5309999999999999e+02   9.3948440551757795e+00
   1.5500000000000000e+02   1.8127624511718800e+01
   1.5590000000000001e+02   9.0147323608398402e+00
   1.5600000000000000e+02   1.3189622497558599e+02
   1.5609999999999999e+02   1.8495565414428700e+01
   1.5700000000000000e+02   4.9459365844726598e+01
   1.5709999999999999e+02   6.2341346740722699e+01
   1.5809999999999999e+02   2.3844987792968800e+03
   1.5900000000000000e+02   8.0243463134765602e+02
   1.6009999999999999e+02   1.1675196533203100e+03
   1.6090000000000001e+02   7.3892135620117202e+01
   1.6109999999999999e+02   1.0122939300537099e+02
   1.6200000000000000e+02   9.6742773056030291e+00
   1.6500000000000000e+02   1.0331397056579601e+01
   1.6700000000000000e+02   8.0226125717163104e+00
   1.6909999999999999e+02   9.7421808242797905e+00
   1.7000000000000000e+02   4.4139125823974602e+01
   1.7200000000000000e+02   2.4855564117431602e+01
   1.7209999999999999e+02   1.7285565185546901e+02
   1.7300000000000000e+02   1.0312779998779300e+02
   1.7309999999999999e+02   6.5313156127929702e+01
   1.7319999999999999e+02   5.5518951416015597e+01
   1.7400000000000000e+02   4.0144290924072301e+01
   1.8200000000000000e+02   1.7136186599731399e+01
   1.8209999999999999e+02   8.3968009948730504e+00
   1.8390000000000001e+02   2.2878429412841800e+01
   1.8409999999999999e+02   3.0855062866210898e+02
   1.8419999999999999e+02   5.5905143737792997e+01
   1.8500000000000000e+02   1.1687572479248001e+01
   1.8509999999999999e+02   2.4671908569335901e+02
   1.8519999999999999e+02   1.0827221870422401e+01
   1.8600000000000000e+02   4.6576499938964801e+01
   1.8609999999999999e+02   1.0769384765625000e+03
   1.8709999999999999e+02   1.0356683349609400e+03
   1.8719999999999999e+02   6.3877761840820298e+01
   1.8800000000000000e+02   5.5763607025146499e+01
   1.8809999999999999e+02   1.6987332763671900e+03
   1.8909999999999999e+02   1.6905718750000000e+04
   1.9009999999999999e+02   2.3225156250000000e+03
   1.9100000000000000e+02   4.7571075439453097e+01
   1.9109999999999999e+02   1.0896063995361300e+02
   1.9990000000000001e+02   1.1036130905151399e+01
   2.0109999999999999e+02   4.3278064727783203e+01
   2.0209999999999999e+02   5.8024121093750000e+03
   2.0300000000000000e+02   2.9711874389648398e+02
   2.0309999999999999e+02   5.4869311523437500e+02
   2.0319999999999999e+02   9.4906187057495099e+00
   2.0380000000000001e+02   8.4025783538818395e+00
   2.0390000000000001e+02   1.2068382263183601e+01
   2.0409999999999999e+02   2.3238676071166999e+01
   2.0690000000000001e+02   8.9976081848144496e+00
   2.1090000000000001e+02   5.2169551849365199e+00
   2.1480000000000001e+02   6.3630397796630902e+01
   2.1490000000000001e+02   2.3679016113281300e+01
   2.1600000000000000e+02   1.9297099304199199e+02
   2.1609999999999999e+02   1.4212814331054699e+02
   2.1700000000000000e+02   2.6296152114868200e+01
   2.1719999999999999e+02   3.3588657379150398e+01
   2.1890000000000001e+02   2.8191049575805700e+01
   2.3109999999999999e+02   1.2779798507690399e+01
   2.3309999999999999e+02   4.0846176147460902e+01
   2.3659999999999999e+02   8.7180929183959996e+00
   2.3680000000000001e+02   1.8322326660156300e+01
   2.3690000000000001e+02   2.7034164428710898e+01
   2.4309999999999999e+02   8.2487611770629901e+00
   2.4319999999999999e+02   1.8845697402954102e+01
   2.4400000000000000e+02   8.5609998703002894e+00
   2.4409999999999999e+02   1.9116722106933599e+02
   2.4519999999999999e+02   4.5249667968750000e+04
   2.4619999999999999e+02   7.6782045898437500e+03
   2.4709999999999999e+02   2.0115678405761699e+02
   2.4719999999999999e+02   4.7903799438476602e+02
   2.4809999999999999e+02   8.6405611038208008e+00
   2.7889999999999998e+02   1.1250770568847701e+01
   2.7910000000000002e+02   2.9338016510009801e+01
   2.7919999999999999e+02   3.3663375854492202e+01
   2.9280000000000001e+02   8.1400098800659197e+00
   3.0710000000000002e+02   8.8820133209228498e+00
   3.3400000000000000e+02   3.8760181427002003e+01
   3.3430000000000001e+02   9.8969354629516602e+00
