   3.9899999999999999e+01   2.7105373382568398e+01
   4.0100000000000001e+01   2.0390840148925801e+02
   4.0200000000000003e+01   1.8855052947998001e+01
   4.1100000000000001e+01   5.7519140625000000e+03
   4.2100000000000001e+01   2.6644562500000000e+04
   4.3100000000000001e+01   3.4609177246093800e+03
   4.4100000000000001e+01   9.6754921875000000e+03
   4.5000000000000000e+01   1.3783619384765600e+03
   4.5100000000000001e+01   1.6482142639160199e+02
   4.6000000000000000e+01   6.0810534667968795e+02
   4.6100000000000001e+01   1.7254988098144500e+02
   4.6899999999999999e+01   1.2531468391418500e+01
   4.7100000000000001e+01   3.6301609039306598e+01
   4.8799999999999997e+01   4.1068321228027301e+01
   4.8899999999999999e+01   6.7638534545898395e+01
   4.9100000000000001e+01   2.1267499923706101e+01
   5.0000000000000000e+01   9.4437329101562500e+02
   5.0100000000000001e+01   2.3236410522460901e+02
   5.1000000000000000e+01   7.3859307861328102e+02
   5.2000000000000000e+01   3.7457617187500000e+02
   5.2100000000000001e+01   2.7725618362426800e+01
   5.3000000000000000e+01   2.4381567382812500e+03
   5.3899999999999999e+01   1.0551167297363300e+02
   5.4000000000000000e+01   2.1792048339843800e+03
   5.5000000000000000e+01   1.2206038665771500e+02
   5.5100000000000001e+01   6.1956035156250000e+03
   5.6100000000000001e+01   1.4740401367187500e+04
   5.7000000000000000e+01   9.3706169128417997e+01
   5.7100000000000001e+01   3.0123383789062500e+03
   5.8100000000000001e+01   2.8968023437500000e+04
   5.9000000000000000e+01   1.0965363769531300e+03
   6.0000000000000000e+01   7.0970108032226605e+01
   6.0200000000000003e+01   1.7529682159423800e+01
   6.0899999999999999e+01   1.8770928955078099e+02
   6.1000000000000000e+01   2.1087501525878901e+02
   6.1000000000000000e+01   2.8565135955810501e+01
   6.1899999999999999e+01   2.2366224670410199e+02
   6.2799999999999997e+01   9.3301948547363295e+01
   6.3000000000000000e+01   3.9133496093750000e+02
   6.3899999999999999e+01   5.4753005981445298e+01
   6.4000000000000000e+01   1.2252190589904799e+01
   6.5000000000000000e+01   7.2744738769531295e+02
   6.5099999999999994e+01   1.0740123748779300e+02
   6.6000000000000000e+01   8.4599554443359398e+02
   6.6900000000000006e+01   5.7847854614257798e+01
   6.7000000000000000e+01   2.9909809570312500e+03
   6.8000000000000000e+01   8.9435400390625000e+03
   6.9000000000000000e+01   7.6658294677734403e+01
   6.9099999999999994e+01   3.1665083007812500e+03
   7.0099999999999994e+01   1.7072710937500000e+04
   7.1099999999999994e+01   4.1777851562500000e+04
   7.2099999999999994e+01   3.6731350097656300e+03
   7.3000000000000000e+01   1.3619632568359400e+03
   7.4000000000000000e+01   7.3914501953125000e+03
   7.5000000000000000e+01   1.0537415039062500e+04
   7.6000000000000000e+01   4.8450091552734398e+02
   7.6000000000000000e+01   4.0944998168945301e+02
   7.7000000000000000e+01   2.2189116210937500e+03
   7.8000000000000000e+01   4.6461563110351602e+02
   7.8099999999999994e+01   1.4150784301757801e+02
   7.9099999999999994e+01   6.2789687500000000e+03
   7.9900000000000006e+01   1.2101840209960901e+02
   8.0000000000000000e+01   2.0561601562500000e+03
   8.1000000000000000e+01   5.9855971679687500e+03
   8.2099999999999994e+01   1.4037598632812500e+04
   8.3099999999999994e+01   8.7852988281250000e+03
   8.4099999999999994e+01   1.9762843750000000e+05
   8.5099999999999994e+01   1.6259792968750000e+04
   8.6000000000000000e+01   1.5133692626953100e+03
   8.6900000000000006e+01   2.4511062622070301e+02
   8.7000000000000000e+01   3.8805096435546898e+02
   8.7000000000000000e+01   1.5199049377441401e+02
   8.7700000000000003e+01   2.9930166244506800e+01
   8.7799999999999997e+01   3.9404975891113303e+01
   8.7900000000000006e+01   5.5407516479492202e+01
   8.8099999999999994e+01   5.0221775054931598e+01
   8.8900000000000006e+01   2.4176586914062500e+02
   8.9000000000000000e+01   6.0139629364013700e+01
   8.9799999999999997e+01   1.4012701034545900e+01
   9.0099999999999994e+01   4.6485507965087898e+01
   9.0900000000000006e+01   7.0481269836425795e+01
   9.1000000000000000e+01   3.0225076293945301e+02
   9.1799999999999997e+01   1.1951150894165000e+01
   9.2000000000000000e+01   3.1577236175537099e+01
   9.2200000000000003e+01   9.5317947387695298e+01
   9.2900000000000006e+01   9.6785163879394503e+01
   9.3099999999999994e+01   4.4771047973632801e+02
   9.4099999999999994e+01   4.0346069335937500e+03
   9.5000000000000000e+01   1.1121625976562500e+03
   9.5099999999999994e+01   1.6248225097656300e+03
   9.6099999999999994e+01   6.4073774414062500e+03
   9.7099999999999994e+01   9.2270263671875000e+03
   9.8099999999999994e+01   1.4747995117187500e+04
   9.9099999999999994e+01   3.6178029785156300e+03
   1.0000000000000000e+02   2.0825466918945301e+02
   1.0009999999999999e+02   5.2104089355468795e+02
   1.0080000000000000e+02   5.7068424224853501e+01
   1.0090000000000001e+02   9.4933792114257798e+01
   1.0100000000000000e+02   1.4608668518066401e+02
   1.0180000000000000e+02   1.7797317504882798e+01
   1.0190000000000001e+02   2.5704589843750000e+01
   1.0200000000000000e+02   1.6063047790527301e+02
   1.0209999999999999e+02   2.0978757858276399e+01
   1.0290000000000001e+02   4.4012493896484398e+02
   1.0300000000000000e+02   2.2894911193847699e+02
   1.0309999999999999e+02   2.8200405120849599e+01
   1.0390000000000001e+02   8.9969924926757798e+01
   1.0409999999999999e+02   7.5943252563476605e+01
   1.0490000000000001e+02   4.9753910064697301e+01
   1.0500000000000000e+02   9.0748321533203097e+01
   1.0600000000000000e+02   2.3758120727539099e+02
   1.0680000000000000e+02   2.7736764907836900e+01
   1.0700000000000000e+02   1.5460040283203099e+02
   1.0720000000000000e+02   1.7449156188964801e+02
   1.0790000000000001e+02   6.7768302917480497e+01
   1.0809999999999999e+02   2.9100903320312500e+03
   1.0900000000000000e+02   2.1422570312500000e+04
   1.1009999999999999e+02   3.7192699218750000e+04
   1.1100000000000000e+02   1.1384294921875000e+04
   1.1209999999999999e+02   1.1737698242187500e+04
   1.1300000000000000e+02   1.8291138916015600e+03
   1.1320000000000000e+02   2.1204557418823200e+01
   1.1390000000000001e+02   1.4074212646484401e+02
   1.1400000000000000e+02   2.2658790588378901e+02
   1.1420000000000000e+02   1.3103331565856900e+01
   1.1480000000000000e+02   6.6285285949707003e+01
   1.1500000000000000e+02   1.2647386932373000e+02
   1.1509999999999999e+02   7.1628089904785199e+01
   1.1590000000000001e+02   4.7106506347656300e+01
   1.1600000000000000e+02   2.3965135192871099e+02
   1.1609999999999999e+02   1.9179201126098601e+01
   1.1680000000000000e+02   3.7905475616455099e+01
   1.1700000000000000e+02   3.0131340026855501e+01
   1.1709999999999999e+02   2.8514341354370099e+01
   1.1800000000000000e+02   8.5618339538574205e+01
   1.1820000000000000e+02   2.1205659866333001e+01
   1.1880000000000000e+02   1.4978556823730500e+02
   1.1890000000000001e+02   3.5721438598632801e+02
   1.1970000000000000e+02   3.8379783630371101e+01
   1.1980000000000000e+02   4.8201625823974602e+01
   1.2000000000000000e+02   1.1467533111572300e+02
   1.2020000000000000e+02   4.2416191101074197e+01
   1.2040000000000001e+02   2.3988147735595700e+01
   1.2090000000000001e+02   2.7635852050781301e+02
   1.2100000000000000e+02   1.4805055236816401e+02
   1.2200000000000000e+02   9.9287860107421898e+02
   1.2209999999999999e+02   3.4754779052734398e+02
   1.2300000000000000e+02   9.8878253173828102e+02
   1.2309999999999999e+02   5.2747570800781295e+02
   1.2409999999999999e+02   3.5634304687500000e+04
   1.2509999999999999e+02   1.0555832812500000e+05
   1.2609999999999999e+02   1.1445756835937500e+04
   1.2690000000000001e+02   1.8079181671142599e+01
   1.2709999999999999e+02   4.0763867187500000e+02
   1.2709999999999999e+02   3.3798986816406301e+02
   1.2790000000000001e+02   8.7655601501464801e+01
   1.2809999999999999e+02   3.9379646301269503e+01
   1.2880000000000001e+02   2.9558223724365199e+01
   1.2900000000000000e+02   1.0629058074951200e+02
   1.3009999999999999e+02   4.2934696197509801e+01
   1.3100000000000000e+02   7.7510650634765597e+01
   1.3109999999999999e+02   2.3878282546997099e+01
   1.3180000000000001e+02   1.6421077728271499e+01
   1.3190000000000001e+02   3.6218273162841797e+01
   1.3269999999999999e+02   1.5797184944152800e+01
   1.3290000000000001e+02   3.1412973403930700e+01
   1.3309999999999999e+02   3.3036956787109403e+01
   1.3380000000000001e+02   3.0566059112548800e+01
   1.3490000000000001e+02   3.1191907882690401e+01
   1.3509999999999999e+02   1.1629159545898401e+02
   1.3580000000000001e+02   1.1512475585937500e+02
   1.3590000000000001e+02   1.4216792297363301e+02
   1.3600000000000000e+02   5.8143901824951200e+01
   1.3709999999999999e+02   1.0370860595703100e+03
   1.3800000000000000e+02   2.5719365234375000e+03
   1.3900000000000000e+02   9.9338110351562500e+02
   1.3909999999999999e+02   1.5603826904296900e+03
   1.3990000000000001e+02   4.9231298828125000e+02
   1.4000000000000000e+02   6.7062603759765602e+02
   1.4069999999999999e+02   1.2772140502929700e+01
   1.4100000000000000e+02   8.0123236083984398e+02
   1.4180000000000001e+02   3.5149127960205099e+01
   1.4200000000000000e+02   5.4792148590087898e+01
   1.4209999999999999e+02   7.1290321350097699e+01
   1.4259999999999999e+02   1.4721756935119600e+01
   1.4280000000000001e+02   3.3091545104980497e+01
   1.4290000000000001e+02   1.7311622619628899e+01
   1.4309999999999999e+02   2.7402524948120099e+01
   1.4390000000000001e+02   1.9365338134765599e+02
   1.4400000000000000e+02   8.0422253417968795e+02
   1.4409999999999999e+02   4.0637786865234398e+02
   1.4500000000000000e+02   5.2046132812500000e+04
   1.4600000000000000e+02   4.7568769531250000e+03
   1.4690000000000001e+02   3.3538800781250000e+04
   1.4790000000000001e+02   2.0863825988769500e+02
   1.4790000000000001e+02   2.3912209472656300e+03
   1.4880000000000001e+02   1.2250074768066401e+02
   1.4890000000000001e+02   5.4024506835937500e+03
   1.4980000000000001e+02   1.2087564849853500e+02
   1.4990000000000001e+02   1.1663903045654300e+02
   1.5000000000000000e+02   3.0128405761718801e+02
   1.5009999999999999e+02   1.6824632644653299e+01
   1.5069999999999999e+02   2.1321907043456999e+01
   1.5090000000000001e+02   2.0245246887207000e+02
   1.5100000000000000e+02   4.3828060150146499e+01
   1.5109999999999999e+02   2.4986254882812500e+02
   1.5180000000000001e+02   6.3364933013916001e+01
   1.5190000000000001e+02   9.9211196899414105e+01
   1.5209999999999999e+02   1.3317306518554699e+02
   1.5290000000000001e+02   4.4826217651367202e+01
   1.5309999999999999e+02   9.5427258300781295e+02
   1.5319999999999999e+02   6.8674066162109398e+02
   1.5390000000000001e+02   6.7735382080078097e+01
   1.5409999999999999e+02   3.9229919433593801e+02
   1.5519999999999999e+02   5.4545712890625000e+03
   1.5609999999999999e+02   4.2794342041015602e+02
   1.5619999999999999e+02   1.8506678771972699e+02
   1.5700000000000000e+02   5.2796096801757798e+01
   1.5709999999999999e+02   2.0702390670776399e+01
   1.5730000000000001e+02   1.3592294692993200e+01
   1.5769999999999999e+02   1.5588739395141600e+01
   1.5790000000000001e+02   5.1354549407958999e+01
   1.5819999999999999e+02   3.4113666534423800e+01
   1.5890000000000001e+02   9.7704963684082003e+01
   1.5900000000000000e+02   6.3031280517578102e+02
   1.5980000000000001e+02   3.8504020690917997e+01
   1.5990000000000001e+02   7.7185966491699205e+01
   1.6080000000000001e+02   3.2596393585205099e+01
   1.6090000000000001e+02   4.1350656127929699e+02
   1.6200000000000000e+02   4.6721786499023402e+01
   1.6280000000000001e+02   4.9714450836181598e+01
   1.6290000000000001e+02   3.1637023925781300e+01
   1.6300000000000000e+02   9.3092361450195298e+01
   1.6380000000000001e+02   1.3661795616149901e+01
   1.6390000000000001e+02   8.8875488281250000e+01
   1.6490000000000001e+02   6.7132926940917997e+01
   1.6509999999999999e+02   3.8299240112304702e+01
   1.6580000000000001e+02   2.3836956024169901e+01
   1.6600000000000000e+02   6.9848258972167997e+01
   1.6690000000000001e+02   3.9517239379882801e+02
   1.6700000000000000e+02   1.7051036071777301e+02
   1.6759999999999999e+02   1.9396657943725600e+01
   1.6780000000000001e+02   5.0948890686035199e+01
   1.6790000000000001e+02   3.7747806549072301e+01
   1.6809999999999999e+02   4.2772151947021499e+01
   1.6859999999999999e+02   2.0460147857666001e+01
   1.6890000000000001e+02   2.6726228713989300e+01
   1.6909999999999999e+02   1.3227194824218800e+03
   1.6990000000000001e+02   1.9004441833496099e+02
   1.7009999999999999e+02   6.1256835937500000e+01
   1.7019999999999999e+02   1.7598262786865199e+01
   1.7080000000000001e+02   5.2119976043701200e+01
   1.7090000000000001e+02   4.7087350463867199e+02
   1.7100000000000000e+02   1.5182983398437500e+02
   1.7190000000000001e+02   1.5461305236816401e+02
   1.7200000000000000e+02   6.7068188476562500e+02
   1.7290000000000001e+02   4.6624015625000000e+04
   1.7400000000000000e+02   3.8236030273437500e+03
   1.7490000000000001e+02   2.9680324218750000e+04
   1.7580000000000001e+02   8.5484771728515597e+01
   1.7590000000000001e+02   2.2869716796875000e+03
   1.7690000000000001e+02   4.9030942382812500e+03
   1.7769999999999999e+02   2.1418704986572301e+01
   1.7780000000000001e+02   2.3408659362793000e+02
   1.7800000000000000e+02   2.6614288330078102e+02
   1.7900000000000000e+02   4.6591335296630902e+01
   1.7909999999999999e+02   6.5629898071289105e+01
   1.7980000000000001e+02   3.2724117279052699e+01
   1.8000000000000000e+02   1.4130087280273401e+02
   1.8090000000000001e+02   6.7108528137207003e+01
   1.8109999999999999e+02   7.5013206481933594e+01
   1.8200000000000000e+02   1.4556600952148401e+02
   1.8290000000000001e+02   1.8690103530883800e+01
   1.8300000000000000e+02   4.2027484893798800e+01
   1.8390000000000001e+02   3.5887107849121101e+01
   1.8400000000000000e+02   8.1285415649414105e+01
   1.8409999999999999e+02   4.0376777648925803e+01
   1.8490000000000001e+02   9.4369758605957003e+01
   1.8500000000000000e+02   1.8730167388916001e+01
   1.8600000000000000e+02   1.8088370361328100e+03
   1.8690000000000001e+02   2.8927835464477500e+01
   1.8700000000000000e+02   4.3450973510742199e+02
   1.8790000000000001e+02   9.8506781005859398e+02
   1.8800000000000000e+02   3.2815866088867199e+02
   1.8880000000000001e+02   6.4995346069335895e+01
   1.8890000000000001e+02   1.9805926513671901e+02
   1.8980000000000001e+02   9.7579513549804702e+01
   1.8990000000000001e+02   1.2812477111816401e+02
   1.9009999999999999e+02   4.5374992370605497e+01
   1.9090000000000001e+02   1.7643894195556602e+01
   1.9100000000000000e+02   2.5904405593872099e+01
   1.9109999999999999e+02   2.1200452804565401e+01
   1.9180000000000001e+02   1.2559395790100099e+01
   1.9200000000000000e+02   3.7733257293701200e+01
   1.9290000000000001e+02   7.1410263061523395e+01
   1.9309999999999999e+02   1.4824645996093800e+01
   1.9380000000000001e+02   1.7572914123535199e+01
   1.9390000000000001e+02   1.1125238800048800e+02
   1.9400000000000000e+02   3.2351921081542997e+01
   1.9419999999999999e+02   1.3024221420288100e+01
   1.9490000000000001e+02   3.1865549087524400e+01
   1.9580000000000001e+02   1.2949108123779300e+01
   1.9600000000000000e+02   3.1553264617919901e+01
   1.9609999999999999e+02   1.2951300621032701e+01
   1.9690000000000001e+02   1.3972137451171900e+01
   1.9800000000000000e+02   1.6255083084106399e+01
   1.9890000000000001e+02   7.7344169616699205e+01
   1.9990000000000001e+02   6.0196804046630902e+01
   2.0009999999999999e+02   3.1507873535156300e+01
   2.0080000000000001e+02   4.7840267181396499e+01
   2.0100000000000000e+02   2.6169095993041999e+01
   2.0109999999999999e+02   1.7945873260498001e+01
   2.0190000000000001e+02   2.9381130981445301e+02
   2.0200000000000000e+02   2.5462036132812500e+02
   2.0290000000000001e+02   3.6836189270019503e+01
   2.0300000000000000e+02   1.8559857177734401e+02
   2.0380000000000001e+02   2.3448188781738299e+01
   2.0400000000000000e+02   9.3802709960937500e+02
   2.0490000000000001e+02   1.4989991760253901e+02
   2.0590000000000001e+02   1.9745404052734401e+02
   2.0600000000000000e+02   2.9807821655273398e+02
   2.0609999999999999e+02   4.3651382446289098e+01
   2.0680000000000001e+02   4.1363948822021499e+01
   2.0700000000000000e+02   7.5996170043945298e+01
   2.0719999999999999e+02   1.5335094451904300e+01
   2.0790000000000001e+02   8.4164726257324205e+01
   2.0800000000000000e+02   2.6831642150878899e+01
   2.0809999999999999e+02   2.1973299026489300e+01
   2.0880000000000001e+02   1.5692743301391600e+01
   2.0990000000000001e+02   1.4114364624023400e+01
   2.1100000000000000e+02   7.3124992370605497e+01
   2.1169999999999999e+02   1.5414005279541000e+01
   2.1190000000000001e+02   1.0445966339111300e+02
   2.1209999999999999e+02   1.6288414001464801e+01
   2.1290000000000001e+02   1.8224729537963899e+01
   2.1300000000000000e+02   1.9668882369995099e+01
   2.1380000000000001e+02   5.8227561950683601e+01
   2.1390000000000001e+02   1.6167919921875000e+02
   2.1400000000000000e+02   1.8517074584960901e+02
   2.1469999999999999e+02   3.5026092529296902e+00
   2.1490000000000001e+02   8.0515243530273395e+01
   2.1509999999999999e+02   1.0263572692871099e+02
   2.1580000000000001e+02   3.1171373367309599e+01
   2.1600000000000000e+02   1.2155671386718800e+03
   2.1669999999999999e+02   5.4137729644775398e+01
   2.1690000000000001e+02   1.7622250366210901e+02
   2.1700000000000000e+02   1.2133731842041000e+02
   2.1780000000000001e+02   3.5444023132324197e+01
   2.1790000000000001e+02   2.2808831787109401e+02
   2.1800000000000000e+02   4.2921289062500000e+02
   2.1890000000000001e+02   7.7886703491210895e+01
   2.1900000000000000e+02   1.6168312072753901e+02
   2.1990000000000001e+02   4.9555385589599602e+01
   2.2000000000000000e+02   1.3136180114746099e+02
   2.2009999999999999e+02   2.3567756652831999e+01
   2.2109999999999999e+02   3.0583648681640600e+01
   2.2559999999999999e+02   1.1704303741455099e+01
   2.2590000000000001e+02   8.0368728637695298e+01
   2.2609999999999999e+02   6.7546463012695298e+01
   2.2700000000000000e+02   2.0237339782714801e+02
   2.2790000000000001e+02   3.3744711303710898e+02
   2.2800000000000000e+02   2.2353334045410199e+02
   2.2880000000000001e+02   1.3398591995239300e+01
   2.2890000000000001e+02   3.2401248931884801e+01
   2.2900000000000000e+02   1.5892759704589801e+02
   2.2980000000000001e+02   1.2346537590026900e+01
   2.2990000000000001e+02   1.9072145080566401e+02
   2.3000000000000000e+02   3.0424313354492199e+02
   2.3080000000000001e+02   4.1613571166992202e+01
   2.3190000000000001e+02   6.8001190185546903e+01
   2.3200000000000000e+02   2.7299428939819300e+01
   2.3290000000000001e+02   2.7640190124511701e+01
   2.3309999999999999e+02   7.9154106140136705e+01
   2.3400000000000000e+02   1.4784179687500000e+01
   2.3700000000000000e+02   1.1557742309570300e+02
   2.3800000000000000e+02   2.7336843490600600e+01
   2.3800000000000000e+02   2.4823709487915000e+01
   2.3880000000000001e+02   1.6661174774169901e+01
   2.3890000000000001e+02   1.8087738037109401e+02
   2.3909999999999999e+02   1.5947719573974600e+01
   2.3980000000000001e+02   1.9101417541503899e+01
   2.4000000000000000e+02   1.4360874938964801e+02
   2.4080000000000001e+02   7.9352012634277301e+01
   2.4100000000000000e+02   1.3431753540039099e+02
   2.4190000000000001e+02   7.0101448059082003e+01
   2.4200000000000000e+02   2.1988949584960901e+02
   2.4290000000000001e+02   1.4771772384643601e+01
   2.4309999999999999e+02   1.3751512527465801e+01
   2.4380000000000001e+02   1.1345874786377000e+02
   2.4400000000000000e+02   8.6279998779296903e+01
   2.4590000000000001e+02   3.4067371368408203e+01
   2.4609999999999999e+02   4.7793704986572301e+01
   2.4690000000000001e+02   1.4563909530639600e+01
   2.4800000000000000e+02   1.8460416793823200e+01
   2.4809999999999999e+02   1.4475223541259799e+01
   2.4890000000000001e+02   1.2149790763855000e+01
   2.5000000000000000e+02   1.8439012527465799e+01
   2.5400000000000000e+02   2.2795130920410199e+02
   2.5409999999999999e+02   1.7052003479003901e+02
   2.5490000000000001e+02   1.6202735900878901e+02
   2.5500000000000000e+02   1.6355519104003901e+02
   2.5600000000000000e+02   1.3106956481933599e+02
   2.5600000000000000e+02   1.0287363281250000e+03
   2.5689999999999998e+02   1.3319921875000000e+02
   2.5700000000000000e+02   1.9835430908203099e+02
   2.5710000000000002e+02   5.8945602416992202e+01
   2.5800000000000000e+02   2.4543753051757801e+02
   2.5810000000000002e+02   4.5812661743164102e+02
   2.5900000000000000e+02   7.3789955139160199e+01
   2.5919999999999999e+02   2.3863803863525401e+01
   2.6000000000000000e+02   2.5073991775512699e+01
   2.6010000000000002e+02   4.2243930816650398e+01
   2.6489999999999998e+02   1.3597092628479000e+01
   2.6689999999999998e+02   1.3035721778869600e+01
   2.6800000000000000e+02   2.9733613967895501e+01
   2.6889999999999998e+02   2.8559171676635700e+01
   2.6910000000000002e+02   6.0184108734130902e+01
   2.6980000000000001e+02   2.2672733306884801e+01
   2.7000000000000000e+02   8.0802818298339801e+01
   2.7019999999999999e+02   1.4781525611877401e+01
   2.7089999999999998e+02   5.9471298217773402e+01
   2.7110000000000002e+02   3.1881826400756800e+01
   2.7180000000000001e+02   3.9320854187011697e+01
   2.7200000000000000e+02   3.4618949890136697e+01
   2.7219999999999999e+02   1.4846306800842299e+01
   2.8010000000000002e+02   1.6852373123168899e+01
   2.8200000000000000e+02   1.9427587890625000e+02
   2.8210000000000002e+02   6.6497291564941406e+01
   2.8280000000000001e+02   1.5547073364257800e+01
   2.8310000000000002e+02   1.4438482284545900e+01
   2.8400000000000000e+02   7.2255187988281295e+02
   2.8410000000000002e+02   3.5311557006835898e+02
   2.8480000000000001e+02   4.1013252258300803e+01
   2.8500000000000000e+02   1.2435367584228500e+02
   2.8510000000000002e+02   1.4966178894043000e+02
   2.8600000000000000e+02   5.8112475585937500e+02
   2.8689999999999998e+02   6.6847480773925795e+01
   2.8710000000000002e+02   9.2726249694824205e+01
   2.8780000000000001e+02   3.0802690505981399e+01
   2.8800000000000000e+02   5.5057765960693402e+01
   2.8880000000000001e+02   1.5058369636535600e+01
   2.8889999999999998e+02   1.2417343139648400e+01
   2.8910000000000002e+02   1.2384123802185099e+01
   2.9289999999999998e+02   5.8745960235595703e+01
   2.9310000000000002e+02   4.5538513183593800e+01
   2.9480000000000001e+02   5.1020668029785199e+01
   2.9500000000000000e+02   1.3833689880371099e+02
   2.9519999999999999e+02   2.1089365005493200e+01
   2.9610000000000002e+02   4.8745246887207003e+01
   2.9689999999999998e+02   6.1118816375732401e+01
   2.9710000000000002e+02   2.0247315979003901e+02
   2.9719999999999999e+02   2.1151857376098601e+01
   2.9750000000000000e+02   1.6028957366943398e+01
   2.9900000000000000e+02   2.8311229705810501e+01
   3.1000000000000000e+02   7.0482749938964801e+01
   3.1010000000000002e+02   1.0335843658447300e+02
   3.1110000000000002e+02   2.8517925262451200e+01
   3.1200000000000000e+02   1.5087885856628400e+01
   3.1210000000000002e+02   4.5982048034667997e+01
   3.1289999999999998e+02   2.2601469039916999e+01
   3.1310000000000002e+02   4.1825372314453102e+02
   3.1319999999999999e+02   2.7048332214355501e+01
   3.1400000000000000e+02   3.3219039916992202e+01
   3.1410000000000002e+02   6.6918647766113295e+01
   3.1510000000000002e+02   3.4881466674804699e+02
   3.1600000000000000e+02   2.5060457229614300e+01
   3.2689999999999998e+02   3.7734100341796903e+01
   3.2710000000000002e+02   2.4017092285156300e+03
   3.2800000000000000e+02   2.4793254089355500e+02
   3.2810000000000002e+02   8.1194342041015602e+02
   3.2819999999999999e+02   2.2011863708496099e+02
   3.2900000000000000e+02   5.2753894042968795e+02
   3.2910000000000002e+02   1.1493582763671900e+03
   3.3000000000000000e+02   1.4554009437561000e+01
   3.3010000000000002e+02   1.9600968933105500e+02
   3.3019999999999999e+02   5.4250646972656295e+02
   3.3089999999999998e+02   7.3455917358398395e+01
   3.3110000000000002e+02   1.8945510864257801e+02
   3.3119999999999999e+02   5.5422355651855497e+01
   3.3200000000000000e+02   6.7394729614257798e+01
