   4.0100000000000001e+01   2.6266531372070301e+02
   4.1100000000000001e+01   1.1087601562500000e+04
   4.2100000000000001e+01   1.2862637695312500e+04
   4.3000000000000000e+01   2.7957702636718800e+03
   4.4100000000000001e+01   6.2018369140625000e+03
   4.4899999999999999e+01   2.8116479873657202e+01
   4.5100000000000001e+01   1.6849076843261699e+02
   4.9000000000000000e+01   9.0991029739379901e+00
   4.9799999999999997e+01   3.1772550582885700e+01
   4.9899999999999999e+01   2.9745019531250000e+02
   5.0000000000000000e+01   2.7699121093750000e+02
   5.1000000000000000e+01   2.0569777832031300e+03
   5.1899999999999999e+01   4.0564727783203097e+01
   5.2000000000000000e+01   6.2711999511718795e+02
   5.2899999999999999e+01   5.0217792510986300e+01
   5.3000000000000000e+01   8.5271185302734398e+02
   5.3100000000000001e+01   1.8596090698242199e+02
   5.4000000000000000e+01   1.1377874755859400e+03
   5.5000000000000000e+01   5.1851694335937500e+03
   5.6000000000000000e+01   5.7365600585937500e+02
   5.6100000000000001e+01   2.1057446289062500e+03
   5.7100000000000001e+01   2.0148847656250000e+04
   5.7899999999999999e+01   1.3037262916564901e+01
   5.8100000000000001e+01   1.1050521240234400e+03
   5.8899999999999999e+01   3.1823280334472699e+01
   5.9000000000000000e+01   8.3519210815429705e+00
   5.9200000000000003e+01   8.9610528945922905e+00
   6.0899999999999999e+01   2.4603353500366200e+01
   6.1000000000000000e+01   5.7472686767578097e+01
   6.1899999999999999e+01   8.5332328796386705e+01
   6.2000000000000000e+01   1.5352374267578099e+02
   6.2200000000000003e+01   1.0642364501953100e+01
   6.3000000000000000e+01   1.0914179687500000e+03
   6.3799999999999997e+01   1.0053329467773400e+01
   6.4000000000000000e+01   3.2910403442382801e+02
   6.4099999999999994e+01   2.6901577758789102e+02
   6.5000000000000000e+01   4.7058901367187500e+03
   6.5900000000000006e+01   1.4747888183593801e+02
   6.6000000000000000e+01   7.8421087646484398e+02
   6.6200000000000003e+01   2.3263402938842798e+01
   6.7000000000000000e+01   2.1080061035156300e+03
   6.7900000000000006e+01   1.7583277893066401e+02
   6.8000000000000000e+01   3.0514472656250000e+03
   6.9000000000000000e+01   1.2296900634765600e+03
   6.9099999999999994e+01   1.6508262939453100e+03
   7.0099999999999994e+01   5.1428881835937500e+03
   7.0099999999999994e+01   1.5992131042480500e+02
   7.1000000000000000e+01   2.2712269592285199e+02
   7.1099999999999994e+01   3.0380728149414102e+02
   7.1900000000000006e+01   2.2790754318237301e+01
   7.2900000000000006e+01   3.4876255035400398e+01
   7.3000000000000000e+01   6.5902069091796903e+01
   7.3099999999999994e+01   1.1049842834472701e+01
   7.3799999999999997e+01   2.4083209991455099e+01
   7.4000000000000000e+01   1.6835443115234401e+02
   7.4200000000000003e+01   9.3041639328002894e+00
   7.4799999999999997e+01   6.0085437774658203e+01
   7.5000000000000000e+01   1.9394047546386699e+02
   7.5200000000000003e+01   3.2847106933593800e+01
   7.5799999999999997e+01   5.3407775878906300e+01
   7.6000000000000000e+01   3.5434945678710898e+02
   7.6099999999999994e+01   3.7104983520507801e+02
   7.6299999999999997e+01   1.5652103424072299e+01
   7.7000000000000000e+01   1.4538613281250000e+04
   7.8000000000000000e+01   3.2519775390625000e+03
   7.9000000000000000e+01   5.0992695312500000e+03
   8.0000000000000000e+01   1.2763038330078100e+03
   8.0900000000000006e+01   1.4996299743652301e+02
   8.1000000000000000e+01   4.4336059570312500e+02
   8.2000000000000000e+01   2.7385131835937500e+03
   8.3000000000000000e+01   6.6475939941406295e+02
   8.3099999999999994e+01   2.8147781372070301e+02
   8.3200000000000003e+01   3.2282657623291001e+01
   8.4000000000000000e+01   2.9543487548828102e+02
   8.4099999999999994e+01   1.1128398437500000e+03
   8.4200000000000003e+01   1.3260310173034700e+01
   8.5099999999999994e+01   8.1703803710937500e+03
   8.5900000000000006e+01   5.6087890625000000e+01
   8.6000000000000000e+01   4.8677603149414102e+02
   8.6200000000000003e+01   1.9720785140991200e+01
   8.6799999999999997e+01   1.7731056213378899e+01
   8.7000000000000000e+01   1.1639660835266101e+01
   8.8900000000000006e+01   2.8434106445312500e+02
   8.9000000000000000e+01   7.8262988281250000e+02
   8.9099999999999994e+01   8.4446319580078097e+01
   8.9900000000000006e+01   1.3533312988281301e+02
   9.0099999999999994e+01   8.3419866943359398e+02
   9.1000000000000000e+01   2.2228513671875000e+04
   9.2000000000000000e+01   1.7485925292968800e+03
   9.2099999999999994e+01   1.5917747802734400e+03
   9.3099999999999994e+01   6.0238876953125000e+03
   9.4099999999999994e+01   3.5509543457031300e+03
   9.4799999999999997e+01   1.8012985229492202e+01
   9.5000000000000000e+01   1.4545917968750000e+03
   9.5099999999999994e+01   7.1847711181640602e+02
   9.5200000000000003e+01   2.6882200241088899e+01
   9.6099999999999994e+01   1.2659948242187500e+04
   9.7000000000000000e+01   3.2692507934570301e+02
   9.7099999999999994e+01   1.9608853759765600e+03
   9.7900000000000006e+01   6.7427345275878906e+01
   9.8000000000000000e+01   6.9878698730468795e+02
   9.8200000000000003e+01   3.4500610351562500e+01
   9.8900000000000006e+01   1.1152720451355000e+01
   1.0090000000000001e+02   1.3695281982421900e+01
   1.0100000000000000e+02   1.4667497253418000e+02
   1.0120000000000000e+02   9.0319953918457003e+01
   1.0190000000000001e+02   3.7361549377441399e+01
   1.0200000000000000e+02   4.5480789184570301e+02
   1.0209999999999999e+02   1.0075823974609401e+02
   1.0300000000000000e+02   5.2042626953125000e+03
   1.0400000000000000e+02   7.8939477539062500e+03
   1.0509999999999999e+02   2.0924332031250000e+04
   1.0600000000000000e+02   3.8513520507812500e+03
   1.0700000000000000e+02   2.8271368408203102e+02
   1.0709999999999999e+02   1.3131752014160199e+02
   1.0790000000000001e+02   3.9851951599121101e+01
   1.0809999999999999e+02   1.9851451110839801e+02
   1.0900000000000000e+02   9.5735389709472699e+01
   1.0909999999999999e+02   1.2524657249450700e+01
   1.1000000000000000e+02   2.0225931167602500e+01
   1.1009999999999999e+02   3.0739364624023398e+01
   1.1090000000000001e+02   1.2918828010559100e+01
   1.1100000000000000e+02   6.4236228942871094e+01
   1.1109999999999999e+02   1.4180603027343801e+02
   1.1200000000000000e+02   1.0259879302978500e+02
   1.1220000000000000e+02   1.6951511383056602e+01
   1.1290000000000001e+02   3.5807853698730497e+01
   1.1309999999999999e+02   2.6018306732177699e+01
   1.1320000000000000e+02   1.2036334037780801e+01
   1.1400000000000000e+02   4.7164817810058601e+01
   1.1409999999999999e+02   3.8909931182861300e+01
   1.1430000000000000e+02   3.2374214172363303e+01
   1.1480000000000000e+02   1.7834026336669901e+01
   1.1490000000000001e+02   2.2946992874145501e+01
   1.1500000000000000e+02   7.6202069091796898e+02
   1.1520000000000000e+02   8.3160301208496094e+01
   1.1590000000000001e+02   1.3839311218261699e+02
   1.1600000000000000e+02   3.5426852416992199e+02
   1.1620000000000000e+02   1.0497747039794901e+02
   1.1690000000000001e+02   4.8333396911621101e+01
   1.1700000000000000e+02   3.4321564941406300e+03
   1.1809999999999999e+02   7.5418813476562500e+03
   1.1900000000000000e+02   3.1476257324218800e+03
   1.1990000000000001e+02   4.4700725555419901e+01
   1.2000000000000000e+02   1.5744935302734400e+03
   1.2090000000000001e+02   1.0731908798217800e+01
   1.2109999999999999e+02   1.2788947296142599e+02
   1.2180000000000000e+02   2.1593637466430700e+01
   1.2200000000000000e+02   1.0397706031799300e+01
   1.2209999999999999e+02   9.3997716903686506e+00
   1.2680000000000000e+02   1.1005726814270000e+01
   1.2690000000000001e+02   4.6645080566406300e+01
   1.2709999999999999e+02   5.1781532287597699e+01
   1.2759999999999999e+02   1.7905311584472699e+01
   1.2780000000000000e+02   9.3013435363769503e+01
   1.2790000000000001e+02   2.6072488403320301e+02
   1.2809999999999999e+02   8.0446151733398395e+01
   1.2890000000000001e+02   1.1058349609375000e+02
   1.2909999999999999e+02   2.9593606567382801e+02
   1.2919999999999999e+02   1.5465455627441401e+02
   1.3009999999999999e+02   9.1598876953125000e+03
   1.3109999999999999e+02   5.8651235351562500e+03
   1.3209999999999999e+02   1.0483807617187500e+04
   1.3290000000000001e+02   2.2035640716552699e+01
   1.3300000000000000e+02   2.6900003051757801e+02
   1.3309999999999999e+02   1.5009903564453100e+03
   1.3409999999999999e+02   1.2117467041015600e+03
   1.3490000000000001e+02   2.9790319442748999e+01
   1.3500000000000000e+02   3.3189474487304699e+02
   1.3509999999999999e+02   1.9143865966796901e+02
   1.3590000000000001e+02   1.1533409118652299e+01
   1.3600000000000000e+02   3.2848743438720703e+01
   1.3619999999999999e+02   4.8379920959472699e+01
   1.3630000000000001e+02   9.6749057769775408e+00
   1.3680000000000001e+02   2.7901344299316399e+01
   1.3690000000000001e+02   1.3250640869140599e+02
   1.3700000000000000e+02   7.0553794860839801e+01
   1.3759999999999999e+02   1.2191226959228500e+01
   1.3780000000000001e+02   1.0279270172119100e+01
   1.3890000000000001e+02   1.6405202865600600e+01
   1.3900000000000000e+02   8.2137365722656295e+02
   1.3909999999999999e+02   7.4088702392578102e+02
   1.4000000000000000e+02   1.4339595031738301e+02
   1.4009999999999999e+02   7.0606140136718807e+01
   1.4080000000000001e+02   8.9986410140991193e+00
   1.4100000000000000e+02   1.0152352142334000e+02
   1.4119999999999999e+02   3.1834609985351602e+01
   1.4200000000000000e+02   1.0898205757141101e+01
   1.4209999999999999e+02   1.2406205749511700e+02
   1.4280000000000001e+02   2.9010425567626999e+01
   1.4300000000000000e+02   3.3408163452148398e+02
   1.4309999999999999e+02   6.7867736816406307e+01
   1.4400000000000000e+02   5.1044308471679699e+02
   1.4409999999999999e+02   1.4390729980468800e+03
   1.4490000000000001e+02   4.0428443908691399e+01
   1.4509999999999999e+02   5.3111999511718795e+02
   1.4519999999999999e+02   1.1050968017578100e+03
   1.4530000000000001e+02   2.6356029510498001e+01
   1.4609999999999999e+02   3.9479902343750000e+04
   1.4700000000000000e+02   1.6850900268554699e+02
   1.4709999999999999e+02   4.4891616210937500e+03
   1.4790000000000001e+02   1.2513707160949700e+01
   1.4800000000000000e+02   3.5581832885742199e+02
   1.4809999999999999e+02   5.4185894775390602e+02
   1.4909999999999999e+02   4.5225429534912102e+01
   1.5300000000000000e+02   1.1690605163574199e+01
   1.5400000000000000e+02   4.5626731872558601e+01
   1.5409999999999999e+02   3.0035400390625000e+01
   1.5490000000000001e+02   2.8191715240478501e+01
   1.5509999999999999e+02   1.0611517333984401e+02
   1.5590000000000001e+02   7.7047615051269503e+01
   1.5600000000000000e+02   2.5129869079589801e+02
   1.5609999999999999e+02   5.5007949829101598e+01
   1.5669999999999999e+02   1.6184892654418899e+01
   1.5690000000000001e+02   8.7931869506835895e+01
   1.5700000000000000e+02   1.6046110534668000e+02
   1.5719999999999999e+02   5.0185710906982401e+01
   1.5800000000000000e+02   1.6504411621093800e+03
   1.5809999999999999e+02   3.7784555053710898e+02
   1.5890000000000001e+02   9.3593963623046903e+01
   1.5900000000000000e+02   1.5801217041015600e+03
   1.6009999999999999e+02   2.9326350097656300e+03
   1.6109999999999999e+02   4.5992788696289102e+02
   1.6509999999999999e+02   1.2891512870788601e+01
   1.6700000000000000e+02   1.1613482475280801e+01
   1.6790000000000001e+02   2.8963005065918001e+01
   1.6800000000000000e+02   4.8573566436767599e+01
   1.6880000000000001e+02   1.1179623603820801e+01
   1.6990000000000001e+02   1.1741983795166000e+02
   1.7009999999999999e+02   3.4021121978759801e+01
   1.7080000000000001e+02   1.6964191436767599e+01
   1.7100000000000000e+02   5.3102840423583999e+01
   1.7190000000000001e+02   3.0381017684936499e+01
   1.7200000000000000e+02   1.2532449340820300e+02
   1.7209999999999999e+02   2.2946679687500000e+02
   1.7230000000000001e+02   1.4523692131042500e+01
   1.7290000000000001e+02   2.5842578887939499e+01
   1.7309999999999999e+02   5.2937463378906295e+02
   1.7319999999999999e+02   2.1591094970703100e+01
   1.7390000000000001e+02   3.2313358306884801e+01
   1.7409999999999999e+02   4.6682685852050803e+01
   1.7490000000000001e+02   2.4080636978149400e+01
   1.7509999999999999e+02   4.5855464935302699e+01
   1.7619999999999999e+02   1.6336877822876001e+01
   1.7700000000000000e+02   2.0162753295898401e+02
   1.7709999999999999e+02   1.8428527832031301e+02
   1.7809999999999999e+02   3.7984378051757801e+02
   1.7919999999999999e+02   9.5390901565551793e+00
   1.8100000000000000e+02   9.3498125076293892e+00
   1.8200000000000000e+02   5.2241237640380902e+01
   1.8209999999999999e+02   4.9465625762939503e+01
   1.8219999999999999e+02   2.4156209945678700e+01
   1.8300000000000000e+02   2.4645221710205099e+01
   1.8319999999999999e+02   1.1606812477111800e+01
   1.8400000000000000e+02   6.3721966552734398e+02
   1.8409999999999999e+02   4.2084643554687500e+02
   1.8490000000000001e+02   5.5265720367431598e+01
   1.8509999999999999e+02   6.9437335205078102e+02
   1.8530000000000001e+02   2.1810125350952099e+01
   1.8609999999999999e+02   2.9731650390625000e+03
   1.8700000000000000e+02   2.3881910705566401e+02
   1.8709999999999999e+02   2.4796821289062500e+03
   1.8809999999999999e+02   5.2797094726562500e+03
   1.8909999999999999e+02   2.6138263671875000e+04
   1.8990000000000001e+02   3.1579711914062500e+01
   1.9009999999999999e+02   3.5685915527343800e+03
   1.9100000000000000e+02   2.4567808532714801e+02
   1.9609999999999999e+02   1.0646862983703601e+01
   1.9890000000000001e+02   1.1729448318481399e+01
   2.0000000000000000e+02   4.7700031280517599e+01
   2.0009999999999999e+02   4.2921466827392599e+01
   2.0090000000000001e+02   1.0792160034179700e+01
   2.0100000000000000e+02   2.1600242614746101e+01
   2.0690000000000001e+02   1.0387392044067401e+01
   2.0790000000000001e+02   1.1023298263549799e+01
   2.0890000000000001e+02   9.2440290451049805e+00
   2.1080000000000001e+02   3.1809318542480501e+01
   2.1100000000000000e+02   3.1033317565918001e+01
   2.1290000000000001e+02   9.3112459182739293e+00
   2.1490000000000001e+02   7.8889701843261705e+01
   2.1509999999999999e+02   1.0200775909423800e+02
   2.1600000000000000e+02   3.1034746170043899e+01
   2.1709999999999999e+02   2.4983613967895501e+01
   2.1890000000000001e+02   2.1672428131103501e+01
   2.2700000000000000e+02   8.9173221588134801e+00
   2.2790000000000001e+02   9.7133188247680700e+00
   2.2809999999999999e+02   9.7006978988647496e+00
   2.2819999999999999e+02   1.0764714241027800e+01
   2.2890000000000001e+02   1.0746427536010700e+01
   2.2919999999999999e+02   6.6042137145996094e+01
   2.2980000000000001e+02   1.8978836059570298e+01
   2.2990000000000001e+02   2.8052055358886701e+01
   2.3009999999999999e+02   1.9948740234375000e+03
   2.3019999999999999e+02   7.4272412109375000e+02
   2.3100000000000000e+02   4.1541095733642599e+01
   2.3109999999999999e+02   7.4113732910156295e+02
   2.3190000000000001e+02   1.1785192489624000e+01
   2.3200000000000000e+02   2.2929117202758800e+01
   2.3219999999999999e+02   3.6695850372314503e+01
   2.3280000000000001e+02   3.0938016891479499e+01
   2.3690000000000001e+02   3.1849235534668001e+01
   2.4290000000000001e+02   1.2617016792297401e+01
   2.4300000000000000e+02   1.3155551910400400e+01
   2.4400000000000000e+02   4.1634548187255902e+01
   2.4409999999999999e+02   2.6100408935546898e+02
   2.4419999999999999e+02   6.2417423248291001e+01
   2.4509999999999999e+02   3.9103729248046903e+01
   2.5119999999999999e+02   3.7351692199707003e+01
   2.5500000000000000e+02   1.3029926300048800e+01
   2.5509999999999999e+02   1.3099941253662100e+01
   2.5719999999999999e+02   3.0718290328979499e+01
   2.6930000000000001e+02   1.1666363716125501e+01
   2.7050000000000000e+02   9.8572587966918892e+00
   2.7089999999999998e+02   9.8951902389526403e+00
   2.7110000000000002e+02   1.2558309173584000e+02
   2.7119999999999999e+02   2.6814023971557599e+01
   2.7130000000000001e+02   5.7648468017578097e+01
   2.7150000000000000e+02   1.6835769653320298e+01
   2.7169999999999999e+02   1.2589524269104000e+01
   2.7180000000000001e+02   5.2685245513916001e+01
   2.7210000000000002e+02   1.0438311004638700e+02
   2.7219999999999999e+02   2.4813037109375000e+02
   2.7319999999999999e+02   6.7729062500000000e+04
   2.7419999999999999e+02   1.2709936523437500e+04
   2.7510000000000002e+02   5.3867248535156300e+01
   2.7519999999999999e+02   1.3228027343750000e+03
   2.7610000000000002e+02   4.2458560943603501e+01
   2.7619999999999999e+02   9.4614515304565394e+00
   2.7630000000000001e+02   1.0747732162475600e+01
   2.7910000000000002e+02   1.5085804748535199e+02
   2.7930000000000001e+02   4.6180042266845703e+01
   2.9300000000000000e+02   1.6283988952636701e+01
   3.0710000000000002e+02   1.1550471305847200e+01
   3.2089999999999998e+02   1.7383592605590799e+01
   3.3500000000000000e+02   1.0121687889099100e+01
   3.3519999999999999e+02   1.1274604797363301e+01
   3.4930000000000001e+02   1.2025199890136699e+01
   3.6200000000000000e+02   9.2730474472045898e+00
   3.6210000000000002e+02   4.4852115631103501e+01
   3.6230000000000001e+02   7.8260932922363295e+01
   3.6310000000000002e+02   2.5663105010986300e+01
   3.6319999999999999e+02   1.9768751144409201e+01
   3.6339999999999998e+02   1.3555821418762200e+01
   3.6530000000000001e+02   9.6699914932250994e+00
   3.6539999999999998e+02   1.0451407432556200e+01
