   4.0100000000000001e+01   2.3069589233398401e+02
   4.0100000000000001e+01   2.2477810668945301e+02
   4.1100000000000001e+01   1.1180069335937500e+04
   4.2000000000000000e+01   1.6454728515625000e+04
   4.3100000000000001e+01   2.6284113281250000e+04
   4.4000000000000000e+01   8.4029960937500000e+03
   4.5000000000000000e+01   1.2897846984863301e+02
   4.5100000000000001e+01   8.8796722412109403e+01
   5.0000000000000000e+01   6.8245281982421898e+02
   5.1000000000000000e+01   2.5387834472656300e+03
   5.1899999999999999e+01   7.4274375915527301e+01
   5.2000000000000000e+01   7.1752740478515602e+02
   5.3000000000000000e+01   1.0999038085937500e+03
   5.4000000000000000e+01   1.6200361328125000e+03
   5.4899999999999999e+01   6.2384029388427699e+01
   5.5000000000000000e+01   3.6077912597656300e+03
   5.5100000000000001e+01   1.8612336730957000e+02
   5.6000000000000000e+01   5.7869110107421898e+02
   5.6000000000000000e+01   2.3039138183593800e+03
   5.7000000000000000e+01   5.0488482666015602e+02
   5.7100000000000001e+01   1.4976519775390600e+03
   5.7899999999999999e+01   8.4218139648437500e+01
   5.8100000000000001e+01   2.0364408874511699e+02
   5.8799999999999997e+01   1.0055202484130900e+01
   5.8899999999999999e+01   5.8764762878417997e+01
   5.9000000000000000e+01   1.3367144775390599e+02
   6.0899999999999999e+01   1.5577636718750000e+01
   6.1200000000000003e+01   1.2169529914856000e+01
   6.1899999999999999e+01   8.1552429199218807e+01
   6.2000000000000000e+01   1.5644293212890599e+02
   6.2899999999999999e+01   6.0844232177734398e+02
   6.3000000000000000e+01   6.8151654052734398e+02
   6.4000000000000000e+01   5.5897052001953102e+02
   6.4099999999999994e+01   2.5052088928222699e+02
   6.5000000000000000e+01   6.1640385742187500e+03
   6.5900000000000006e+01   3.1795814514160199e+01
   6.6000000000000000e+01   1.0928753662109400e+03
   6.7099999999999994e+01   2.6148303222656300e+03
   6.8000000000000000e+01   1.1409185791015600e+03
   6.8099999999999994e+01   2.6526330566406300e+03
   6.9000000000000000e+01   3.6180917968750000e+03
   7.0099999999999994e+01   6.3313896484375000e+03
   7.1099999999999994e+01   1.4944832031250000e+04
   7.1799999999999997e+01   2.0747518539428700e+01
   7.2000000000000000e+01   1.0664738464355500e+02
   7.2000000000000000e+01   6.7724670410156295e+02
   7.2900000000000006e+01   6.1093647003173800e+01
   7.3000000000000000e+01   3.4204475402832003e+01
   7.3299999999999997e+01   1.1308116912841800e+01
   7.3900000000000006e+01   2.3269004821777301e+02
   7.4099999999999994e+01   2.9102146148681602e+01
   7.4799999999999997e+01   1.9611896514892599e+01
   7.5000000000000000e+01   3.1824066162109398e+02
   7.5900000000000006e+01   3.7715934753417997e+01
   7.6000000000000000e+01   2.6282360839843801e+02
   7.6099999999999994e+01   6.2980334472656295e+02
   7.6299999999999997e+01   2.0434339523315401e+01
   7.7000000000000000e+01   1.9223785156250000e+04
   7.8000000000000000e+01   4.0076267089843800e+03
   7.9000000000000000e+01   6.2866118164062500e+03
   8.0000000000000000e+01   1.5364208984375000e+03
   8.0099999999999994e+01   4.9953098297119098e+01
   8.0900000000000006e+01   9.6509330749511705e+01
   8.1000000000000000e+01   5.0342480468750000e+02
   8.2000000000000000e+01   6.9175622558593795e+02
   8.2000000000000000e+01   2.3131081542968800e+03
   8.2900000000000006e+01   3.2631462097167997e+01
   8.3000000000000000e+01   9.9913482666015597e+01
   8.3099999999999994e+01   6.5605218505859398e+02
   8.3200000000000003e+01   2.5716167449951200e+01
   8.3299999999999997e+01   2.0743545532226602e+01
   8.4000000000000000e+01   4.4405807495117199e+02
   8.4099999999999994e+01   8.8433007812500000e+02
   8.4900000000000006e+01   1.9797397613525401e+01
   8.5000000000000000e+01   1.1533064270019500e+02
   8.5099999999999994e+01   2.3817129135131800e+01
   8.5200000000000003e+01   3.9149375915527301e+01
   8.5900000000000006e+01   3.7704833984375000e+01
   8.6799999999999997e+01   1.0114371299743700e+01
   8.6900000000000006e+01   3.8322177886962898e+01
   8.8000000000000000e+01   5.6390995025634801e+01
   8.8200000000000003e+01   1.1947537422180201e+01
   8.8900000000000006e+01   1.3373381042480500e+02
   8.9000000000000000e+01   1.2818850097656300e+03
   9.0099999999999994e+01   1.2059428710937500e+03
   9.1000000000000000e+01   2.7360484375000000e+04
   9.2000000000000000e+01   1.6896834716796900e+03
   9.2099999999999994e+01   2.0491867675781300e+03
   9.3099999999999994e+01   6.1695424804687500e+03
   9.4000000000000000e+01   3.7140263671875000e+03
   9.5000000000000000e+01   1.2898990478515600e+03
   9.5099999999999994e+01   1.0627907714843800e+03
   9.5200000000000003e+01   2.9462577819824201e+01
   9.6099999999999994e+01   1.4636966796875000e+04
   9.7099999999999994e+01   2.0523581542968800e+03
   9.7099999999999994e+01   2.8333666992187500e+02
   9.8000000000000000e+01   2.8212097167968801e+02
   9.8099999999999994e+01   4.8798922729492199e+02
   9.9900000000000006e+01   3.1082178115844702e+01
   1.0000000000000000e+02   1.7253639221191399e+01
   1.0070000000000000e+02   1.1783109664916999e+01
   1.0090000000000001e+02   8.7694961547851605e+01
   1.0100000000000000e+02   2.9094364166259801e+01
   1.0109999999999999e+02   4.9827331542968800e+01
   1.0190000000000001e+02   1.2331663513183599e+02
   1.0200000000000000e+02   6.4434436035156295e+02
   1.0300000000000000e+02   6.4191938476562500e+03
   1.0409999999999999e+02   9.9249814453125000e+03
   1.0509999999999999e+02   2.3755839843750000e+04
   1.0600000000000000e+02   4.6236699218750000e+03
   1.0700000000000000e+02   3.3696917724609398e+02
   1.0709999999999999e+02   8.4379547119140597e+01
   1.0790000000000001e+02   1.9058441162109400e+01
   1.0800000000000000e+02   2.6318264770507801e+02
   1.0820000000000000e+02   1.3190522193908700e+01
   1.0890000000000001e+02   3.6570426940917997e+01
   1.0900000000000000e+02   1.2778851318359401e+02
   1.0980000000000000e+02   8.8902931213378906e+00
   1.1000000000000000e+02   4.5654319763183601e+01
   1.1009999999999999e+02   1.9773656845092798e+01
   1.1080000000000000e+02   2.4421985626220700e+01
   1.1100000000000000e+02   1.2289402008056599e+02
   1.1109999999999999e+02   1.3640412902832000e+02
   1.1180000000000000e+02   2.7154373168945298e+01
   1.1190000000000001e+02   2.2110826492309599e+01
   1.1200000000000000e+02   1.1568451881408700e+01
   1.1220000000000000e+02   1.0065878868103001e+01
   1.1300000000000000e+02   1.6423457336425801e+02
   1.1409999999999999e+02   1.3253849029541000e+01
   1.1500000000000000e+02   9.9702166748046898e+02
   1.1520000000000000e+02   9.5239265441894503e+01
   1.1590000000000001e+02   2.1615856933593801e+02
   1.1609999999999999e+02   4.6371896362304699e+02
   1.1700000000000000e+02   4.1091870117187500e+03
   1.1809999999999999e+02   9.2115498046875000e+03
   1.1890000000000001e+02   4.9991298675537102e+01
   1.1900000000000000e+02   3.3746899414062500e+03
   1.1980000000000000e+02   2.9193931579589801e+01
   1.1990000000000001e+02   8.6999572753906307e+01
   1.2000000000000000e+02   1.4390842285156300e+03
   1.2080000000000000e+02   1.3691736221313500e+01
   1.2090000000000001e+02   4.7506954193115199e+01
   1.2100000000000000e+02   7.4135330200195298e+01
   1.2209999999999999e+02   1.3383584022521999e+01
   1.2670000000000000e+02   9.7120428085327095e+00
   1.2690000000000001e+02   4.9124694824218800e+01
   1.2709999999999999e+02   2.3238681793212901e+01
   1.2730000000000000e+02   2.1314502716064499e+01
   1.2800000000000000e+02   5.0429837036132801e+02
   1.2880000000000001e+02   2.6339498519897500e+01
   1.2900000000000000e+02   1.7594364929199199e+02
   1.2909999999999999e+02   3.2355505371093801e+02
   1.2930000000000001e+02   4.1295764923095703e+01
   1.3009999999999999e+02   1.0796586914062500e+04
   1.3109999999999999e+02   6.5144082031250000e+03
   1.3209999999999999e+02   1.2493210937500000e+04
   1.3309999999999999e+02   2.1123889160156300e+03
   1.3400000000000000e+02   3.6882168579101602e+02
   1.3409999999999999e+02   9.7568310546875000e+02
   1.3469999999999999e+02   1.6747926712036101e+01
   1.3490000000000001e+02   6.7379768371582003e+01
   1.3500000000000000e+02   2.0006207275390599e+02
   1.3609999999999999e+02   1.0378958702087401e+01
   1.3680000000000001e+02   3.4138893127441399e+01
   1.3700000000000000e+02   2.9756137084960898e+02
   1.3790000000000001e+02   1.2867740631103500e+01
   1.3819999999999999e+02   2.7542922973632798e+01
   1.3890000000000001e+02   6.3050666809082003e+01
   1.3900000000000000e+02   1.2390025634765600e+03
   1.3909999999999999e+02   1.6462599182128901e+02
   1.3980000000000001e+02   1.6027755737304702e+01
   1.4000000000000000e+02   8.0819709777832003e+01
   1.4019999999999999e+02   3.6536205291747997e+01
   1.4080000000000001e+02   1.1771248817443800e+01
   1.4100000000000000e+02   7.2722167968750000e+01
   1.4109999999999999e+02   9.0696197509765597e+01
   1.4119999999999999e+02   3.1398691177368200e+01
   1.4200000000000000e+02   1.0035166168212901e+02
   1.4209999999999999e+02   8.5377731323242202e+01
   1.4290000000000001e+02   8.5718917846679702e+01
   1.4309999999999999e+02   4.6684048461914102e+02
   1.4330000000000001e+02   2.2825117111206101e+01
   1.4400000000000000e+02   5.6448168945312500e+02
   1.4409999999999999e+02   1.4451557617187500e+03
   1.4500000000000000e+02   4.4904858398437500e+02
   1.4519999999999999e+02   1.6838549804687500e+03
   1.4609999999999999e+02   5.0905140625000000e+04
   1.4709999999999999e+02   5.9731162109375000e+03
   1.4790000000000001e+02   1.5956726074218800e+01
   1.4809999999999999e+02   8.7956109619140602e+02
   1.4819999999999999e+02   1.0851585388183599e+02
   1.4890000000000001e+02   2.3910030364990199e+01
   1.4909999999999999e+02   4.9114574432372997e+01
   1.5319999999999999e+02   2.0852771759033200e+01
   1.5400000000000000e+02   1.0067930603027300e+02
   1.5409999999999999e+02   4.1032913208007798e+01
   1.5490000000000001e+02   4.1497833251953097e+01
   1.5509999999999999e+02   4.6297321319580099e+01
   1.5600000000000000e+02   1.8255844116210901e+02
   1.5609999999999999e+02   2.8170779418945301e+02
   1.5680000000000001e+02   2.8728660583496101e+01
   1.5700000000000000e+02   8.4024986267089801e+01
   1.5709999999999999e+02   2.3225167846679699e+02
   1.5719999999999999e+02   4.5920303344726598e+01
   1.5800000000000000e+02   2.1169545898437500e+03
   1.5809999999999999e+02   5.4797625732421898e+02
   1.5909999999999999e+02   1.7655627441406300e+03
   1.6009999999999999e+02   2.8264897460937500e+03
   1.6080000000000001e+02   1.1730954170227101e+01
   1.6100000000000000e+02   3.3244055175781301e+02
   1.6109999999999999e+02   1.6216427612304699e+02
   1.6200000000000000e+02   7.6844238281250000e+01
   1.6219999999999999e+02   4.1784881591796903e+01
   1.6300000000000000e+02   9.7861717224121094e+01
   1.6309999999999999e+02   4.3862234497070301e+02
   1.6400000000000000e+02   3.0899710083007801e+02
   1.6409999999999999e+02   1.1514299774169901e+02
   1.6419999999999999e+02   4.8214023590087898e+01
   1.6490000000000001e+02   2.5952911376953100e+01
   1.6509999999999999e+02   4.0215614318847699e+01
   1.6519999999999999e+02   2.4318077087402301e+01
   1.6680000000000001e+02   9.9559879302978498e+00
   1.6700000000000000e+02   2.2585517883300799e+01
   1.6709999999999999e+02   1.1494794845581101e+01
   1.6790000000000001e+02   9.9334745407104492e+00
   1.6800000000000000e+02   2.8771312713623001e+01
   1.6809999999999999e+02   2.2148963928222699e+01
   1.6890000000000001e+02   1.0670471191406300e+01
   1.6980000000000001e+02   2.7043670654296900e+01
   1.7000000000000000e+02   1.0238864898681599e+02
   1.7019999999999999e+02   2.4876407623291001e+01
   1.7100000000000000e+02   3.4184864044189503e+01
   1.7109999999999999e+02   6.5431205749511705e+01
   1.7190000000000001e+02   1.0063901901245099e+01
   1.7200000000000000e+02   2.0894248962402301e+02
   1.7209999999999999e+02   2.8315942382812500e+02
   1.7290000000000001e+02   1.2767964363098100e+01
   1.7309999999999999e+02   4.7406454467773398e+02
   1.7319999999999999e+02   4.3824928283691399e+01
   1.7400000000000000e+02   7.3432434082031307e+01
   1.7409999999999999e+02   7.3493339538574205e+01
   1.7490000000000001e+02   2.5293857574462901e+01
   1.7500000000000000e+02   1.2073573112487800e+01
   1.7590000000000001e+02   1.0098384857177701e+01
   1.7600000000000000e+02   1.7764591217041001e+01
   1.7990000000000001e+02   1.1644967079162599e+01
   1.8190000000000001e+02   2.8280527114868200e+01
   1.8200000000000000e+02   5.2246849060058601e+01
   1.8209999999999999e+02   6.1791202545166001e+01
   1.8290000000000001e+02   2.3556274414062500e+01
   1.8309999999999999e+02   2.0927568435668899e+01
   1.8400000000000000e+02   2.5153347778320301e+02
   1.8409999999999999e+02   9.0830383300781295e+02
   1.8500000000000000e+02   5.6431503295898402e+01
   1.8509999999999999e+02   7.5434442138671898e+02
   1.8609999999999999e+02   2.9648054199218800e+03
   1.8700000000000000e+02   1.1154203796386700e+02
   1.8709999999999999e+02   2.8059497070312500e+03
   1.8809999999999999e+02   5.3135522460937500e+03
   1.8909999999999999e+02   3.1099978515625000e+04
   1.9009999999999999e+02   2.7587145996093800e+03
   1.9009999999999999e+02   1.4587199707031300e+03
   1.9100000000000000e+02   1.9009533691406301e+02
   1.9119999999999999e+02   1.0394437408447300e+02
   1.9900000000000000e+02   2.6301284790039102e+01
   1.9990000000000001e+02   1.8466873168945298e+01
   2.0009999999999999e+02   7.3444107055664105e+01
   2.0080000000000001e+02   1.6487655639648398e+01
   2.0109999999999999e+02   1.2632059097290000e+01
   2.0390000000000001e+02   2.6145923614501999e+01
   2.0409999999999999e+02   1.2939198493957500e+01
   2.0990000000000001e+02   1.0267376899719199e+01
   2.1090000000000001e+02   4.1786125183105497e+01
   2.1109999999999999e+02   3.4595523834228501e+01
   2.1380000000000001e+02   1.4983897209167500e+01
   2.1400000000000000e+02   2.6636970520019499e+01
   2.1480000000000001e+02   1.3277015686035199e+02
   2.1490000000000001e+02   2.8392333984375000e+01
   2.1519999999999999e+02   1.5184981346130400e+01
   2.1609999999999999e+02   4.8879584960937500e+03
   2.1690000000000001e+02   1.3081597900390599e+02
   2.1709999999999999e+02   5.0666107177734398e+02
   2.1719999999999999e+02   2.4295654296875000e+02
   2.1800000000000000e+02   3.1232086181640600e+01
   2.1809999999999999e+02   1.0424714088439901e+01
   2.1819999999999999e+02   1.7283561706543001e+01
   2.1890000000000001e+02   2.8239971160888700e+01
   2.1900000000000000e+02   1.6326896667480501e+01
   2.2900000000000000e+02   1.1450040435791000e+02
   2.2919999999999999e+02   2.6515724182128899e+01
   2.3000000000000000e+02   6.3192218780517599e+01
   2.3009999999999999e+02   4.6904266357421898e+02
   2.3019999999999999e+02   4.8827064514160199e+01
   2.3109999999999999e+02   1.2971047973632801e+02
   2.3109999999999999e+02   8.1026206970214801e+01
   2.3280000000000001e+02   2.1626209259033200e+01
   2.3300000000000000e+02   4.6527881622314503e+01
   2.3309999999999999e+02   4.8487140655517599e+01
   2.3700000000000000e+02   9.2701171875000000e+01
   2.4090000000000001e+02   1.4305546760559100e+01
   2.4109999999999999e+02   1.5904085159301800e+01
   2.4319999999999999e+02   2.1993789672851602e+01
   2.5119999999999999e+02   1.0749304771423301e+01
   2.5130000000000001e+02   2.1619464874267599e+01
   2.5550000000000000e+02   1.4527567863464400e+01
   2.5569999999999999e+02   9.8631687164306605e+00
   2.5580000000000001e+02   1.1028806686401399e+01
   2.5680000000000001e+02   2.8063125610351602e+01
   2.5700000000000000e+02   7.1951263427734403e+01
   2.5710000000000002e+02   3.2293449401855497e+01
   2.5719999999999999e+02   1.2492930603027300e+02
   2.5739999999999998e+02   1.2561730194091800e+02
   2.5780000000000001e+02   3.1114423751831101e+01
   2.5800000000000000e+02   6.2895290374755902e+01
   2.5810000000000002e+02   3.1788983154296898e+02
   2.5819999999999999e+02   1.9172431945800801e+02
   2.5919999999999999e+02   8.3070085937500000e+04
   2.6019999999999999e+02   1.5303328125000000e+04
   2.6110000000000002e+02   2.0177529907226599e+02
   2.6119999999999999e+02   1.2955308837890600e+03
   2.6200000000000000e+02   3.5347694396972699e+01
   2.6210000000000002e+02   1.1598090171814000e+01
   2.7910000000000002e+02   1.3835728454589801e+02
   2.7919999999999999e+02   1.3599040222168000e+02
   2.8019999999999999e+02   1.2377561569213899e+01
   2.9300000000000000e+02   3.6958780288696298e+00
   3.0719999999999999e+02   2.3364105224609400e+01
   3.2110000000000002e+02   1.0106764793396000e+01
   3.4819999999999999e+02   7.2602127075195298e+01
   3.4830000000000001e+02   6.2864448547363303e+01
   3.5039999999999998e+02   2.3267251968383800e+01
