   4.0000000000000000e+01   1.2652853393554700e+02
   4.1000000000000000e+01   3.8106669921875000e+03
   4.2100000000000001e+01   1.7148279296875000e+04
   4.3100000000000001e+01   2.2598869140625000e+04
   4.4000000000000000e+01   8.0952255859375000e+03
   4.4899999999999999e+01   1.7623155593872099e+01
   4.5000000000000000e+01   2.2192570495605500e+02
   4.5600000000000001e+01   8.7626075744628906e+00
   4.9100000000000001e+01   2.2780824661254901e+01
   4.9899999999999999e+01   4.4182609558105497e+01
   5.0000000000000000e+01   7.5182501220703102e+02
   5.0100000000000001e+01   1.1855171203613301e+01
   5.0899999999999999e+01   4.6473484039306598e+01
   5.1000000000000000e+01   3.1235241699218800e+03
   5.2000000000000000e+01   7.6551226806640602e+02
   5.2100000000000001e+01   1.2565350341796901e+02
   5.3000000000000000e+01   9.6401440429687500e+02
   5.3100000000000001e+01   1.4513442993164099e+02
   5.4000000000000000e+01   7.8426385498046898e+02
   5.4100000000000001e+01   7.3983868408203102e+02
   5.5000000000000000e+01   2.5849660644531300e+03
   5.6000000000000000e+01   1.2183642578125000e+03
   5.6100000000000001e+01   1.1695505371093800e+03
   5.7000000000000000e+01   1.3757490234375000e+03
   5.7899999999999999e+01   1.0667392730712901e+02
   5.8000000000000000e+01   1.3355166625976599e+02
   5.8799999999999997e+01   1.7136663436889599e+01
   5.9000000000000000e+01   1.6767654418945298e+01
   5.9100000000000001e+01   7.5700454711914105e+01
   6.0899999999999999e+01   3.2943679809570298e+01
   6.1100000000000001e+01   2.3058958053588899e+01
   6.1899999999999999e+01   1.4388110351562500e+02
   6.2000000000000000e+01   1.5859751892089801e+02
   6.2100000000000001e+01   1.5046499252319300e+01
   6.2299999999999997e+01   9.6650562286377006e+00
   6.2899999999999999e+01   3.1135522842407202e+01
   6.3000000000000000e+01   1.5104946289062500e+03
   6.3799999999999997e+01   3.0191284179687500e+01
   6.3899999999999999e+01   3.4599865722656301e+02
   6.4000000000000000e+01   5.8702032470703102e+02
   6.4099999999999994e+01   2.9105737686157202e+01
   6.5000000000000000e+01   7.5968618164062500e+03
   6.6000000000000000e+01   1.3599105224609400e+03
   6.6900000000000006e+01   3.4151031494140597e+01
   6.7000000000000000e+01   2.8480815429687500e+03
   6.8000000000000000e+01   3.1279755859375000e+03
   6.9000000000000000e+01   3.1522463989257801e+02
   6.9099999999999994e+01   2.2576958007812500e+03
   7.0099999999999994e+01   4.0613220214843800e+03
   7.1000000000000000e+01   3.4718786621093801e+02
   7.1099999999999994e+01   1.1710703277587901e+02
   7.1799999999999997e+01   2.5871822357177699e+01
   7.2000000000000000e+01   1.5687129211425801e+02
   7.2099999999999994e+01   3.5353355407714801e+01
   7.2200000000000003e+01   8.9794130325317401e+00
   7.3000000000000000e+01   1.1361579895019500e+02
   7.3099999999999994e+01   3.7960872650146499e+01
   7.3799999999999997e+01   2.3925420761108398e+01
   7.4000000000000000e+01   3.3962380981445301e+02
   7.4099999999999994e+01   8.7927322387695295e+00
   7.4799999999999997e+01   5.1840877532958999e+01
   7.5000000000000000e+01   3.2815802001953102e+02
   7.5099999999999994e+01   7.2604553222656307e+01
   7.5900000000000006e+01   3.0718618774414102e+02
   7.6099999999999994e+01   7.0042620849609398e+02
   7.7000000000000000e+01   2.0022285156250000e+04
   7.8000000000000000e+01   4.0721628417968800e+03
   7.9000000000000000e+01   6.1587431640625000e+03
   7.9900000000000006e+01   7.5138160705566406e+01
   8.0000000000000000e+01   1.4583831787109400e+03
   8.0799999999999997e+01   1.6434240341186499e+01
   8.1000000000000000e+01   6.6802520751953102e+02
   8.1099999999999994e+01   2.0786321640014599e+01
   8.2000000000000000e+01   2.5968703613281300e+03
   8.2900000000000006e+01   5.4949352264404297e+01
   8.3000000000000000e+01   5.2445501708984398e+02
   8.3099999999999994e+01   2.9647438049316399e+01
   8.4000000000000000e+01   5.7014227294921898e+02
   8.4099999999999994e+01   2.4933135986328099e+02
   8.5000000000000000e+01   1.1978202056884800e+02
   8.5200000000000003e+01   3.4448131561279297e+01
   8.5900000000000006e+01   7.3500846862792997e+01
   8.6000000000000000e+01   1.4853111267089799e+01
   8.6099999999999994e+01   1.3800267028808599e+02
   8.6200000000000003e+01   8.1604051589965803e+00
   8.6599999999999994e+01   8.0879783630371094e+00
   8.6799999999999997e+01   1.6963237762451200e+01
   8.7000000000000000e+01   2.4127843856811499e+01
   8.7099999999999994e+01   5.1032360076904297e+01
   8.7799999999999997e+01   2.6414001464843800e+01
   8.8799999999999997e+01   3.8260093688964801e+01
   8.9000000000000000e+01   1.5438242187500000e+03
   8.9900000000000006e+01   1.4132228088378901e+02
   9.0099999999999994e+01   1.2332418212890600e+03
   9.1000000000000000e+01   2.7560378906250000e+04
   9.2000000000000000e+01   3.5812739257812500e+03
   9.3000000000000000e+01   4.6774672851562500e+03
   9.4099999999999994e+01   3.2935598144531300e+03
   9.5000000000000000e+01   1.0913070068359400e+03
   9.5099999999999994e+01   8.8104656982421898e+02
   9.6099999999999994e+01   1.1581547851562500e+04
   9.6900000000000006e+01   9.2065612792968807e+01
   9.7000000000000000e+01   1.4577299804687500e+03
   9.8000000000000000e+01   1.0175408172607401e+02
   9.8099999999999994e+01   5.0386508178710898e+02
   9.8200000000000003e+01   4.5590469360351598e+01
   9.8900000000000006e+01   9.9555330276489293e+00
   9.9099999999999994e+01   1.1741912841796900e+01
   9.9200000000000003e+01   9.1925029754638707e+00
   9.9700000000000003e+01   9.4267196655273402e+00
   1.0090000000000001e+02   9.8088703155517596e+00
   1.0109999999999999e+02   7.6339378356933594e+01
   1.0190000000000001e+02   2.4711575317382801e+02
   1.0209999999999999e+02   5.4153948974609398e+02
   1.0300000000000000e+02   2.8794689941406300e+03
   1.0309999999999999e+02   3.1339538574218800e+03
   1.0400000000000000e+02   8.4118066406250000e+03
   1.0509999999999999e+02   1.7316337890625000e+04
   1.0590000000000001e+02   5.7539184570312500e+01
   1.0600000000000000e+02   4.2050483398437500e+03
   1.0700000000000000e+02   2.1940422058105500e+02
   1.0709999999999999e+02   2.0110089111328099e+02
   1.0790000000000001e+02   1.7500314331054699e+02
   1.0800000000000000e+02   2.2041639709472699e+02
   1.0820000000000000e+02   1.8504714965820298e+01
   1.0880000000000000e+02   1.3517767906189000e+01
   1.0890000000000001e+02   1.2530992889404300e+02
   1.0900000000000000e+02   1.7966397094726599e+02
   1.0980000000000000e+02   2.6362617492675799e+01
   1.1000000000000000e+02   1.7683988952636699e+02
   1.1009999999999999e+02   4.0904223632812500e+02
   1.1020000000000000e+02   5.5758960723877003e+01
   1.1080000000000000e+02   3.7613430023193402e+01
   1.1100000000000000e+02   1.6407174682617199e+02
   1.1109999999999999e+02   1.2198737144470201e+01
   1.1200000000000000e+02   5.3112560272216797e+01
   1.1409999999999999e+02   8.2236471176147496e+00
   1.1500000000000000e+02   1.0574771728515600e+03
   1.1509999999999999e+02   1.0807672119140599e+02
   1.1580000000000000e+02   8.7834190368652301e+01
   1.1600000000000000e+02   2.3565141296386699e+02
   1.1609999999999999e+02   3.6122842407226602e+02
   1.1700000000000000e+02   4.3276528320312500e+03
   1.1809999999999999e+02   1.1315773437500000e+04
   1.1890000000000001e+02   2.5426324844360401e+01
   1.1900000000000000e+02   1.7685308837890600e+03
   1.1909999999999999e+02   6.2518200683593795e+02
   1.1990000000000001e+02   1.1119621276855500e+02
   1.2000000000000000e+02   8.9998870849609398e+02
   1.2020000000000000e+02   6.8053245544433594e+01
   1.2090000000000001e+02   3.7808311462402301e+01
   1.2109999999999999e+02   3.9722686767578097e+01
   1.2190000000000001e+02   2.0836271286010700e+01
   1.2200000000000000e+02   1.0118437194824200e+02
   1.2220000000000000e+02   1.7490211486816399e+01
   1.2290000000000001e+02   2.1599727630615199e+01
   1.2309999999999999e+02   3.9156974792480497e+01
   1.2390000000000001e+02   1.9857116699218800e+01
   1.2400000000000000e+02   1.3402772521972699e+02
   1.2490000000000001e+02   1.1310316085815399e+01
   1.2500000000000000e+02   9.0236177444458008e+00
   1.2590000000000001e+02   8.3740816116333008e+00
   1.2600000000000000e+02   6.9066352844238295e+01
   1.2609999999999999e+02   4.4461578369140597e+01
   1.2680000000000000e+02   1.2404223442077599e+01
   1.2700000000000000e+02   1.3016287231445301e+02
   1.2780000000000000e+02   3.5660774230957003e+01
   1.2790000000000001e+02   6.5398239135742202e+01
   1.2800000000000000e+02   3.3144906616210898e+02
   1.2890000000000001e+02   3.0530633926391602e+01
   1.2900000000000000e+02   3.1505691528320301e+02
   1.2909999999999999e+02   2.2804391479492199e+02
   1.3000000000000000e+02   8.6711494140625000e+03
   1.3090000000000001e+02   5.9982685089111300e+01
   1.3100000000000000e+02   4.5923149414062500e+03
   1.3119999999999999e+02   5.4571544647216797e+01
   1.3209999999999999e+02   1.1743241210937500e+04
   1.3290000000000001e+02   2.5024696350097699e+01
   1.3300000000000000e+02   1.6507021484375000e+03
   1.3309999999999999e+02   3.8876567840576200e+01
   1.3380000000000001e+02   8.7136058807372994e+00
   1.3400000000000000e+02   2.5966967773437500e+02
   1.3409999999999999e+02   5.0070025634765602e+02
   1.3490000000000001e+02   2.4328387451171901e+02
   1.3509999999999999e+02   3.4205804443359398e+02
   1.3600000000000000e+02   4.2516934204101602e+02
   1.3609999999999999e+02   2.4339674377441401e+02
   1.3630000000000001e+02   1.0932574272155801e+01
   1.3700000000000000e+02   2.2262141418457000e+02
   1.3790000000000001e+02   3.9330963134765597e+01
   1.3800000000000000e+02   4.5032054901122997e+01
   1.3880000000000001e+02   5.7817068099975604e+00
   1.3890000000000001e+02   1.2866792297363301e+02
   1.3909999999999999e+02   2.4952166748046901e+02
   1.3919999999999999e+02   6.1901985168457003e+01
   1.3980000000000001e+02   1.0728270530700700e+01
   1.4069999999999999e+02   7.9902896881103498e+00
   1.4090000000000001e+02   3.1895828247070298e+01
   1.4100000000000000e+02   2.3437103271484400e+01
   1.4109999999999999e+02   2.1180091857910199e+01
   1.4200000000000000e+02   1.0457472991943401e+02
   1.4209999999999999e+02   2.1510457992553700e+01
   1.4280000000000001e+02   1.3309031486511200e+01
   1.4300000000000000e+02   2.3166699218750000e+02
   1.4309999999999999e+02   2.5691137695312500e+02
   1.4390000000000001e+02   2.9530048370361300e+01
   1.4409999999999999e+02   1.8936907958984400e+03
   1.4490000000000001e+02   8.6517967224121094e+01
   1.4509999999999999e+02   1.5796407470703100e+03
   1.4519999999999999e+02   6.9594635009765597e+01
   1.4609999999999999e+02   4.4582656250000000e+04
   1.4709999999999999e+02   5.5307998046875000e+03
   1.4790000000000001e+02   3.5875320434570298e+01
   1.4809999999999999e+02   7.6193231201171898e+02
   1.4880000000000001e+02   1.8758724212646499e+01
   1.4890000000000001e+02   1.2069706916809100e+01
   1.4909999999999999e+02   6.8813949584960895e+01
   1.5000000000000000e+02   3.8845779418945298e+01
   1.5009999999999999e+02   5.2794151306152301e+01
   1.5090000000000001e+02   6.2690036773681598e+01
   1.5109999999999999e+02   1.5661968994140599e+02
   1.5169999999999999e+02   8.4325103759765607e+00
   1.5190000000000001e+02   1.9411907196044901e+01
   1.5209999999999999e+02   5.5845588684082003e+01
   1.5290000000000001e+02   2.2765930175781300e+01
   1.5309999999999999e+02   9.1878814697265607e+00
   1.5400000000000000e+02   3.6041873931884801e+01
   1.5490000000000001e+02   3.9279529571533203e+01
   1.5500000000000000e+02   4.6511821746826200e+01
   1.5590000000000001e+02   3.7033985137939503e+01
   1.5600000000000000e+02   1.9490072631835901e+02
   1.5609999999999999e+02   1.2452536773681599e+02
   1.5690000000000001e+02   6.5622154235839801e+01
   1.5700000000000000e+02   3.0942007446289102e+02
   1.5709999999999999e+02   5.8734283447265597e+01
   1.5800000000000000e+02   2.1134196777343800e+03
   1.5809999999999999e+02   4.0666027832031300e+03
   1.5900000000000000e+02   4.7955529785156301e+02
   1.5909999999999999e+02   1.1502309570312500e+03
   1.5990000000000001e+02   2.3066297531127901e+01
   1.6009999999999999e+02   1.8532875976562500e+03
   1.6090000000000001e+02   7.6259544372558594e+01
   1.6109999999999999e+02   2.6144613647460898e+02
   1.6209999999999999e+02   1.2899979591369600e+01
   1.6300000000000000e+02   8.6472206115722692e+00
   1.6500000000000000e+02   4.2221691131591797e+01
   1.6669999999999999e+02   3.1006494522094702e+01
   1.6690000000000001e+02   7.2548278808593807e+01
   1.6700000000000000e+02   9.6874179840087908e+00
   1.6719999999999999e+02   2.0064992904663100e+01
   1.6780000000000001e+02   1.2462364196777299e+01
   1.6809999999999999e+02   3.7652576446533203e+01
   1.7000000000000000e+02   8.8948509216308594e+01
   1.7009999999999999e+02   7.2248802185058594e+01
   1.7090000000000001e+02   8.7200241088867202e+01
   1.7109999999999999e+02   4.9393058776855497e+01
   1.7180000000000001e+02   7.6972686767578097e+01
   1.7200000000000000e+02   1.0581927490234401e+02
   1.7209999999999999e+02   2.6830194091796898e+02
   1.7219999999999999e+02   3.1581384658813501e+01
   1.7300000000000000e+02   6.1989727783203102e+02
   1.7309999999999999e+02   2.0407304382324199e+02
   1.7390000000000001e+02   6.4044128417968807e+01
   1.7400000000000000e+02   9.5925979614257798e+01
   1.7480000000000001e+02   3.6573604583740199e+01
   1.7490000000000001e+02   3.4126211547851602e+02
   1.7590000000000001e+02   2.3086410522460898e+01
   1.7690000000000001e+02   1.4888089179992701e+01
   1.8109999999999999e+02   1.1558018684387200e+01
   1.8200000000000000e+02   6.2393848419189503e+01
   1.8219999999999999e+02   4.6009700775146499e+01
   1.8319999999999999e+02   1.9247840881347699e+01
   1.8390000000000001e+02   3.4612640380859403e+01
   1.8400000000000000e+02   8.0142785644531295e+02
   1.8409999999999999e+02   1.7488652038574199e+02
   1.8480000000000001e+02   1.1471142768859901e+01
   1.8500000000000000e+02   4.5214346313476602e+02
   1.8509999999999999e+02   2.1902458190918000e+02
   1.8519999999999999e+02   5.4618144989013700e+01
   1.8600000000000000e+02   7.0992138671875000e+02
   1.8609999999999999e+02   1.4345770263671900e+03
   1.8709999999999999e+02   1.4374564208984400e+03
   1.8719999999999999e+02   6.4629376220703102e+02
   1.8809999999999999e+02   2.8904384765625000e+04
   1.8909999999999999e+02   1.3454372070312500e+04
   1.8990000000000001e+02   4.3399448394775398e+01
   1.9009999999999999e+02   1.3633808593750000e+03
   1.9019999999999999e+02   3.0589138793945301e+02
   1.9080000000000001e+02   1.9202407836914102e+01
   1.9090000000000001e+02   1.2350559234619100e+01
   1.9109999999999999e+02   2.9946928024291999e+01
   1.9490000000000001e+02   1.0300757408142101e+01
   1.9790000000000001e+02   8.3396558761596697e+00
   2.0200000000000000e+02   1.0803849792480500e+02
   2.0209999999999999e+02   6.6159942626953102e+02
   2.0300000000000000e+02   1.1625002861022899e+01
   2.0309999999999999e+02   3.4742851257324197e+01
   2.0330000000000001e+02   9.7905216217040998e+00
   2.0700000000000000e+02   2.1867958068847699e+01
   2.0709999999999999e+02   9.9966611862182599e+00
   2.1080000000000001e+02   7.7830200195312500e+00
   2.1100000000000000e+02   2.4173145294189499e+01
   2.1309999999999999e+02   1.0562573432922401e+01
   2.1490000000000001e+02   1.2341709136962901e+02
   2.1490000000000001e+02   8.8051284790039105e+01
   2.1509999999999999e+02   7.7321800231933594e+01
   2.1600000000000000e+02   3.0491043090820298e+01
   2.1609999999999999e+02   8.2989749908447301e+00
   2.1690000000000001e+02   8.6843328475952095e+00
   2.1869999999999999e+02   8.2673110961914098e+00
   2.1890000000000001e+02   3.4266586303710902e+01
   2.1909999999999999e+02   2.5373977661132798e+01
   2.2600000000000000e+02   8.1332283020019496e+00
   2.2800000000000000e+02   1.8275850296020501e+01
   2.2809999999999999e+02   1.1726276397705099e+01
   2.2830000000000001e+02   2.0481792449951200e+01
   2.2859999999999999e+02   1.3890376091003400e+01
   2.2880000000000001e+02   6.0225124359130902e+01
   2.2900000000000000e+02   3.9823223114013700e+01
   2.2909999999999999e+02   9.2871002197265597e+01
   2.2919999999999999e+02   3.2527622222900398e+01
   2.2959999999999999e+02   4.1558032989502003e+01
   2.3000000000000000e+02   3.3843162536621101e+01
   2.3009999999999999e+02   5.4581524658203102e+02
   2.3119999999999999e+02   8.6453804687500000e+04
   2.3219999999999999e+02   1.3505466796875000e+04
   2.3300000000000000e+02   4.1802566528320298e+01
   2.3309999999999999e+02   1.2090506591796900e+03
   2.3330000000000001e+02   2.1158309936523398e+01
   2.3400000000000000e+02   4.4111114501953097e+01
   2.3409999999999999e+02   1.5474970817565900e+01
   2.3680000000000001e+02   4.7176879882812500e+01
   2.3709999999999999e+02   2.4604797363281300e+01
   2.5109999999999999e+02   2.1797784805297901e+01
   2.5119999999999999e+02   9.4219493865966797e+00
   2.5130000000000001e+02   1.3362607002258301e+01
   2.7910000000000002e+02   1.0468347930908200e+02
   2.7919999999999999e+02   4.3574352264404297e+01
   2.8189999999999998e+02   8.0208864212036097e+00
   2.8300000000000000e+02   1.7245319366455099e+01
   3.1980000000000001e+02   9.2843742370605504e+00
   3.2000000000000000e+02   6.6315193176269503e+01
   3.2019999999999999e+02   1.1448488616943401e+02
   3.2119999999999999e+02   9.6638078689575195e+00
   3.2139999999999998e+02   9.6282072067260707e+00
   3.2339999999999998e+02   9.2271947860717791e+00
   3.5400000000000000e+02   1.1818384170532200e+01
