   4.0100000000000001e+01   1.8047399902343801e+02
   4.1100000000000001e+01   1.0438339843750000e+04
   4.2100000000000001e+01   1.2415544921875000e+04
   4.3000000000000000e+01   2.3921372070312500e+03
   4.4000000000000000e+01   5.5972070312500000e+03
   4.5000000000000000e+01   8.8986061096191406e+01
   4.5100000000000001e+01   1.4636060714721699e+01
   4.9899999999999999e+01   2.1286859130859401e+02
   5.0000000000000000e+01   3.2919329833984398e+02
   5.1000000000000000e+01   1.9617562255859400e+03
   5.1899999999999999e+01   3.4118469238281301e+02
   5.2100000000000001e+01   3.0584970092773398e+02
   5.2799999999999997e+01   2.3289039611816399e+01
   5.3000000000000000e+01   8.3208709716796898e+02
   5.3100000000000001e+01   1.9745471191406301e+02
   5.3799999999999997e+01   2.0309482574462901e+01
   5.4000000000000000e+01   9.8173864746093795e+02
   5.4100000000000001e+01   1.2626148986816401e+02
   5.5100000000000001e+01   4.8795229492187500e+03
   5.6000000000000000e+01   2.1768357849121099e+02
   5.6100000000000001e+01   2.3771879882812500e+03
   5.7100000000000001e+01   1.9227367187500000e+04
   5.7899999999999999e+01   3.4369297027587898e+01
   5.8100000000000001e+01   1.0314417724609400e+03
   5.8799999999999997e+01   2.6512939453125000e+01
   5.8899999999999999e+01   7.9503608703613295e+01
   5.9000000000000000e+01   1.4509736633300801e+02
   6.0899999999999999e+01   1.3246479988098100e+01
   6.1899999999999999e+01   8.4418075561523395e+01
   6.2000000000000000e+01   1.0674599456787099e+02
   6.2100000000000001e+01   1.4337169647216800e+01
   6.2899999999999999e+01   3.2024816894531301e+02
   6.3000000000000000e+01   6.3255102539062500e+02
   6.3100000000000001e+01   2.2325681686401399e+01
   6.3899999999999999e+01   2.8746258544921898e+02
   6.4000000000000000e+01   2.9736660766601602e+02
   6.4099999999999994e+01   6.0315143585205099e+01
   6.5000000000000000e+01   4.6576098632812500e+03
   6.5900000000000006e+01   2.4002212524414099e+02
   6.6000000000000000e+01   6.4487786865234398e+02
   6.7000000000000000e+01   1.9767020263671900e+03
   6.8000000000000000e+01   6.6163398742675795e+01
   6.8099999999999994e+01   2.8478764648437500e+03
   6.9000000000000000e+01   7.5368750000000000e+02
   6.9099999999999994e+01   2.0164783935546900e+03
   7.0099999999999994e+01   4.8781250000000000e+03
   7.1000000000000000e+01   2.5540188598632801e+02
   7.1099999999999994e+01   2.3917297363281301e+02
   7.1200000000000003e+01   5.8948638916015597e+01
   7.1900000000000006e+01   1.0910451889038100e+01
   7.2799999999999997e+01   3.1351346969604499e+01
   7.3000000000000000e+01   6.4240798950195298e+01
   7.3200000000000003e+01   9.7387876510620099e+00
   7.3900000000000006e+01   1.5169486045837401e+01
   7.4000000000000000e+01   1.0924237060546901e+02
   7.4099999999999994e+01   1.8400650024414102e+01
   7.4900000000000006e+01   1.2618616485595700e+02
   7.5000000000000000e+01   1.0588724517822300e+02
   7.5099999999999994e+01   6.0427993774414098e+01
   7.5900000000000006e+01   1.5233434677124000e+01
   7.6000000000000000e+01   2.6721087646484398e+02
   7.6099999999999994e+01   3.7677380371093801e+02
   7.6299999999999997e+01   1.6570774078369102e+01
   7.7000000000000000e+01   1.3873373046875000e+04
   7.8000000000000000e+01   2.8473549804687500e+03
   7.8099999999999994e+01   4.7123130798339801e+01
   7.9000000000000000e+01   4.6416884765625000e+03
   7.9900000000000006e+01   6.2468254089355497e+01
   8.0000000000000000e+01   1.1196960449218800e+03
   8.0900000000000006e+01   7.3990829467773395e+01
   8.1000000000000000e+01   4.6474600219726602e+02
   8.1099999999999994e+01   7.0050033569335895e+01
   8.2000000000000000e+01   2.6105520019531300e+03
   8.3000000000000000e+01   3.8766290283203102e+02
   8.3099999999999994e+01   4.9251724243164102e+02
   8.3900000000000006e+01   2.1896038055419901e+01
   8.4099999999999994e+01   1.3468206787109400e+03
   8.5099999999999994e+01   7.8608876953125000e+03
   8.5900000000000006e+01   4.6683261871337898e+01
   8.6000000000000000e+01   4.3560696411132801e+02
   8.7200000000000003e+01   8.9868803024291992e+00
   8.9000000000000000e+01   1.2423063964843800e+03
   8.9799999999999997e+01   9.2581577301025408e+00
   9.0000000000000000e+01   1.9904957580566401e+02
   9.0099999999999994e+01   6.6462683105468795e+02
   9.1000000000000000e+01   2.0843312500000000e+04
   9.2000000000000000e+01   3.2537006835937500e+03
   9.3000000000000000e+01   6.0797036132812500e+03
   9.4099999999999994e+01   3.4579118652343800e+03
   9.5099999999999994e+01   2.0159340820312500e+03
   9.5200000000000003e+01   3.6314151763916001e+01
   9.6099999999999994e+01   1.2354719726562500e+04
   9.7000000000000000e+01   1.5303276062011699e+02
   9.7099999999999994e+01   1.9720997314453100e+03
   9.8000000000000000e+01   2.7316766357421898e+02
   9.8099999999999994e+01   5.0614270019531301e+02
   9.9099999999999994e+01   1.1764122009277299e+01
   1.0070000000000000e+02   1.2360141754150400e+01
   1.0080000000000000e+02   1.5927703857421900e+01
   1.0100000000000000e+02   9.0751197814941406e+01
   1.0109999999999999e+02   9.8491744995117202e+01
   1.0150000000000000e+02   1.5151558876037599e+01
   1.0180000000000000e+02   5.7751613616943402e+01
   1.0200000000000000e+02   1.3311674499511699e+02
   1.0209999999999999e+02   4.3135580444335898e+02
   1.0300000000000000e+02   4.8415668945312500e+03
   1.0400000000000000e+02   7.5182299804687500e+03
   1.0509999999999999e+02   1.9274904296875000e+04
   1.0590000000000001e+02   7.2665817260742202e+01
   1.0600000000000000e+02   3.2794313964843800e+03
   1.0700000000000000e+02   1.6105374145507801e+02
   1.0709999999999999e+02   2.7159365844726602e+02
   1.0790000000000001e+02   1.1330257415771500e+02
   1.0809999999999999e+02   1.2360219573974599e+02
   1.0880000000000000e+02   3.1234418869018601e+01
   1.0890000000000001e+02   9.5475799560546903e+01
   1.0920000000000000e+02   1.5106193542480501e+01
   1.1000000000000000e+02   5.9203544616699197e+01
   1.1100000000000000e+02   2.9268257141113299e+01
   1.1109999999999999e+02   1.5831884765625000e+02
   1.1190000000000001e+02   4.8388336181640597e+01
   1.1209999999999999e+02   4.1120872497558601e+01
   1.1230000000000000e+02   1.4184382438659700e+01
   1.1300000000000000e+02   4.3782260894775398e+01
   1.1309999999999999e+02   5.3080837249755902e+01
   1.1390000000000001e+02   2.5868629455566399e+01
   1.1420000000000000e+02   2.4392520904541001e+01
   1.1490000000000001e+02   9.4879470825195298e+01
   1.1500000000000000e+02   8.3255914306640602e+02
   1.1520000000000000e+02   2.6774604797363299e+01
   1.1580000000000000e+02   1.0493758201599100e+01
   1.1590000000000001e+02   5.3589500427246101e+01
   1.1600000000000000e+02   5.1261846923828102e+02
   1.1690000000000001e+02   6.5946556091308594e+01
   1.1700000000000000e+02   2.9126877441406300e+03
   1.1720000000000000e+02   4.0757026672363303e+01
   1.1809999999999999e+02   6.9562124023437500e+03
   1.1890000000000001e+02   5.6364734649658203e+01
   1.1900000000000000e+02   3.0407561035156300e+03
   1.1990000000000001e+02   4.5691505432128899e+01
   1.2000000000000000e+02   1.4305104980468800e+03
   1.2090000000000001e+02   4.6230606079101598e+01
   1.2109999999999999e+02   6.3062385559082003e+01
   1.2190000000000001e+02   1.6390108108520501e+01
   1.2220000000000000e+02   9.2355184555053693e+00
   1.2300000000000000e+02   9.4253540039062500e+00
   1.2690000000000001e+02   5.9481727600097699e+01
   1.2709999999999999e+02   2.5600996017456101e+01
   1.2720000000000000e+02   1.3813632965087900e+01
   1.2770000000000000e+02   1.9633728027343800e+01
   1.2790000000000001e+02   4.8213901519775398e+01
   1.2800000000000000e+02   2.0188873291015599e+02
   1.2809999999999999e+02   9.4123863220214801e+01
   1.2830000000000001e+02   2.8920417785644499e+01
   1.2880000000000001e+02   3.3844497680664098e+01
   1.2900000000000000e+02   3.1996255493164102e+02
   1.2909999999999999e+02   2.4874609375000000e+02
   1.3000000000000000e+02   8.7214814453125000e+03
   1.3090000000000001e+02   5.8875396728515597e+01
   1.3109999999999999e+02   5.2701303710937500e+03
   1.3209999999999999e+02   9.6439921875000000e+03
   1.3300000000000000e+02   1.4056877441406300e+03
   1.3309999999999999e+02   2.1240187072753901e+02
   1.3400000000000000e+02   4.8919790649414102e+02
   1.3409999999999999e+02   5.9889123535156295e+02
   1.3500000000000000e+02   2.9428021240234398e+02
   1.3509999999999999e+02   1.8703474426269500e+02
   1.3590000000000001e+02   2.2989795684814499e+01
   1.3600000000000000e+02   1.7203388214111300e+01
   1.3609999999999999e+02   2.7433435440063501e+01
   1.3690000000000001e+02   3.1932131958007801e+02
   1.3709999999999999e+02   2.1754299163818398e+01
   1.3809999999999999e+02   1.2446593284606900e+01
   1.3900000000000000e+02   3.4860403442382801e+02
   1.3909999999999999e+02   1.3133485107421900e+03
   1.3990000000000001e+02   2.7194372177123999e+01
   1.4000000000000000e+02   6.4990478515625000e+01
   1.4009999999999999e+02   9.3769592285156307e+01
   1.4090000000000001e+02   3.0006820678710898e+01
   1.4100000000000000e+02   6.4475990295410199e+01
   1.4109999999999999e+02   2.6021068572998001e+01
   1.4190000000000001e+02   4.3879924774169901e+01
   1.4200000000000000e+02   5.0781398773193402e+01
   1.4230000000000001e+02   9.4355697631835902e+00
   1.4269999999999999e+02   1.1666254043579100e+01
   1.4280000000000001e+02   1.3088717460632299e+01
   1.4300000000000000e+02   2.6609915161132801e+02
   1.4319999999999999e+02   1.1493890380859401e+02
   1.4409999999999999e+02   1.5964698486328100e+03
   1.4419999999999999e+02   2.6160354614257798e+01
   1.4490000000000001e+02   1.0461862182617200e+02
   1.4500000000000000e+02   4.5778533935546903e+01
   1.4509999999999999e+02   1.1735504150390600e+03
   1.4519999999999999e+02   1.7421452331543000e+02
   1.4609999999999999e+02   3.6943011718750000e+04
   1.4709999999999999e+02   4.3908291015625000e+03
   1.4800000000000000e+02   3.2457052612304699e+02
   1.4809999999999999e+02   4.9618927001953102e+02
   1.4890000000000001e+02   4.3480525970458999e+01
   1.4919999999999999e+02   2.5318925857543899e+01
   1.5280000000000001e+02   9.5393352508544904e+00
   1.5300000000000000e+02   1.1573287963867200e+01
   1.5390000000000001e+02   4.3984901428222699e+01
   1.5409999999999999e+02   4.1102081298828097e+01
   1.5480000000000001e+02   7.4363182067871094e+01
   1.5500000000000000e+02   5.3883365631103501e+01
   1.5509999999999999e+02   3.9681365966796903e+01
   1.5580000000000001e+02   3.0808202743530298e+01
   1.5600000000000000e+02   3.1976809692382801e+02
   1.5619999999999999e+02   2.1289749145507798e+01
   1.5690000000000001e+02   5.4363395690917997e+01
   1.5700000000000000e+02   3.5464073181152301e+01
   1.5709999999999999e+02   1.8651129150390599e+02
   1.5809999999999999e+02   1.8600214843750000e+03
   1.5900000000000000e+02   2.2113050842285199e+02
   1.5909999999999999e+02   1.3868037109375000e+03
   1.6000000000000000e+02   5.0557641601562500e+02
   1.6009999999999999e+02   2.3103515625000000e+03
   1.6080000000000001e+02   9.3108739852905291e+00
   1.6090000000000001e+02   2.1591430664062500e+02
   1.6109999999999999e+02   1.7967687988281301e+02
   1.6190000000000001e+02   1.2613424301147500e+01
   1.6219999999999999e+02   1.9595104217529300e+01
   1.6700000000000000e+02   3.2712886810302699e+01
   1.6800000000000000e+02   2.5466310501098601e+01
   1.6809999999999999e+02   3.7585533142089801e+01
   1.6890000000000001e+02   1.6736850738525401e+01
   1.6909999999999999e+02   1.0701889038085900e+01
   1.6980000000000001e+02   1.4229686737060501e+01
   1.7000000000000000e+02   3.2458919525146499e+01
   1.7009999999999999e+02   7.8836715698242202e+01
   1.7030000000000001e+02   2.4045476913452099e+01
   1.7100000000000000e+02   2.1470397949218800e+01
   1.7109999999999999e+02   1.4340470314025900e+01
   1.7190000000000001e+02   2.5237064361572301e+01
   1.7200000000000000e+02   1.1693599700927700e+02
   1.7209999999999999e+02   2.9272845458984398e+02
   1.7300000000000000e+02   2.2733172607421901e+02
   1.7309999999999999e+02   2.6630630493164102e+02
   1.7400000000000000e+02   1.4197975158691399e+01
   1.7409999999999999e+02   1.2184297180175800e+02
   1.7419999999999999e+02   1.0580919265747101e+01
   1.7490000000000001e+02   1.2614274978637701e+01
   1.7509999999999999e+02   1.8293237686157202e+01
   1.7690000000000001e+02   1.0231669425964400e+01
   1.7700000000000000e+02   3.4786254882812500e+02
   1.7719999999999999e+02   1.7150012969970700e+01
   1.7790000000000001e+02   7.0123161315917997e+01
   1.7809999999999999e+02   2.7036398315429699e+02
   1.8009999999999999e+02   1.4754977226257299e+01
   1.8200000000000000e+02   4.7683929443359403e+01
   1.8209999999999999e+02   2.6527692794799801e+01
   1.8219999999999999e+02   2.3837589263916001e+01
   1.8290000000000001e+02   1.0631926536560099e+01
   1.8319999999999999e+02   1.3648136138916000e+01
   1.8380000000000001e+02   2.7443208694458001e+01
   1.8409999999999999e+02   1.1479310302734400e+03
   1.8500000000000000e+02   4.6680621337890602e+02
   1.8509999999999999e+02   2.5104460144043000e+02
   1.8609999999999999e+02   2.5078862304687500e+03
   1.8700000000000000e+02   5.6531488037109398e+02
   1.8709999999999999e+02   2.0688825683593800e+03
   1.8800000000000000e+02   9.6337760925292997e+01
   1.8809999999999999e+02   4.9192026367187500e+03
   1.8909999999999999e+02   2.3702734375000000e+04
   1.9009999999999999e+02   3.2301691894531300e+03
   1.9019999999999999e+02   4.5387134552002003e+01
   1.9100000000000000e+02   1.5914221191406301e+02
   1.9119999999999999e+02   7.5703384399414105e+01
   1.9700000000000000e+02   9.2309474945068395e+00
   1.9819999999999999e+02   1.2723646163940399e+01
   1.9919999999999999e+02   1.1933763504028301e+01
   2.0000000000000000e+02   5.2733867645263700e+01
   2.0009999999999999e+02   4.6951423645019503e+01
   2.0030000000000001e+02   1.5103560447692900e+01
   2.0190000000000001e+02   1.2241370201110801e+01
   2.0700000000000000e+02   9.8388814926147496e+00
   2.1100000000000000e+02   4.3047916412353501e+01
   2.1109999999999999e+02   3.0796936035156300e+01
   2.1200000000000000e+02   1.2986891746521000e+01
   2.1300000000000000e+02   1.0521319389343301e+01
   2.1500000000000000e+02   1.6933888244628901e+02
   2.1580000000000001e+02   9.8991594314575195e+00
   2.1600000000000000e+02   3.1564441680908200e+01
   2.1890000000000001e+02   4.8702785491943402e+01
   2.2700000000000000e+02   1.0536797523498500e+01
   2.2800000000000000e+02   6.3568431854247997e+01
   2.2890000000000001e+02   2.0072359085083001e+01
   2.2900000000000000e+02   6.7055534362792997e+01
   2.2919999999999999e+02   2.1735940933227500e+01
   2.2980000000000001e+02   3.8202331542968800e+01
   2.3009999999999999e+02   2.6546835937500000e+03
   2.3109999999999999e+02   3.5320431518554699e+02
   2.3119999999999999e+02   3.5366635131835898e+02
   2.3200000000000000e+02   2.1125864028930700e+01
   2.3219999999999999e+02   2.2254203796386701e+01
   2.3280000000000001e+02   3.3578010559082003e+01
   2.3300000000000000e+02   3.8878292083740199e+01
   2.3680000000000001e+02   2.2957304000854499e+01
   2.3690000000000001e+02   7.4088470458984403e+01
   2.4390000000000001e+02   1.1040106773376500e+01
   2.4400000000000000e+02   4.9424495697021499e+01
   2.4419999999999999e+02   2.2694367980957000e+02
   2.4509999999999999e+02   1.0505459785461399e+01
   2.5119999999999999e+02   1.5605704307556200e+01
   2.5509999999999999e+02   2.3689338684081999e+01
   2.5880000000000001e+02   9.4440994262695295e+00
   2.6900000000000000e+02   1.1853775024414100e+01
   2.7000000000000000e+02   9.3680047988891602e+00
   2.7010000000000002e+02   1.2308870315551800e+01
   2.7030000000000001e+02   1.0687757492065399e+01
   2.7060000000000002e+02   2.1522945404052699e+01
   2.7100000000000000e+02   8.9776237487792997e+01
   2.7110000000000002e+02   1.2104388427734401e+02
   2.7119999999999999e+02   7.3096656799316406e+01
   2.7189999999999998e+02   2.4925462722778299e+01
   2.7210000000000002e+02   4.9885250091552699e+01
   2.7219999999999999e+02   2.8197183227539102e+02
   2.7230000000000001e+02   4.6423110961914098e+01
   2.7319999999999999e+02   6.0540339843750000e+04
   2.7419999999999999e+02   1.2044748046875000e+04
   2.7510000000000002e+02   4.5559353637695301e+02
   2.7519999999999999e+02   8.1201733398437500e+02
   2.7600000000000000e+02   4.5117446899414098e+01
   2.7610000000000002e+02   4.1272430419921903e+01
   2.7619999999999999e+02   1.2336824417114300e+01
   2.7910000000000002e+02   1.1864125823974599e+02
   2.7930000000000001e+02   4.0226104736328097e+01
   2.8010000000000002e+02   1.0191334724426300e+01
   3.0700000000000000e+02   2.1306930541992202e+01
   3.0719999999999999e+02   1.3967694282531699e+01
   3.4919999999999999e+02   1.6661737442016602e+01
   3.6200000000000000e+02   2.0748058319091800e+01
   3.6219999999999999e+02   1.3960029602050801e+02
   3.6230000000000001e+02   5.2388366699218800e+01
   3.6319999999999999e+02   6.6531692504882798e+01
