   4.0100000000000001e+01   8.3848075866699205e+01
   4.1000000000000000e+01   4.0567410278320301e+02
   4.1100000000000001e+01   1.8960953369140600e+03
   4.2100000000000001e+01   9.2160175781250000e+03
   4.3000000000000000e+01   2.9140493774414102e+02
   4.3100000000000001e+01   1.0477366943359400e+03
   4.4100000000000001e+01   3.5049289550781300e+03
   4.4899999999999999e+01   1.0231931686401399e+01
   4.5100000000000001e+01   1.3059415817260700e+01
   5.0000000000000000e+01   4.9445114135742199e+02
   5.1000000000000000e+01   2.1492290039062500e+03
   5.1899999999999999e+01   6.2838615417480497e+01
   5.2000000000000000e+01   5.1479016113281295e+02
   5.3000000000000000e+01   3.2957470703125000e+02
   5.3100000000000001e+01   5.5552362060546898e+02
   5.4000000000000000e+01   3.6309094238281301e+02
   5.4100000000000001e+01   8.3092254638671898e+02
   5.5000000000000000e+01   2.0388873046875000e+04
   5.6000000000000000e+01   2.2437927246093800e+03
   5.7000000000000000e+01   1.1115544433593800e+03
   5.7899999999999999e+01   1.2290028381347700e+02
   5.8200000000000003e+01   4.4482975006103501e+01
   5.9000000000000000e+01   9.7829780578613295e+01
   5.9100000000000001e+01   2.5371091842651399e+01
   6.1899999999999999e+01   1.2954620361328099e+02
   6.2100000000000001e+01   1.0040316772460901e+02
   6.3000000000000000e+01   1.0837264404296900e+03
   6.4000000000000000e+01   5.0479309082031301e+02
   6.4099999999999994e+01   1.1312695312500000e+02
   6.5000000000000000e+01   4.7619384765625000e+03
   6.5799999999999997e+01   3.5222095489502003e+01
   6.5900000000000006e+01   1.6610789489746099e+02
   6.6099999999999994e+01   5.5523645019531295e+02
   6.6900000000000006e+01   3.0660783767700199e+01
   6.7000000000000000e+01   1.0787955322265600e+03
   6.7099999999999994e+01   7.0616381835937500e+02
   6.8000000000000000e+01   1.6837374267578100e+03
   6.8099999999999994e+01   5.9286389160156295e+02
   6.9000000000000000e+01   1.9131147460937500e+03
   7.0099999999999994e+01   2.7473762207031300e+03
   7.1000000000000000e+01   1.3095127868652301e+02
   7.1099999999999994e+01   1.6764320373535199e+02
   7.2900000000000006e+01   3.3977390289306598e+01
   7.3200000000000003e+01   2.7174959182739300e+01
   7.3900000000000006e+01   1.0084157562255901e+02
   7.4000000000000000e+01   5.0666770935058601e+01
   7.4900000000000006e+01   1.3456561279296901e+02
   7.5000000000000000e+01   1.4346716308593801e+02
   7.5799999999999997e+01   2.4198223114013700e+01
   7.6000000000000000e+01   5.3358026123046898e+02
   7.6200000000000003e+01   1.2207820129394500e+02
   7.7000000000000000e+01   1.3947796875000000e+04
   7.7900000000000006e+01   5.2732269287109403e+01
   7.8000000000000000e+01   2.9164497070312500e+03
   7.9000000000000000e+01   4.4547246093750000e+03
   8.0000000000000000e+01   4.5310211181640602e+02
   8.0099999999999994e+01   5.9869024658203102e+02
   8.0799999999999997e+01   1.1681510925293001e+01
   8.0900000000000006e+01   1.6846031188964801e+02
   8.1000000000000000e+01   2.4499247741699199e+02
   8.1900000000000006e+01   1.3138615608215300e+01
   8.2000000000000000e+01   1.6315688476562500e+03
   8.2900000000000006e+01   2.3805377960205099e+01
   8.3000000000000000e+01   3.9005123901367199e+02
   8.3900000000000006e+01   1.3392787933349600e+01
   8.4000000000000000e+01   3.5671731567382801e+02
   8.4099999999999994e+01   2.9574566650390602e+02
   8.5099999999999994e+01   5.5580364227294901e+01
   8.5200000000000003e+01   1.8664731979370099e+01
   8.6900000000000006e+01   1.1742503166198700e+01
   8.9000000000000000e+01   1.0637425537109400e+03
   9.0000000000000000e+01   4.2173913574218801e+02
   9.0099999999999994e+01   3.9040414428710898e+02
   9.0200000000000003e+01   9.5538024902343807e+01
   9.1099999999999994e+01   1.7833232421875000e+04
   9.2000000000000000e+01   1.3913881835937500e+03
   9.2099999999999994e+01   6.9064916992187500e+02
   9.3000000000000000e+01   2.3043530273437500e+03
   9.3099999999999994e+01   4.5090412139892599e+01
   9.3900000000000006e+01   1.1964199829101599e+02
   9.4000000000000000e+01   1.7752077636718800e+03
   9.4900000000000006e+01   3.3800128936767599e+01
   9.5000000000000000e+01   8.3204656982421898e+02
   9.5099999999999994e+01   3.3751315307617199e+02
   9.6099999999999994e+01   9.5712851562500000e+03
   9.6900000000000006e+01   9.4475959777832003e+01
   9.7000000000000000e+01   7.5137292480468795e+02
   9.7200000000000003e+01   1.5468504333496099e+02
   9.7900000000000006e+01   3.8303260803222699e+01
   9.8000000000000000e+01   5.7562579345703102e+02
   9.8099999999999994e+01   2.5508441925048800e+01
   1.0090000000000001e+02   1.1051304817199700e+01
   1.0180000000000000e+02   1.3348736763000501e+01
   1.0200000000000000e+02   3.6472711181640602e+02
   1.0209999999999999e+02   2.5250939941406301e+02
   1.0300000000000000e+02   5.0534628906250000e+03
   1.0400000000000000e+02   6.5985190429687500e+03
   1.0509999999999999e+02   1.3918967773437500e+04
   1.0600000000000000e+02   2.5396691894531300e+03
   1.0690000000000001e+02   3.7537658691406300e+01
   1.0700000000000000e+02   8.8456192016601605e+01
   1.0709999999999999e+02   8.1266052246093807e+01
   1.0800000000000000e+02   6.2091785430908203e+01
   1.0809999999999999e+02   1.2352383422851599e+02
   1.0880000000000000e+02   1.6148904800415000e+01
   1.0890000000000001e+02   2.4571199417114300e+01
   1.0909999999999999e+02   4.0346393585205099e+01
   1.1000000000000000e+02   5.8505695343017599e+01
   1.1090000000000001e+02   9.8040809631347692e+00
   1.1500000000000000e+02   7.7060925292968795e+02
   1.1590000000000001e+02   1.2041237640380901e+02
   1.1600000000000000e+02   2.6717312622070301e+02
   1.1609999999999999e+02   4.7684337615966797e+01
   1.1690000000000001e+02   3.6141616821289098e+01
   1.1700000000000000e+02   2.7904855957031300e+03
   1.1790000000000001e+02   4.8899436950683601e+01
   1.1800000000000000e+02   5.1876342773437500e+03
   1.1809999999999999e+02   6.7589996337890597e+01
   1.1890000000000001e+02   5.6004081726074197e+01
   1.1900000000000000e+02   1.5593251953125000e+03
   1.1990000000000001e+02   9.2350791931152301e+01
   1.2000000000000000e+02   6.2834924316406295e+02
   1.2009999999999999e+02   9.8248687744140597e+01
   1.2090000000000001e+02   1.5901905059814499e+01
   1.2140000000000001e+02   2.5044507980346701e+01
   1.2150000000000000e+02   1.2355261802673301e+01
   1.2209999999999999e+02   1.1691186904907200e+01
   1.2300000000000000e+02   1.0969630241394000e+01
   1.2409999999999999e+02   4.7163600921630902e+01
   1.2690000000000001e+02   2.5328029632568398e+01
   1.2709999999999999e+02   7.6359527587890597e+01
   1.2790000000000001e+02   5.5304176330566399e+01
   1.2800000000000000e+02   2.6721206665039102e+02
   1.2809999999999999e+02   1.3001828002929699e+02
   1.2890000000000001e+02   4.7886474609375000e+01
   1.2900000000000000e+02   3.1522396850585898e+02
   1.3000000000000000e+02   8.5291621093750000e+03
   1.3090000000000001e+02   4.9742801666259801e+01
   1.3109999999999999e+02   4.0879650878906300e+03
   1.3209999999999999e+02   8.0118471679687500e+03
   1.3300000000000000e+02   5.4585992431640602e+02
   1.3300000000000000e+02   6.6744818115234398e+02
   1.3400000000000000e+02   2.6857748413085898e+02
   1.3409999999999999e+02   1.9879609680175801e+02
   1.3500000000000000e+02   2.2717166900634801e+01
   1.3509999999999999e+02   1.2933009147644000e+01
   1.3590000000000001e+02   1.2400007247924799e+01
   1.3619999999999999e+02   1.5435598373413100e+01
   1.3680000000000001e+02   1.2722379684448200e+01
   1.3700000000000000e+02   2.4659796142578099e+02
   1.3809999999999999e+02   1.0245075225830099e+02
   1.3890000000000001e+02   1.1124123573303200e+01
   1.3900000000000000e+02   3.1059841918945301e+02
   1.3909999999999999e+02   5.7562030029296898e+02
   1.3990000000000001e+02   1.3075122833251999e+01
   1.4019999999999999e+02   1.0468575477600099e+01
   1.4090000000000001e+02   1.2360947608947800e+01
   1.4100000000000000e+02   5.1652603149414098e+01
   1.4200000000000000e+02   1.1160491943359401e+02
   1.4290000000000001e+02   1.0252737426757800e+02
   1.4300000000000000e+02   3.3387228393554699e+02
   1.4319999999999999e+02   5.0568023681640597e+01
   1.4390000000000001e+02   1.7664958190918000e+02
   1.4409999999999999e+02   1.5215364990234400e+03
   1.4490000000000001e+02   1.2960055351257299e+01
   1.4500000000000000e+02   6.4699499511718795e+02
   1.4509999999999999e+02   3.7542218017578102e+02
   1.4609999999999999e+02   2.6335718750000000e+04
   1.4709999999999999e+02   3.0766525878906300e+03
   1.4800000000000000e+02   7.0940269470214801e+01
   1.4809999999999999e+02   7.9848040771484398e+02
   1.4890000000000001e+02   3.7750957489013700e+01
   1.4900000000000000e+02   2.5908763885498001e+01
   1.5300000000000000e+02   1.2576790809631300e+01
   1.5400000000000000e+02   6.7213928222656307e+01
   1.5419999999999999e+02   2.5877544403076200e+01
   1.5490000000000001e+02   8.1651428222656307e+01
   1.5500000000000000e+02   4.4479212760925302e+00
   1.5509999999999999e+02   1.4105690002441399e+01
   1.5600000000000000e+02   2.1280413818359401e+02
   1.5609999999999999e+02   2.0266049194335901e+02
   1.5709999999999999e+02   3.9227249145507801e+02
   1.5809999999999999e+02   6.5331210937500000e+03
   1.5900000000000000e+02   3.0063580322265602e+02
   1.5909999999999999e+02   1.4720898437500000e+03
   1.6000000000000000e+02   3.2466323852539102e+02
   1.6009999999999999e+02   1.3824368896484400e+03
   1.6019999999999999e+02   1.2982632637023899e+01
   1.6109999999999999e+02   2.5541162109375000e+02
   1.6219999999999999e+02   1.0810102462768601e+01
   1.6690000000000001e+02   2.3046977996826200e+01
   1.6700000000000000e+02   4.5160610198974602e+01
   1.6780000000000001e+02   2.1524385452270501e+01
   1.6800000000000000e+02   5.3138359069824197e+01
   1.6890000000000001e+02   1.1841917991638200e+01
   1.6900000000000000e+02   1.4827738761901900e+01
   1.6990000000000001e+02   4.3641017913818402e+01
   1.7000000000000000e+02   2.3611906433105500e+02
   1.7019999999999999e+02   6.9437843322753906e+01
   1.7100000000000000e+02   1.0157633972168000e+02
   1.7109999999999999e+02   6.2305850982666001e+01
   1.7200000000000000e+02   7.5242199707031295e+02
   1.7219999999999999e+02   1.7631443786621099e+02
   1.7300000000000000e+02   3.1363320922851602e+02
   1.7319999999999999e+02   4.6109695434570298e+01
   1.7369999999999999e+02   2.5874683380126999e+01
   1.7400000000000000e+02   4.4337642669677699e+01
   1.7419999999999999e+02   1.1811666488647500e+01
   1.8180000000000001e+02   2.4856163024902301e+01
   1.8200000000000000e+02   8.4272636413574205e+01
   1.8390000000000001e+02   2.3340034484863299e+01
   1.8400000000000000e+02   6.4713769531250000e+02
   1.8409999999999999e+02   1.7169981384277301e+02
   1.8490000000000001e+02   6.2806678771972699e+01
   1.8509999999999999e+02   2.8164678955078102e+02
   1.8509999999999999e+02   1.6758435058593801e+02
   1.8609999999999999e+02   2.0013618164062500e+03
   1.8709999999999999e+02   1.8093863525390600e+03
   1.8800000000000000e+02   1.2408737182617200e+02
   1.8809999999999999e+02   2.3815854492187500e+03
   1.8909999999999999e+02   8.7607246093750000e+03
   1.9000000000000000e+02   2.2473507690429699e+02
   1.9009999999999999e+02   9.4314184570312500e+02
   1.9100000000000000e+02   4.5273773193359403e+01
   1.9130000000000001e+02   1.0043814659118700e+01
   1.9690000000000001e+02   1.4910649299621600e+01
   1.9700000000000000e+02   1.6935163497924801e+01
   1.9800000000000000e+02   8.8829818725585895e+01
   1.9809999999999999e+02   6.0291549682617202e+01
   1.9819999999999999e+02   1.6038433074951200e+01
   1.9909999999999999e+02   2.7073788452148398e+02
   2.0009999999999999e+02   2.7753062500000000e+04
   2.0109999999999999e+02   4.0615915527343800e+03
   2.0190000000000001e+02   1.5247993469238301e+01
   2.0200000000000000e+02   2.4106765747070301e+02
   2.0209999999999999e+02   1.5250750732421901e+02
   2.0680000000000001e+02   5.6541056632995597e+00
   2.0700000000000000e+02   9.5599632263183594e+00
   2.1080000000000001e+02   5.5436965942382798e+01
   2.1100000000000000e+02   5.6999206542968800e+01
   2.1190000000000001e+02   1.1460092544555700e+01
   2.1300000000000000e+02   1.0903367996215801e+01
   2.1400000000000000e+02   5.4005302429199197e+01
   2.1409999999999999e+02   3.4505499267578102e+02
   2.1419999999999999e+02   4.4730373382568402e+01
   2.1469999999999999e+02   2.9947042465210001e+00
   2.1490000000000001e+02   1.4194413757324199e+02
   2.1500000000000000e+02   3.0909484863281300e+01
   2.1590000000000001e+02   1.1374765396118200e+01
   2.1669999999999999e+02   9.7183027267456108e+00
   2.1680000000000001e+02   1.1451874732971200e+01
   2.1700000000000000e+02   1.1820973396301300e+01
   2.1890000000000001e+02   1.6909231185913100e+01
   2.1909999999999999e+02   1.0493669509887701e+01
   2.2709999999999999e+02   9.5858659744262695e+00
   2.3290000000000001e+02   5.1711074829101598e+01
   2.3319999999999999e+02   1.1505923271179199e+01
   2.3669999999999999e+02   4.5358932495117202e+01
   2.3690000000000001e+02   5.0422542572021499e+01
   2.3700000000000000e+02   8.1543788909912092e+00
   2.4090000000000001e+02   3.6388320922851598e+01
   2.4109999999999999e+02   8.3606018066406307e+01
   2.4119999999999999e+02   2.6971519470214801e+01
   2.4159999999999999e+02   1.5142320632934601e+01
   2.4209999999999999e+02   1.8808248901367199e+02
   2.4219999999999999e+02   1.5190547180175801e+02
   2.4319999999999999e+02   6.5249554687500000e+04
   2.4409999999999999e+02   1.1156961914062500e+04
   2.4509999999999999e+02   4.8703775024414102e+02
   2.4519999999999999e+02   5.4721282958984398e+02
   2.4600000000000000e+02   1.0142606735229499e+01
   2.4619999999999999e+02   3.6266910552978501e+01
   2.7900000000000000e+02   9.9592262268066406e+01
   2.7919999999999999e+02   6.1082321166992202e+01
   2.7930000000000001e+02   9.2634338378906307e+01
   2.8019999999999999e+02   1.3285430908203100e+01
   2.8889999999999998e+02   8.8371639251709002e+00
   3.3219999999999999e+02   2.7553928375244102e+01
   3.3300000000000000e+02   1.0411939620971699e+01
