   4.0000000000000000e+01   2.4643457412719702e+01
   4.0299999999999997e+01   6.2386198043823198e+00
   4.1000000000000000e+01   1.1403821563720700e+02
   4.1000000000000000e+01   4.7981994628906301e+02
   4.2000000000000000e+01   1.9305289306640600e+03
   4.3000000000000000e+01   9.3476760864257798e+01
   4.3100000000000001e+01   1.6475047302246099e+02
   4.3899999999999999e+01   6.1297683715820298e+01
   4.4000000000000000e+01   4.7563851928710898e+02
   4.9799999999999997e+01   5.8456993103027301e+01
   5.0000000000000000e+01   1.2804585266113301e+02
   5.0100000000000001e+01   5.9654731750488303e+01
   5.0899999999999999e+01   1.7934069824218801e+02
   5.1000000000000000e+01   2.5779281616210898e+02
   5.1100000000000001e+01   1.2874914550781301e+02
   5.1799999999999997e+01   9.1473999023437500e+00
   5.2000000000000000e+01   1.3833312988281301e+02
   5.2100000000000001e+01   6.2218902587890597e+01
   5.2899999999999999e+01   3.4723377227783203e+01
   5.3000000000000000e+01   7.6029052734375000e+01
   5.3100000000000001e+01   1.0288552856445300e+02
   5.3799999999999997e+01   3.5332977294921903e+01
   5.4000000000000000e+01   1.6758093261718801e+02
   5.5000000000000000e+01   2.9860830688476602e+02
   5.5100000000000001e+01   1.5306646728515599e+02
   5.5899999999999999e+01   8.7569169998168892e+00
   5.6000000000000000e+01   2.0763491821289099e+02
   5.6100000000000001e+01   3.8730564117431598e+01
   5.6799999999999997e+01   6.8172068595886204e+00
   5.7000000000000000e+01   8.4494247436523395e+01
   5.7000000000000000e+01   7.4153465270996094e+01
   5.7200000000000003e+01   6.3802099227905300e+00
   5.8899999999999999e+01   1.3069992065429701e+00
   5.9100000000000001e+01   4.3037769317627003e+01
   6.0899999999999999e+01   6.3812904357910201e+00
   6.1899999999999999e+01   7.8076672554016104e+00
   6.2100000000000001e+01   3.2780570983886697e+01
   6.2899999999999999e+01   3.1355569458007801e+02
   6.3100000000000001e+01   7.1448936462402301e+01
   6.3899999999999999e+01   7.4595283508300795e+01
   6.4000000000000000e+01   6.7116577148437500e+01
   6.4200000000000003e+01   8.1809024810790998e+00
   6.4799999999999997e+01   8.7483158111572301e+00
   6.4900000000000006e+01   1.4108972167968801e+02
   6.5000000000000000e+01   9.7518884277343795e+02
   6.5799999999999997e+01   5.6196151733398402e+01
   6.6000000000000000e+01   1.3740319824218801e+02
   6.6200000000000003e+01   1.9041353225708001e+01
   6.6799999999999997e+01   4.5903514862060497e+01
   6.7000000000000000e+01   5.2307287597656295e+02
   6.8000000000000000e+01   1.8079994201660199e+02
   6.8099999999999994e+01   2.8036276245117199e+02
   6.8700000000000003e+01   6.1100535392761204e+00
   6.8799999999999997e+01   3.7916603088378899e+01
   6.8900000000000006e+01   1.6998757934570301e+02
   6.9099999999999994e+01   1.3872894287109401e+02
   6.9900000000000006e+01   8.3685890197753906e+01
   7.0000000000000000e+01   2.2459693908691401e+02
   7.0099999999999994e+01   1.0449237060546901e+02
   7.0900000000000006e+01   7.0994997024536097e+00
   7.2900000000000006e+01   3.0473590850830099e+01
   7.3099999999999994e+01   3.4104187011718800e+01
   7.3900000000000006e+01   1.9656108856201200e+01
   7.4000000000000000e+01   3.4805877685546903e+01
   7.4799999999999997e+01   1.6928628921508800e+01
   7.5000000000000000e+01   2.2753767013549801e+01
   7.5799999999999997e+01   1.9549289703369102e+01
   7.6000000000000000e+01   6.5092803955078097e+01
   7.6099999999999994e+01   3.1415573120117202e+01
   7.6200000000000003e+01   2.6043401718139599e+01
   7.7000000000000000e+01   2.4080500488281300e+03
   7.7900000000000006e+01   1.9116108703613301e+02
   7.8099999999999994e+01   4.5102929687500000e+02
   7.9000000000000000e+01   3.7728295898437500e+02
   7.9000000000000000e+01   3.7575344848632801e+02
   7.9799999999999997e+01   1.1629036903381300e+01
   7.9900000000000006e+01   1.1913784790039099e+02
   8.0099999999999994e+01   8.7975616455078097e+01
   8.0900000000000006e+01   1.2979495239257801e+02
   8.1000000000000000e+01   1.7778643798828099e+02
   8.1900000000000006e+01   1.1288140869140599e+02
   8.2000000000000000e+01   2.1319509887695301e+02
   8.3000000000000000e+01   2.1569068908691399e+01
   8.3099999999999994e+01   1.0764224052429199e+01
   8.3900000000000006e+01   3.6206439971923800e+01
   8.4000000000000000e+01   1.7756681442260700e+01
   8.4200000000000003e+01   9.3201103210449201e+00
   8.8900000000000006e+01   1.5167253112793000e+02
   8.9000000000000000e+01   3.8982810974121101e+01
   8.9099999999999994e+01   7.3200622558593807e+01
   8.9900000000000006e+01   5.8987354278564503e+01
   9.0099999999999994e+01   8.1496925354003906e+01
   9.0200000000000003e+01   8.8101005554199201e+00
   9.1000000000000000e+01   2.9458315429687500e+03
   9.1099999999999994e+01   6.1448114013671898e+02
   9.1799999999999997e+01   3.9387165069580099e+01
   9.1900000000000006e+01   2.9284780883789102e+02
   9.2099999999999994e+01   1.9418553161621099e+02
   9.2700000000000003e+01   1.5876516342163100e+01
   9.2900000000000006e+01   2.5722470092773398e+02
   9.3099999999999994e+01   6.7340087890625000e+01
   9.3200000000000003e+01   6.4308860778808594e+01
   9.3400000000000006e+01   1.0519878387451200e+01
   9.3900000000000006e+01   1.0253391265869100e+01
   9.4000000000000000e+01   2.8125708007812500e+02
   9.4099999999999994e+01   2.9674645996093801e+02
   9.4299999999999997e+01   5.9576805114746101e+01
   9.5000000000000000e+01   1.2131502929687500e+04
   9.6000000000000000e+01   1.9391337890625000e+03
   9.6099999999999994e+01   7.6702819824218795e+02
   9.6799999999999997e+01   6.3119797706604004e+00
   9.6900000000000006e+01   1.1595161437988300e+02
   9.7099999999999994e+01   2.4332575988769500e+02
   9.7799999999999997e+01   1.9788948059081999e+01
   9.8000000000000000e+01   8.9537734985351605e+01
   9.8099999999999994e+01   7.7343887329101605e+01
   9.8200000000000003e+01   9.0359344482421903e+01
   1.0190000000000001e+02   4.2484493255615199e+01
   1.0209999999999999e+02   3.8270839691162102e+01
   1.0290000000000001e+02   2.9149377441406301e+02
   1.0300000000000000e+02   5.2565496826171898e+02
   1.0370000000000000e+02   9.9302492141723597e+00
   1.0390000000000001e+02   1.4517684936523401e+02
   1.0400000000000000e+02   8.5721881103515602e+02
   1.0500000000000000e+02   1.9518305969238301e+02
   1.0509999999999999e+02   1.8145684814453100e+03
   1.0600000000000000e+02   2.5178961181640599e+02
   1.0609999999999999e+02   5.6146053314208999e+01
   1.0690000000000001e+02   1.5074575424194300e+01
   1.0709999999999999e+02   2.2420007705688501e+01
   1.0880000000000000e+02   1.3012016296386699e+01
   1.0900000000000000e+02   2.1423620223998999e+01
   1.0909999999999999e+02   6.4125452041626003e+00
   1.1470000000000000e+02   1.5567486763000501e+01
   1.1490000000000001e+02   1.4700848388671901e+02
   1.1509999999999999e+02   4.1280185699462898e+01
   1.1530000000000000e+02   6.2434668540954599e+00
   1.1600000000000000e+02   2.7790115356445298e+01
   1.1609999999999999e+02   2.9247304916381800e+01
   1.1690000000000001e+02   5.5828048706054702e+01
   1.1700000000000000e+02   3.6178030395507801e+02
   1.1790000000000001e+02   1.8758229064941401e+02
   1.1800000000000000e+02   2.8154321289062500e+02
   1.1809999999999999e+02   1.4045174598693800e+01
   1.1890000000000001e+02   1.1067868041992200e+02
   1.1900000000000000e+02   1.0134257507324200e+02
   1.1920000000000000e+02   9.4099245071411097e+00
   1.2000000000000000e+02   9.8158922195434606e+00
   1.2009999999999999e+02   1.8675041198730501e+01
   1.2700000000000000e+02   8.3906173706054705e+00
   1.2720000000000000e+02   7.3981122970581099e+00
   1.2790000000000001e+02   3.5378925323486300e+01
   1.2800000000000000e+02   2.3585420608520501e+01
   1.2809999999999999e+02   1.8327844619751001e+01
   1.2869999999999999e+02   1.2882643699646000e+01
   1.2890000000000001e+02   1.6675161361694300e+01
   1.2900000000000000e+02   2.8776821136474599e+01
   1.2919999999999999e+02   1.0648633956909199e+01
   1.3000000000000000e+02   1.4163027954101599e+02
   1.3009999999999999e+02   9.4840490722656295e+02
   1.3080000000000001e+02   1.6238994598388700e+01
   1.3100000000000000e+02   2.3218447875976599e+02
   1.3109999999999999e+02   2.2681098937988301e+02
   1.3200000000000000e+02   3.1812008666992199e+02
   1.3209999999999999e+02   5.0313070678710898e+02
   1.3300000000000000e+02   9.5612823486328097e+01
   1.3309999999999999e+02   4.7107288360595703e+01
   1.3400000000000000e+02   7.5544166564941397e+00
   1.3409999999999999e+02   9.2556505203247106e+00
   1.3700000000000000e+02   1.9227642822265599e+02
   1.3709999999999999e+02   4.6957706451416001e+01
   1.3790000000000001e+02   2.2034639358520501e+01
   1.3800000000000000e+02   3.6542846679687500e+01
   1.3809999999999999e+02   8.5061454772949201e+00
   1.3890000000000001e+02   2.1687793731689499e+01
   1.3900000000000000e+02   6.9231651306152301e+01
   1.4169999999999999e+02   1.0454703330993700e+01
   1.4200000000000000e+02   4.3699337005615199e+01
   1.4219999999999999e+02   7.6798677444457999e+00
   1.4280000000000001e+02   6.4068274497985804e+00
   1.4290000000000001e+02   1.3381787300109901e+01
   1.4309999999999999e+02   3.5454406738281300e+01
   1.4380000000000001e+02   2.6064531326293899e+01
   1.4400000000000000e+02   9.8993728637695298e+01
   1.4409999999999999e+02   1.0005248260498000e+02
   1.4490000000000001e+02   1.0243529319763200e+01
   1.4500000000000000e+02   7.0274559020996094e+01
   1.4509999999999999e+02   3.0389986038208001e+01
   1.4600000000000000e+02   1.7074197387695301e+02
   1.4609999999999999e+02   9.5136016845703097e+01
   1.4800000000000000e+02   1.2168844223022500e+01
   1.4809999999999999e+02   2.3558679580688501e+01
   1.5400000000000000e+02   6.9148230552673304e+00
   1.5409999999999999e+02   1.4249819755554199e+01
   1.5700000000000000e+02   2.3920612335205099e+01
   1.5790000000000001e+02   2.1886211395263700e+01
   1.5800000000000000e+02   7.0761895751953102e+02
   1.5809999999999999e+02   2.5593975830078099e+02
   1.5869999999999999e+02   6.5658206939697301e+00
   1.5890000000000001e+02   1.0543343353271500e+02
   1.5900000000000000e+02   2.2469543457031301e+02
   1.5990000000000001e+02   3.0253067016601602e+01
   1.6009999999999999e+02   1.7488873291015599e+02
   1.6019999999999999e+02   4.0155220031738303e+01
   1.6109999999999999e+02   6.5490903854370099e+00
   1.6990000000000001e+02   3.1242441177368200e+01
   1.7000000000000000e+02   4.9496151733398398e+02
   1.7009999999999999e+02   6.0003543853759801e+01
   1.7040000000000001e+02   8.2370824813842791e+00
   1.7100000000000000e+02   1.5034251403808599e+02
   1.7109999999999999e+02   8.0650329589843807e+01
   1.7209999999999999e+02   8.1866245269775408e+00
   1.7219999999999999e+02   7.9673695564270002e+00
   1.7309999999999999e+02   6.2814030647277797e+00
   1.8209999999999999e+02   9.7031431198120099e+00
   1.8309999999999999e+02   6.0847477912902797e+00
   1.8380000000000001e+02   2.4601221084594702e+01
   1.8400000000000000e+02   1.1225024414062500e+02
   1.8409999999999999e+02   1.6911323547363301e+02
   1.8419999999999999e+02   1.9139499664306602e+01
   1.8500000000000000e+02   1.3438064575195301e+02
   1.8509999999999999e+02   1.3234275817871099e+02
   1.8530000000000001e+02   1.7217861175537099e+01
   1.8590000000000001e+02   7.0631202697753906e+01
   1.8609999999999999e+02   2.4901890563964801e+02
   1.8619999999999999e+02   3.8539886474609403e+01
   1.8690000000000001e+02   2.9114381790161101e+01
   1.8700000000000000e+02   3.5001519775390602e+02
   1.8709999999999999e+02   5.1979498291015602e+02
   1.8730000000000001e+02   1.3202379226684601e+01
   1.8790000000000001e+02   2.1695838928222699e+01
   1.8800000000000000e+02   4.1803350830078102e+02
   1.8819999999999999e+02   6.6310371398925795e+01
   1.8890000000000001e+02   2.0114515304565401e+01
   1.8900000000000000e+02   7.6426971435546903e+01
   1.8909999999999999e+02   7.4552917480468807e+01
   1.9780000000000001e+02   8.5114679336547905e+00
   2.0709999999999999e+02   6.4212079048156703e+00
   2.0980000000000001e+02   8.8047733306884801e+00
   2.0990000000000001e+02   3.4774330139160199e+01
   2.1009999999999999e+02   3.2961524963378899e+01
   2.1019999999999999e+02   8.2518634796142596e+00
   2.1090000000000001e+02   2.0018577575683601e+01
   2.1100000000000000e+02   3.1947975158691399e+01
   2.1190000000000001e+02   8.7881031036377006e+00
   2.1200000000000000e+02   3.0142379760742199e+02
   2.1209999999999999e+02   7.1971496582031307e+01
   2.1300000000000000e+02   1.5661520957946800e+01
   2.1309999999999999e+02   6.3633723258972203e+00
   2.1490000000000001e+02   7.7330841064453097e+01
   2.1500000000000000e+02   3.6397071838378899e+01
   2.1890000000000001e+02   1.1843310356140099e+01
   2.3280000000000001e+02   3.7178802490234403e+01
   2.3300000000000000e+02   2.1806724071502699e+00
   2.3680000000000001e+02   1.4834798812866200e+01
   2.3700000000000000e+02   2.5088497161865199e+01
   2.3709999999999999e+02   2.0053527832031300e+01
   2.3780000000000001e+02   9.5351486206054705e+00
   2.3809999999999999e+02   6.5700392723083496e+00
   2.3890000000000001e+02   1.6154191970825199e+01
   2.3900000000000000e+02   1.6995719909668001e+01
   2.4009999999999999e+02   4.6621992187500000e+03
   2.4080000000000001e+02   3.0321743011474599e+01
   2.4100000000000000e+02   2.8309405517578102e+02
   2.4109999999999999e+02   4.5234756469726602e+02
   2.4119999999999999e+02   9.5118513107299805e+00
   2.4180000000000001e+02   1.4955898284912100e+01
   2.4200000000000000e+02   1.3037025451660201e+01
   2.4209999999999999e+02   2.4014074325561499e+01
   2.7910000000000002e+02   4.4644424438476598e+01
   2.7919999999999999e+02   1.4952619552612299e+01
   2.7930000000000001e+02   8.5279617309570295e+00
   2.8180000000000001e+02   1.5708510398864700e+01
   2.8200000000000000e+02   1.4652573585510300e+01
   2.8310000000000002e+02   6.6938183593750000e+03
   2.8319999999999999e+02   1.4828365478515600e+03
   2.8400000000000000e+02   4.8857440948486300e+01
   2.8410000000000002e+02   1.5775028076171900e+03
   2.8430000000000001e+02   3.1092842102050799e+01
   2.8489999999999998e+02   1.8796020507812500e+01
   2.8510000000000002e+02   1.1309335327148401e+02
   2.8519999999999999e+02   6.5101341247558594e+01
   2.8610000000000002e+02   7.7921433448791504e+00
   2.9289999999999998e+02   8.5077857971191406e+00
   3.7210000000000002e+02   8.2388620376586896e+00
