   4.0100000000000001e+01   1.2377072906494099e+02
   4.1100000000000001e+01   2.1981425781250000e+03
   4.2100000000000001e+01   8.8653964843750000e+03
   4.3000000000000000e+01   4.8886645507812500e+02
   4.3100000000000001e+01   8.3156488037109398e+02
   4.4000000000000000e+01   2.9991623535156300e+03
   4.5000000000000000e+01   4.4538002014160199e+01
   4.5100000000000001e+01   2.3241340637206999e+01
   5.0000000000000000e+01   4.2111987304687500e+02
   5.0100000000000001e+01   9.6441085815429702e+01
   5.1000000000000000e+01   2.1245104980468800e+03
   5.1899999999999999e+01   1.6319136047363301e+02
   5.2000000000000000e+01   4.0544747924804699e+02
   5.2799999999999997e+01   1.2693968772888200e+01
   5.3000000000000000e+01   6.0165954589843795e+02
   5.3000000000000000e+01   1.8733773803710901e+02
   5.4000000000000000e+01   1.6705769348144500e+02
   5.4100000000000001e+01   9.8059295654296898e+02
   5.4200000000000003e+01   3.7847473144531300e+01
   5.5000000000000000e+01   1.9824791015625000e+04
   5.6000000000000000e+01   2.2104907226562500e+03
   5.6799999999999997e+01   2.0504079818725600e+01
   5.7000000000000000e+01   1.0639989013671900e+03
   5.8000000000000000e+01   4.9594818115234403e+01
   5.8100000000000001e+01   7.3236297607421903e+01
   5.8899999999999999e+01   4.7098770141601598e+00
   5.9000000000000000e+01   3.9320217132568402e+01
   6.1000000000000000e+01   4.9634178161621101e+01
   6.1799999999999997e+01   9.6739311218261701e+00
   6.1899999999999999e+01   1.2440886688232401e+02
   6.2100000000000001e+01   1.4362719726562500e+02
   6.2899999999999999e+01   4.1159774780273398e+02
   6.3000000000000000e+01   5.9182427978515602e+02
   6.3899999999999999e+01   5.4604316711425803e+01
   6.4000000000000000e+01   4.4048458862304699e+02
   6.4099999999999994e+01   1.2995869445800801e+02
   6.5000000000000000e+01   4.7306855468750000e+03
   6.6000000000000000e+01   3.5047262573242199e+02
   6.6000000000000000e+01   3.8711511230468801e+02
   6.6299999999999997e+01   1.5737292289733899e+01
   6.7000000000000000e+01   1.7370635986328100e+03
   6.7900000000000006e+01   8.4605201721191406e+01
   6.8000000000000000e+01   5.3822528076171898e+02
   6.8099999999999994e+01   1.3691735839843800e+03
   6.8900000000000006e+01   8.1731781005859403e+01
   6.9099999999999994e+01   1.5362792968750000e+03
   6.9200000000000003e+01   1.7100988388061499e+01
   7.0000000000000000e+01   9.0589758300781295e+02
   7.0099999999999994e+01   1.6304707031250000e+03
   7.1000000000000000e+01   2.7996664428710898e+02
   7.2000000000000000e+01   2.1253234863281300e+01
   7.3000000000000000e+01   2.7677043914794901e+01
   7.3099999999999994e+01   1.0142875671386699e+01
   7.3900000000000006e+01   1.1219221496582000e+02
   7.4099999999999994e+01   6.2613571166992202e+01
   7.4900000000000006e+01   7.0226272583007798e+01
   7.5000000000000000e+01   1.7254306030273401e+02
   7.5099999999999994e+01   6.4777359008789105e+01
   7.6000000000000000e+01   1.9880073547363301e+02
   7.6099999999999994e+01   4.1746749877929699e+02
   7.6200000000000003e+01   1.6437469482421901e+02
   7.7000000000000000e+01   1.3690804687500000e+04
   7.8000000000000000e+01   3.0250642089843800e+03
   7.9000000000000000e+01   4.1542622070312500e+03
   7.9799999999999997e+01   1.3723620414733899e+01
   8.0000000000000000e+01   4.9814144897460898e+02
   8.0099999999999994e+01   4.8024771118164102e+02
   8.1000000000000000e+01   3.1791406250000000e+02
   8.1000000000000000e+01   1.3158569335937500e+02
   8.1200000000000003e+01   9.7098140716552699e+00
   8.1900000000000006e+01   3.2564228057861300e+01
   8.2000000000000000e+01   1.8489110107421900e+03
   8.3000000000000000e+01   2.5777172851562500e+02
   8.3099999999999994e+01   1.1159062194824200e+02
   8.4000000000000000e+01   3.0157815551757801e+02
   8.4099999999999994e+01   3.0676242065429699e+02
   8.4900000000000006e+01   1.3629881858825700e+01
   8.5000000000000000e+01   4.8341342926025398e+01
   8.8900000000000006e+01   1.0073794555664099e+02
   8.9000000000000000e+01   8.4613574218750000e+02
   8.9099999999999994e+01   1.9546846008300801e+02
   8.9900000000000006e+01   5.4399406433105497e+01
   9.0000000000000000e+01   4.3486544799804699e+02
   9.0200000000000003e+01   3.6814630126953102e+02
   9.1000000000000000e+01   1.7001337890625000e+04
   9.1900000000000006e+01   4.2091621398925803e+01
   9.2000000000000000e+01   2.0436652832031300e+03
   9.3000000000000000e+01   2.5834826660156301e+02
   9.3000000000000000e+01   1.8422833251953100e+03
   9.4000000000000000e+01   1.8593145751953100e+03
   9.4900000000000006e+01   2.1151727676391602e+01
   9.5000000000000000e+01   1.7109338378906301e+02
   9.5099999999999994e+01   9.3245397949218795e+02
   9.6099999999999994e+01   9.4782675781250000e+03
   9.7000000000000000e+01   5.7698528289794901e+01
   9.7099999999999994e+01   1.0984852294921900e+03
   9.7900000000000006e+01   2.1694679260253899e+01
   9.8000000000000000e+01   3.0658627319335898e+02
   9.8099999999999994e+01   2.2662303161621099e+02
   9.9099999999999994e+01   1.0661489486694300e+01
   1.0080000000000000e+02   1.6011064529418899e+01
   1.0100000000000000e+02   6.1245700836181598e+01
   1.0190000000000001e+02   2.1710155487060501e+01
   1.0200000000000000e+02   2.8248400878906301e+02
   1.0209999999999999e+02   2.4612979125976599e+02
   1.0309999999999999e+02   4.7428344726562500e+03
   1.0390000000000001e+02   1.0748044586181599e+02
   1.0400000000000000e+02   6.1497451171875000e+03
   1.0509999999999999e+02   1.3534044921875000e+04
   1.0600000000000000e+02   2.4758027343750000e+03
   1.0700000000000000e+02   2.5674224853515602e+02
   1.0709999999999999e+02   2.9685354232788100e+01
   1.0800000000000000e+02   1.3444384765625000e+02
   1.0809999999999999e+02   4.4429058074951200e+01
   1.0909999999999999e+02   2.1593048095703100e+01
   1.1000000000000000e+02   4.4836761474609403e+01
   1.1020000000000000e+02   1.2624152183532701e+01
   1.1090000000000001e+02   1.0953535079956101e+01
   1.1100000000000000e+02   5.5508049011230497e+01
   1.1480000000000000e+02   9.5541210174560494e+00
   1.1500000000000000e+02   7.8721948242187500e+02
   1.1509999999999999e+02   4.3315143585205099e+01
   1.1600000000000000e+02   2.2901568603515599e+02
   1.1609999999999999e+02   2.6585415649414102e+02
   1.1700000000000000e+02   2.7969829101562500e+03
   1.1800000000000000e+02   4.9493208007812500e+03
   1.1900000000000000e+02   3.2400183105468801e+02
   1.1900000000000000e+02   1.1897585449218800e+03
   1.1990000000000001e+02   2.1306873321533200e+01
   1.2000000000000000e+02   3.2646246337890602e+02
   1.2009999999999999e+02   4.6615963745117199e+02
   1.2100000000000000e+02   3.1630111694335898e+01
   1.2120000000000000e+02   4.1801174163818402e+01
   1.2180000000000000e+02   1.0491052627563500e+01
   1.2200000000000000e+02   3.0331855773925799e+01
   1.2209999999999999e+02   1.1863672256469700e+01
   1.2390000000000001e+02   2.0856651306152301e+01
   1.2409999999999999e+02   1.1213361740112299e+01
   1.2690000000000001e+02   4.4319492340087898e+01
   1.2709999999999999e+02   3.7351627349853501e+01
   1.2709999999999999e+02   1.6073497772216800e+01
   1.2790000000000001e+02   2.5657727050781301e+02
   1.2809999999999999e+02   2.3040176391601599e+02
   1.2900000000000000e+02   2.1287480163574199e+02
   1.2909999999999999e+02   1.8363214111328099e+02
   1.3009999999999999e+02   8.6531171875000000e+03
   1.3100000000000000e+02   1.9323575439453100e+03
   1.3109999999999999e+02   2.0716486816406300e+03
   1.3209999999999999e+02   5.5494252929687500e+03
   1.3209999999999999e+02   2.7920773925781300e+03
   1.3300000000000000e+02   7.1576214599609398e+02
   1.3309999999999999e+02   5.6476440429687500e+02
   1.3380000000000001e+02   1.0113814353942900e+01
   1.3400000000000000e+02   2.6956210327148398e+02
   1.3409999999999999e+02   1.9624197387695301e+02
   1.3500000000000000e+02   5.1636058807372997e+01
   1.3700000000000000e+02   1.5126167297363301e+02
   1.3790000000000001e+02   3.8732990264892599e+01
   1.3809999999999999e+02   2.8265327453613299e+01
   1.3830000000000001e+02   1.0922342300415000e+01
   1.3890000000000001e+02   8.8521835327148395e+01
   1.3909999999999999e+02   6.7970074462890602e+02
   1.3919999999999999e+02   9.7125968933105504e+00
   1.3990000000000001e+02   9.9402952194213903e+00
   1.4000000000000000e+02   2.5644943237304702e+01
   1.4080000000000001e+02   4.1305950164794901e+01
   1.4100000000000000e+02   6.5487617492675795e+01
   1.4180000000000001e+02   4.1357089996337898e+01
   1.4200000000000000e+02   1.7950485229492202e+01
   1.4209999999999999e+02   9.9890899658203107e+00
   1.4290000000000001e+02   1.1021882629394500e+02
   1.4300000000000000e+02   2.0760704040527301e+02
   1.4319999999999999e+02   5.2423362731933601e+01
   1.4400000000000000e+02   7.6558959960937500e+02
   1.4409999999999999e+02   1.0942846679687500e+03
   1.4490000000000001e+02   2.6631443023681602e+01
   1.4500000000000000e+02   6.5481170654296898e+02
   1.4519999999999999e+02   2.6980175781250000e+02
   1.4609999999999999e+02   2.6329289062500000e+04
   1.4709999999999999e+02   3.2245551757812500e+03
   1.4800000000000000e+02   4.1060601806640602e+02
   1.4809999999999999e+02   4.0506845092773398e+02
   1.4880000000000001e+02   2.2365737915039102e+01
   1.4909999999999999e+02   2.7244270324706999e+01
   1.5290000000000001e+02   1.0413894653320300e+01
   1.5400000000000000e+02   1.9459079742431602e+01
   1.5419999999999999e+02   1.3479367256164601e+01
   1.5480000000000001e+02   1.3581910133361800e+01
   1.5490000000000001e+02   6.2400157928466797e+01
   1.5509999999999999e+02   2.7918004989623999e+01
   1.5590000000000001e+02   2.7349460601806602e+01
   1.5600000000000000e+02   2.6731219482421898e+02
   1.5609999999999999e+02   1.4816116333007801e+02
   1.5680000000000001e+02   4.7095642089843800e+01
   1.5700000000000000e+02   1.5980574035644500e+02
   1.5719999999999999e+02   2.1105238342285199e+02
   1.5800000000000000e+02   1.1219267272949200e+02
   1.5809999999999999e+02   6.5071484375000000e+03
   1.5900000000000000e+02   2.8320068359375000e+02
   1.5909999999999999e+02   1.0295043945312500e+03
   1.5919999999999999e+02   2.0590109252929699e+02
   1.6000000000000000e+02   8.6147943115234398e+02
   1.6009999999999999e+02   8.3169018554687500e+02
   1.6100000000000000e+02   5.8905281066894503e+01
   1.6109999999999999e+02   2.0952162170410199e+02
   1.6200000000000000e+02   2.3627542495727500e+01
   1.6480000000000001e+02   1.6266347885131800e+01
   1.6509999999999999e+02   9.6914205551147496e+00
   1.6609999999999999e+02   1.6366264343261701e+01
   1.6690000000000001e+02   2.3965461730956999e+01
   1.6709999999999999e+02   6.1184211730957003e+01
   1.6800000000000000e+02   1.7163967132568398e+01
   1.6809999999999999e+02   1.9200723648071300e+01
   1.6909999999999999e+02   2.4185205459594702e+01
   1.7000000000000000e+02   2.2136648559570301e+02
   1.7009999999999999e+02   8.2279556274414105e+01
   1.7100000000000000e+02   4.6193447113037102e+01
   1.7109999999999999e+02   5.5602916717529297e+01
   1.7200000000000000e+02   2.7441934204101602e+02
   1.7209999999999999e+02   5.1800103759765602e+02
   1.7290000000000001e+02   6.4408653259277301e+01
   1.7309999999999999e+02   3.0039291381835898e+02
   1.7400000000000000e+02   3.4309570312500000e+01
   1.7409999999999999e+02   9.7393493652343803e+00
   1.8090000000000001e+02   1.2174893379211399e+01
   1.8109999999999999e+02   1.5955492019653301e+01
   1.8190000000000001e+02   2.6204351425170898e+01
   1.8209999999999999e+02   5.9417011260986300e+01
   1.8219999999999999e+02   1.1811161994934100e+01
   1.8300000000000000e+02   2.7793655395507798e+01
   1.8400000000000000e+02   2.9499206542968801e+02
   1.8409999999999999e+02   5.6086291503906295e+02
   1.8490000000000001e+02   3.0809204101562500e+01
   1.8500000000000000e+02   2.4247421264648401e+02
   1.8509999999999999e+02   2.9164959716796898e+02
   1.8609999999999999e+02   8.3360162353515602e+02
   1.8609999999999999e+02   1.1242434082031300e+03
   1.8700000000000000e+02   3.6387420654296898e+02
   1.8709999999999999e+02   1.4356989746093800e+03
   1.8809999999999999e+02   3.8405783081054699e+02
   1.8809999999999999e+02   2.0985166015625000e+03
   1.8909999999999999e+02   8.3763193359375000e+03
   1.8990000000000001e+02   1.5924712181091300e+01
   1.9009999999999999e+02   1.1626296386718800e+03
   1.9100000000000000e+02   1.0006807327270501e+01
   1.9119999999999999e+02   6.7089302062988295e+01
   1.9290000000000001e+02   1.1664093971252401e+01
   1.9400000000000000e+02   1.1925176620483400e+01
   1.9700000000000000e+02   1.8011552810668899e+01
   1.9790000000000001e+02   1.3326538085937500e+01
   1.9809999999999999e+02   1.0914998626709000e+02
   1.9819999999999999e+02   2.4272432327270501e+01
   1.9869999999999999e+02   1.1012639045715300e+01
   1.9900000000000000e+02   1.4792949676513700e+01
   1.9909999999999999e+02   2.5045845031738301e+02
   2.0009999999999999e+02   2.7554470703125000e+04
   2.0109999999999999e+02   4.0505910644531300e+03
   2.0200000000000000e+02   2.1178149414062500e+02
   2.0209999999999999e+02   1.2429615783691401e+02
   2.0300000000000000e+02   2.4201965332031300e+01
   2.0709999999999999e+02   9.7772321701049805e+00
   2.1090000000000001e+02   3.5508289337158203e+01
   2.1100000000000000e+02   8.5627136230468803e+00
   2.1400000000000000e+02   3.0472583007812500e+02
   2.1409999999999999e+02   1.3874374389648401e+02
   2.1500000000000000e+02   2.4256726074218801e+02
   2.1590000000000001e+02   2.0854560852050799e+01
   2.1609999999999999e+02   1.2806491851806601e+00
   2.1919999999999999e+02   1.0785528182983400e+01
   2.2509999999999999e+02   1.1949645996093800e+01
   2.2700000000000000e+02   9.5708179473877006e+00
   2.3109999999999999e+02   1.0891571998596200e+01
   2.3290000000000001e+02   2.4129154205322301e+01
   2.3669999999999999e+02   2.9965854644775401e+01
   2.3709999999999999e+02   3.5239128112792997e+01
   2.3890000000000001e+02   1.0707810401916500e+01
   2.3969999999999999e+02   1.1268389701843301e+01
   2.3990000000000001e+02   1.0809571266174300e+01
   2.4059999999999999e+02   1.3117353439331101e+01
   2.4090000000000001e+02   2.7923049926757798e+01
   2.4109999999999999e+02   7.0819526672363295e+01
   2.4119999999999999e+02   1.0871728515625000e+02
   2.4209999999999999e+02   3.2801663208007801e+02
   2.4319999999999999e+02   6.6583265625000000e+04
   2.4419999999999999e+02   1.1723294921875000e+04
   2.4509999999999999e+02   1.0936457519531300e+03
   2.4609999999999999e+02   1.6349660873413100e+01
   2.7889999999999998e+02   1.6196067810058601e+01
   2.7910000000000002e+02   5.8640121459960902e+01
   2.7919999999999999e+02   1.7416488647460901e+02
   2.7930000000000001e+02   1.1265069961547900e+01
   2.8010000000000002e+02   1.2697612762451200e+01
   2.8869999999999999e+02   1.0029695510864300e+01
   2.9269999999999999e+02   1.2124564170837401e+01
   3.3210000000000002e+02   5.4898468017578097e+01
   3.3310000000000002e+02   9.7615861892700195e+00
