   4.0000000000000000e+01   4.6235340118408203e+01
   4.0899999999999999e+01   5.8811786651611300e+01
   4.1000000000000000e+01   6.1728778076171898e+02
   4.1200000000000003e+01   6.2857055664062500e+01
   4.2100000000000001e+01   3.0579526367187500e+03
   4.3100000000000001e+01   9.2707363281250000e+03
   4.4000000000000000e+01   8.5314923095703102e+02
   4.9700000000000003e+01   1.3615839004516600e+01
   4.9899999999999999e+01   2.5247120666503901e+02
   5.0100000000000001e+01   2.5157000732421901e+02
   5.1000000000000000e+01   2.3431508789062500e+03
   5.2000000000000000e+01   5.6504754638671898e+02
   5.2899999999999999e+01   3.8856937408447301e+01
   5.3000000000000000e+01   9.9594311523437500e+02
   5.4000000000000000e+01   6.3776885986328102e+02
   5.4100000000000001e+01   6.0224291992187500e+02
   5.5000000000000000e+01   3.8395444335937500e+03
   5.6100000000000001e+01   5.3971894531250000e+03
   5.7100000000000001e+01   2.7041789550781300e+03
   5.7899999999999999e+01   2.5607290267944300e+01
   5.8100000000000001e+01   9.8923248291015597e+01
   5.8200000000000003e+01   4.2646938323974602e+01
   5.8899999999999999e+01   2.9714500427246101e+01
   5.9000000000000000e+01   4.6628372192382798e+01
   6.0100000000000001e+01   1.2620377540588400e+01
   6.1899999999999999e+01   9.4270172119140597e+01
   6.2100000000000001e+01   8.7407226562500000e+01
   6.3000000000000000e+01   7.6047705078125000e+02
   6.3200000000000003e+01   1.3838591575622599e+01
   6.4000000000000000e+01   7.3568530273437500e+02
   6.4099999999999994e+01   7.4666778564453097e+01
   6.5000000000000000e+01   1.9922592773437500e+03
   6.6000000000000000e+01   6.6156091308593795e+02
   6.6200000000000003e+01   2.8847402572631800e+01
   6.6900000000000006e+01   1.0628266143798800e+02
   6.7000000000000000e+01   6.1168780517578102e+02
   6.7200000000000003e+01   1.8258180618286101e+01
   6.8000000000000000e+01   7.2458393554687500e+03
   6.8900000000000006e+01   7.8149948120117202e+01
   6.9000000000000000e+01   5.1761425781250000e+02
   6.9900000000000006e+01   1.5934070587158200e+01
   7.0000000000000000e+01   2.5071453857421901e+02
   7.0200000000000003e+01   4.7508251190185497e+01
   7.0900000000000006e+01   2.3642803192138700e+01
   7.1000000000000000e+01   9.8905477523803693e+00
   7.1099999999999994e+01   1.4275680541992200e+01
   7.2700000000000003e+01   7.8683304786682102e+00
   7.2900000000000006e+01   1.3028041839599600e+01
   7.3099999999999994e+01   4.2853347778320298e+01
   7.4000000000000000e+01   1.5926853942871099e+02
   7.4099999999999994e+01   5.4272506713867202e+01
   7.4900000000000006e+01   1.7999052429199199e+02
   7.5099999999999994e+01   6.4691627502441406e+01
   7.5900000000000006e+01   1.4743193054199199e+02
   7.6099999999999994e+01   3.9292120361328102e+02
   7.7000000000000000e+01   8.2968105468750000e+03
   7.8000000000000000e+01   6.8947375488281295e+02
   7.8099999999999994e+01   5.7578857421875000e+02
   7.9000000000000000e+01   2.7063391113281301e+02
   7.9099999999999994e+01   1.6383314514160199e+02
   7.9900000000000006e+01   7.4582351684570298e+01
   8.0000000000000000e+01   1.0981512451171900e+03
   8.1000000000000000e+01   2.0191456604003901e+02
   8.1200000000000003e+01   2.8689181518554699e+02
   8.2099999999999994e+01   1.4880545898437500e+04
   8.3099999999999994e+01   1.3485419921875000e+04
   8.4099999999999994e+01   5.4765283203125000e+03
   8.4799999999999997e+01   2.7420570373535199e+01
   8.5000000000000000e+01   4.4136965942382801e+02
   8.5799999999999997e+01   1.7136882781982401e+01
   8.6900000000000006e+01   1.3640442848205600e+01
   8.7900000000000006e+01   1.4851069450378400e+01
   8.9000000000000000e+01   4.4170208740234398e+02
   8.9900000000000006e+01   1.2769132995605500e+02
   9.0099999999999994e+01   2.9091241455078102e+02
   9.0900000000000006e+01   1.4010322570800801e+02
   9.1099999999999994e+01   3.1043752441406300e+03
   9.1900000000000006e+01   1.3806186676025400e+01
   9.2000000000000000e+01   1.3296411132812500e+03
   9.3000000000000000e+01   9.4823779296875000e+03
   9.3900000000000006e+01   3.7942607879638700e+01
   9.4000000000000000e+01   1.3328782958984400e+03
   9.4099999999999994e+01   1.8303341674804699e+02
   9.4900000000000006e+01   1.5971157836914099e+02
   9.5000000000000000e+01   4.7219421386718800e+01
   9.5799999999999997e+01   3.9916725158691399e+01
   9.6000000000000000e+01   9.9204158782959002e+00
   9.6200000000000003e+01   9.0644598007202095e+00
   9.6900000000000006e+01   1.8103904724121101e+01
   9.7200000000000003e+01   2.9459331512451200e+01
   9.8000000000000000e+01   4.0151363372802699e+01
   1.0190000000000001e+02   4.2641788482666001e+01
   1.0209999999999999e+02   2.4948993682861300e+01
   1.0270000000000000e+02   1.5388601303100600e+01
   1.0290000000000001e+02   1.2531964111328099e+02
   1.0300000000000000e+02   3.5591455078125000e+02
   1.0390000000000001e+02   3.3098999023437500e+01
   1.0400000000000000e+02   2.1556228027343800e+03
   1.0480000000000000e+02   4.1318584442138700e+01
   1.0490000000000001e+02   1.1507034301757800e+02
   1.0509999999999999e+02   3.1742965698242199e+02
   1.0600000000000000e+02   1.2294920654296900e+03
   1.0690000000000001e+02   2.9471378326416001e+01
   1.0700000000000000e+02   2.1004879760742199e+02
   1.0900000000000000e+02   3.4376052856445298e+01
   1.1200000000000000e+02   1.9520412445068398e+01
   1.1290000000000001e+02   1.3957870483398401e+02
   1.1309999999999999e+02   3.5832623291015602e+02
   1.1309999999999999e+02   3.1795297622680700e+01
   1.1390000000000001e+02   2.0795927047729499e+01
   1.1490000000000001e+02   7.7712638854980497e+01
   1.1500000000000000e+02   3.1916802978515602e+02
   1.1590000000000001e+02   7.9803100585937500e+01
   1.1609999999999999e+02   2.0091921997070301e+02
   1.1620000000000000e+02   5.7934543609619098e+01
   1.1700000000000000e+02   1.9300335693359400e+03
   1.1709999999999999e+02   8.1745788574218807e+01
   1.1809999999999999e+02   7.1227807617187500e+03
   1.1890000000000001e+02   8.8003021240234403e+01
   1.1900000000000000e+02   2.3063071289062500e+03
   1.2009999999999999e+02   6.3491728515625000e+03
   1.2100000000000000e+02   5.8636633300781295e+02
   1.2109999999999999e+02   2.2597398757934599e+01
   1.2490000000000001e+02   2.3579851150512699e+01
   1.2700000000000000e+02   2.2920027160644500e+02
   1.2709999999999999e+02   9.3893074035644503e+01
   1.2780000000000000e+02   1.4293899536132800e+01
   1.2800000000000000e+02   6.3462440490722699e+01
   1.2809999999999999e+02   1.5191698074340801e+01
   1.2909999999999999e+02   1.4001992797851599e+02
   1.2990000000000001e+02   7.8577423095703097e+01
   1.3000000000000000e+02   1.7621577148437500e+03
   1.3080000000000001e+02   5.0521102905273402e+01
   1.3100000000000000e+02   1.1507344818115200e+02
   1.3109999999999999e+02   5.8160742187500000e+02
   1.3200000000000000e+02   3.4213054199218800e+03
   1.3300000000000000e+02   1.0650854492187500e+03
   1.3390000000000001e+02   3.8353553771972699e+01
   1.3400000000000000e+02   4.8227197265625000e+02
   1.3419999999999999e+02   4.2002754211425803e+01
   1.3490000000000001e+02   3.5261417388916001e+01
   1.3509999999999999e+02   1.1224432373046900e+03
   1.3609999999999999e+02   2.8674526367187500e+03
   1.3700000000000000e+02   4.2389166259765602e+02
   1.3800000000000000e+02   1.4448032379150400e+01
   1.4190000000000001e+02   1.1825206756591800e+02
   1.4200000000000000e+02   1.7419400024414099e+02
   1.4290000000000001e+02   7.2117759704589801e+01
   1.4300000000000000e+02   1.2559130096435500e+02
   1.4309999999999999e+02   2.6649372100830099e+01
   1.4400000000000000e+02   6.5113110351562500e+02
   1.4490000000000001e+02   8.7833702087402301e+01
   1.4500000000000000e+02   1.1337602996826200e+02
   1.4509999999999999e+02   1.7594403076171901e+02
   1.4519999999999999e+02   1.2600861549377401e+01
   1.4590000000000001e+02   5.7338821411132798e+01
   1.4609999999999999e+02   2.3902502441406300e+03
   1.4700000000000000e+02   6.0834960937500000e+02
   1.4709999999999999e+02   4.9640753173828102e+02
   1.4790000000000001e+02   2.6359670639038100e+01
   1.4800000000000000e+02   7.7559799194335895e+01
   1.4809999999999999e+02   5.6645141601562500e+01
   1.5490000000000001e+02   1.8096574783325199e+01
   1.5580000000000001e+02   1.3560802459716800e+01
   1.5600000000000000e+02   2.3300245285034201e+01
   1.5690000000000001e+02   3.0216642379760700e+01
   1.5709999999999999e+02   3.6541202545166001e+01
   1.5800000000000000e+02   2.2617664337158200e+01
   1.5809999999999999e+02   9.1900598144531295e+02
   1.5909999999999999e+02   6.2694003906250000e+03
   1.6000000000000000e+02   7.6316284179687500e+02
   1.6009999999999999e+02   2.7133181762695301e+02
   1.6090000000000001e+02   1.4409618377685501e+01
   1.6100000000000000e+02   4.5092990875244098e+01
   1.6109999999999999e+02   7.8515853881835895e+01
   1.6180000000000001e+02   4.8307983398437500e+01
   1.6209999999999999e+02   1.7689759826660199e+02
   1.6309999999999999e+02   1.5888579368591300e+01
   1.7100000000000000e+02   1.0345787811279300e+02
   1.7109999999999999e+02   1.3155940055847200e+01
   1.7300000000000000e+02   4.5638919830322301e+01
   1.7309999999999999e+02   5.5802997589111300e+01
   1.7380000000000001e+02   1.2892909049987800e+01
   1.7390000000000001e+02   9.5480400085449205e+01
   1.7409999999999999e+02   2.1111497497558599e+02
   1.7430000000000001e+02   1.7298688888549801e+01
   1.7509999999999999e+02   9.2906738281250000e+03
   1.7600000000000000e+02   5.4687561035156300e+01
   1.7609999999999999e+02   1.0897346191406300e+03
   1.7700000000000000e+02   2.8054151535034201e+01
   1.7709999999999999e+02   1.3843419075012200e+01
   1.7809999999999999e+02   1.3695938110351600e+01
   1.8709999999999999e+02   8.8514282226562500e+01
   1.8790000000000001e+02   1.4741258621215801e+01
   1.8800000000000000e+02   8.9561363220214801e+01
   1.8890000000000001e+02   4.8024265289306598e+01
   1.8900000000000000e+02   2.9967333984375000e+02
   1.8909999999999999e+02   1.8729354858398401e+02
   1.9000000000000000e+02   2.2327911376953100e+01
   1.9009999999999999e+02   2.8376533508300799e+01
   1.9909999999999999e+02   3.5484653472900398e+01
   1.9930000000000001e+02   1.7735477447509801e+01
   1.9990000000000001e+02   2.8203300476074201e+01
   2.0000000000000000e+02   2.0041604995727500e+01
   2.0009999999999999e+02   3.5289260864257798e+01
   2.0119999999999999e+02   1.3588331222534199e+01
   2.0669999999999999e+02   1.7302124023437500e+01
   2.0700000000000000e+02   7.1279907226562500e+00
   2.0709999999999999e+02   4.9826267242431598e+01
   2.1080000000000001e+02   2.2956823348998999e+01
   2.1119999999999999e+02   1.3148960113525400e+01
   2.1480000000000001e+02   4.0299003601074197e+01
   2.1490000000000001e+02   1.8465663146972699e+02
   2.1690000000000001e+02   9.2375183105468803e+00
   2.1790000000000001e+02   4.2195045471191399e+01
   2.1809999999999999e+02   1.8958860778808599e+02
   2.1819999999999999e+02   1.9024183654785199e+02
   2.1890000000000001e+02   6.2493839263916001e+01
   2.1900000000000000e+02   6.4352806091308594e+01
   2.2900000000000000e+02   1.6259246826171900e+01
   2.3280000000000001e+02   9.8647203445434606e+00
   2.3290000000000001e+02   4.4750106811523402e+01
   2.3700000000000000e+02   1.8329963684081999e+01
   2.9280000000000001e+02   6.4343252182006800e+00
   2.9289999999999998e+02   3.5665821075439503e+01
   2.9310000000000002e+02   1.4845952987670900e+01
   2.9680000000000001e+02   1.2822150230407701e+01
