   4.0100000000000001e+01   7.3627624511718807e+01
   4.1000000000000000e+01   3.2233107910156300e+03
   4.2000000000000000e+01   8.4935732421875000e+03
   4.3000000000000000e+01   4.8811877441406301e+02
   4.3000000000000000e+01   7.5657330322265602e+02
   4.3200000000000003e+01   1.7233583450317401e+01
   4.4000000000000000e+01   2.0785002441406300e+03
   4.5000000000000000e+01   5.2972942352294901e+01
   4.5299999999999997e+01   1.2928406715393100e+01
   4.9799999999999997e+01   1.2488424301147500e+01
   5.0000000000000000e+01   4.1741589355468801e+02
   5.1000000000000000e+01   1.3844907226562500e+03
   5.1799999999999997e+01   2.1460462570190401e+01
   5.2000000000000000e+01   2.7669903564453102e+02
   5.2100000000000001e+01   9.8688934326171903e+01
   5.2899999999999999e+01   1.7731163024902301e+02
   5.3000000000000000e+01   3.3581124877929699e+02
   5.3100000000000001e+01   1.1069145202636700e+02
   5.3899999999999999e+01   1.4422474670410199e+02
   5.4000000000000000e+01   3.8412594604492199e+02
   5.5000000000000000e+01   2.0722900390625000e+03
   5.6000000000000000e+01   1.3769261474609400e+03
   5.7000000000000000e+01   1.1509949218750000e+04
   5.7899999999999999e+01   2.1714199829101599e+02
   5.8000000000000000e+01   7.4534069824218795e+02
   5.8899999999999999e+01   1.3913359069824199e+02
   5.9200000000000003e+01   4.1269344329833999e+01
   6.0799999999999997e+01   1.2447405815124499e+01
   6.1799999999999997e+01   5.8462997436523402e+01
   6.2000000000000000e+01   1.4278364562988301e+02
   6.3000000000000000e+01   4.2037088012695301e+02
   6.3100000000000001e+01   3.4578347778320301e+02
   6.3799999999999997e+01   1.2216663360595700e+01
   6.3899999999999999e+01   2.4486282348632801e+02
   6.4000000000000000e+01   2.0668643188476599e+02
   6.5000000000000000e+01   3.1146518554687500e+03
   6.5900000000000006e+01   8.0648124694824205e+01
   6.6000000000000000e+01   6.3446020507812500e+02
   6.7000000000000000e+01   7.8334429931640602e+02
   6.7099999999999994e+01   3.2365689086914102e+02
   6.8000000000000000e+01   1.6471131591796900e+03
   6.8900000000000006e+01   6.0627040863037102e+01
   6.9099999999999994e+01   1.7332999267578100e+03
   6.9900000000000006e+01   1.0978590393066401e+02
   7.0000000000000000e+01   1.0019944458007800e+03
   7.0099999999999994e+01   3.3426348876953102e+02
   7.1000000000000000e+01   3.0236135864257801e+02
   7.1099999999999994e+01   9.0149726867675795e+01
   7.2000000000000000e+01   1.1080061912536600e+01
   7.3000000000000000e+01   1.5946126937866200e+01
   7.3099999999999994e+01   1.3907190322876000e+01
   7.3900000000000006e+01   9.7828956604003906e+01
   7.4000000000000000e+01   6.1966690063476598e+01
   7.4900000000000006e+01   6.4076354980468807e+01
   7.5000000000000000e+01   5.7631175994872997e+01
   7.5099999999999994e+01   5.6172950744628899e+01
   7.5799999999999997e+01   3.0372470855712901e+01
   7.6000000000000000e+01   2.4046626281738301e+02
   7.6099999999999994e+01   2.5326361083984401e+02
   7.7000000000000000e+01   9.5355019531250000e+03
   7.7900000000000006e+01   8.1059608459472699e+01
   7.8000000000000000e+01   1.9749824218750000e+03
   7.9099999999999994e+01   3.4279660644531300e+03
   8.0000000000000000e+01   6.4715917968750000e+02
   8.0099999999999994e+01   5.7806354522705099e+01
   8.0900000000000006e+01   6.2514862060546903e+01
   8.1000000000000000e+01   1.5417583007812500e+03
   8.1900000000000006e+01   3.6833236694335902e+01
   8.2000000000000000e+01   2.1354876708984401e+02
   8.2099999999999994e+01   1.0985972900390600e+03
   8.3000000000000000e+01   5.1806652832031295e+02
   8.3799999999999997e+01   3.8170734405517599e+01
   8.4099999999999994e+01   1.3733284912109400e+03
   8.5000000000000000e+01   2.7788270950317401e+01
   8.5200000000000003e+01   2.0006250381469702e+01
   8.5900000000000006e+01   2.9149486541748001e+01
   8.6099999999999994e+01   1.1516783714294400e+01
   8.6799999999999997e+01   1.1589435577392599e+01
   8.8900000000000006e+01   5.1547286987304702e+01
   8.9000000000000000e+01   4.0537219238281301e+02
   8.9099999999999994e+01   2.2790977478027301e+02
   8.9900000000000006e+01   6.3649539947509801e+01
   9.0000000000000000e+01   3.0382205200195301e+02
   9.0200000000000003e+01   1.5929328918457000e+02
   9.1000000000000000e+01   1.2954403320312500e+04
   9.1799999999999997e+01   2.4972921371460000e+01
   9.2000000000000000e+01   1.7324718017578100e+03
   9.2200000000000003e+01   6.6875335693359403e+01
   9.3000000000000000e+01   3.2841423339843800e+03
   9.3900000000000006e+01   5.1852851867675803e+01
   9.4000000000000000e+01   1.7015477294921900e+03
   9.4900000000000006e+01   1.8599594116210901e+02
   9.5099999999999994e+01   2.0516958618164099e+02
   9.5799999999999997e+01   1.7283679962158200e+01
   9.6099999999999994e+01   1.4894525146484400e+03
   9.7000000000000000e+01   1.6687577819824199e+02
   9.7099999999999994e+01   7.5374443054199205e+01
   9.7900000000000006e+01   1.3159747314453099e+02
   9.8099999999999994e+01   4.2479147338867199e+02
   1.0090000000000001e+02   3.5296253204345703e+01
   1.0159999999999999e+02   1.5589056968689000e+01
   1.0200000000000000e+02   1.2265773773193401e+02
   1.0209999999999999e+02   3.2844433593750000e+02
   1.0290000000000001e+02   1.2276387023925800e+02
   1.0300000000000000e+02   2.9797460937500000e+03
   1.0390000000000001e+02   6.6436500549316406e+01
   1.0400000000000000e+02   4.8684223632812500e+03
   1.0509999999999999e+02   1.0470526367187500e+04
   1.0590000000000001e+02   3.4362041473388700e+01
   1.0600000000000000e+02   2.3039829101562500e+03
   1.0680000000000000e+02   1.9146409988403299e+01
   1.0700000000000000e+02   2.4417689514160199e+02
   1.0709999999999999e+02   3.7629360198974602e+01
   1.0780000000000000e+02   5.3119453430175803e+01
   1.0800000000000000e+02   4.0550030517578102e+02
   1.0809999999999999e+02   4.3418374633789102e+02
   1.0820000000000000e+02   5.9892684936523402e+01
   1.0890000000000001e+02   7.6413841247558594e+01
   1.0909999999999999e+02   6.1760485839843795e+02
   1.0920000000000000e+02   1.4059140014648401e+02
   1.1009999999999999e+02   6.5074018554687500e+03
   1.1100000000000000e+02   3.5431671142578102e+02
   1.1109999999999999e+02   3.5214321899414102e+02
   1.1200000000000000e+02   2.6333312988281301e+02
   1.1209999999999999e+02   2.9675933837890602e+02
   1.1470000000000000e+02   1.2023690223693800e+01
   1.1500000000000000e+02   1.8892658996582000e+02
   1.1509999999999999e+02   2.9397906494140602e+02
   1.1520000000000000e+02   6.7458526611328097e+01
   1.1590000000000001e+02   5.7977115631103501e+01
   1.1600000000000000e+02   3.0351242065429699e+02
   1.1700000000000000e+02   1.9806042480468800e+03
   1.1800000000000000e+02   3.2367656250000000e+03
   1.1870000000000000e+02   2.3628713607788100e+01
   1.1890000000000001e+02   1.8456614685058599e+02
   1.1900000000000000e+02   9.8554425048828102e+02
   1.1990000000000001e+02   3.5709304809570298e+01
   1.2000000000000000e+02   3.8795004272460898e+02
   1.2009999999999999e+02   2.5946429443359398e+02
   1.2090000000000001e+02   2.7755846023559599e+01
   1.2100000000000000e+02   3.8345397949218800e+01
   1.2200000000000000e+02   2.2847900390625000e+01
   1.2480000000000000e+02   2.2340185165405298e+01
   1.2590000000000001e+02   1.7898174285888700e+01
   1.2640000000000001e+02   1.2941129684448200e+01
   1.2770000000000000e+02   1.0784740447998001e+01
   1.2790000000000001e+02   5.5218704223632798e+01
   1.2809999999999999e+02   1.3332180786132801e+02
   1.2890000000000001e+02   1.6226884841918899e+01
   1.2900000000000000e+02   1.6870170593261699e+02
   1.2919999999999999e+02   5.2262092590332003e+01
   1.3000000000000000e+02   3.0196486816406300e+03
   1.3009999999999999e+02   7.3033020019531295e+02
   1.3090000000000001e+02   3.9317558288574197e+01
   1.3100000000000000e+02   2.5957934570312500e+03
   1.3209999999999999e+02   6.5655161132812500e+03
   1.3300000000000000e+02   6.3064202880859398e+02
   1.3309999999999999e+02   7.1263342285156295e+02
   1.3400000000000000e+02   6.2501876831054702e+01
   1.3409999999999999e+02   5.7288507080078102e+02
   1.3500000000000000e+02   6.5040649414062500e+01
   1.3669999999999999e+02   3.1268066406250000e+01
   1.3680000000000001e+02   1.6072502136230500e+00
   1.3700000000000000e+02   1.8230151367187500e+02
   1.3780000000000001e+02   1.0461001396179199e+01
   1.4090000000000001e+02   1.0106996536254901e+01
   1.4100000000000000e+02   2.4050878524780298e+01
   1.4169999999999999e+02   1.1548389434814499e+01
   1.4190000000000001e+02   1.0905595779418899e+01
   1.4290000000000001e+02   9.7268554687500000e+01
   1.4300000000000000e+02   1.6674064636230500e+02
   1.4319999999999999e+02   1.3277526855468800e+01
   1.4400000000000000e+02   1.6841127929687500e+03
   1.4490000000000001e+02   9.0993057250976605e+01
   1.4500000000000000e+02   7.0126678466796898e+02
   1.4509999999999999e+02   2.9839456176757801e+02
   1.4600000000000000e+02   7.8475341796875000e+01
   1.4609999999999999e+02   2.0047056884765600e+03
   1.4619999999999999e+02   2.4373682022094702e+01
   1.4690000000000001e+02   5.6161884307861300e+01
   1.4700000000000000e+02   1.6236665344238301e+02
   1.4719999999999999e+02   1.0733972167968800e+02
   1.4790000000000001e+02   3.0301670074462901e+01
   1.4800000000000000e+02   2.4447430419921901e+02
   1.4809999999999999e+02   1.6937133789062500e+02
   1.4890000000000001e+02   1.5237599182128901e+02
   1.4900000000000000e+02   2.9602404785156301e+02
   1.4990000000000001e+02   5.1618618011474602e+01
   1.5000000000000000e+02   3.9577536010742199e+02
   1.5009999999999999e+02   1.1191507339477500e+01
   1.5100000000000000e+02   1.1147556304931600e+01
   1.5119999999999999e+02   2.4838548660278299e+01
   1.5290000000000001e+02   9.7800460815429702e+01
   1.5309999999999999e+02   1.3568444824218801e+02
   1.5390000000000001e+02   1.7913887023925799e+01
   1.5400000000000000e+02   2.7659959793090799e+01
   1.5409999999999999e+02   1.5687417030334499e+01
   1.5490000000000001e+02   1.3372277259826699e+01
   1.5509999999999999e+02   1.1506103515625000e+01
   1.5590000000000001e+02   1.1214124298095700e+02
   1.5600000000000000e+02   6.8136489868164105e+01
   1.5619999999999999e+02   1.5450833320617701e+01
   1.5680000000000001e+02   3.4130760192871101e+01
   1.5690000000000001e+02   3.2722305297851598e+01
   1.5700000000000000e+02   4.9095409393310497e+01
   1.5719999999999999e+02   4.3569480895996101e+01
   1.5800000000000000e+02   3.3995181274414102e+02
   1.5809999999999999e+02   2.3924765014648401e+02
   1.5890000000000001e+02   2.3574942016601599e+02
   1.5909999999999999e+02   7.1597290039062500e+02
   1.5919999999999999e+02   1.3092094421386699e+02
   1.6009999999999999e+02   1.1765876953125000e+04
   1.6090000000000001e+02   2.0516099929809599e+01
   1.6109999999999999e+02   1.5157828369140600e+03
   1.6200000000000000e+02   1.0230492401123000e+02
   1.6209999999999999e+02   1.0996287536621099e+02
   1.6300000000000000e+02   1.1603589057922401e+01
   1.6700000000000000e+02   2.7771455764770501e+01
   1.6800000000000000e+02   2.8242618560791001e+01
   1.6990000000000001e+02   5.5229560852050803e+01
   1.7000000000000000e+02   7.0405609130859403e+01
   1.7090000000000001e+02   2.9721866607666001e+01
   1.7100000000000000e+02   3.7060264587402301e+01
   1.7200000000000000e+02   2.7770541381835898e+02
   1.7209999999999999e+02   5.9738354492187500e+02
   1.7219999999999999e+02   1.3188332557678200e+01
   1.7290000000000001e+02   3.2723850250244098e+01
   1.7300000000000000e+02   1.8362420654296901e+02
   1.7319999999999999e+02   2.7135826110839801e+01
   1.7400000000000000e+02   5.4952465820312500e+02
   1.7409999999999999e+02   4.5674801635742199e+02
   1.7490000000000001e+02   1.2151977539062500e+01
   1.7500000000000000e+02   1.1881850433349599e+02
   1.8400000000000000e+02   2.2985368347168000e+02
   1.8419999999999999e+02   3.1851207733154300e+01
   1.8500000000000000e+02   3.8152572631835902e+01
   1.8509999999999999e+02   2.5437187194824201e+01
   1.8580000000000001e+02   1.4050722122192401e+01
   1.8600000000000000e+02   2.0432301330566401e+02
   1.8619999999999999e+02   1.0457944488525401e+02
   1.8680000000000001e+02   1.1010501861572299e+01
   1.8700000000000000e+02   1.0720736694335901e+02
   1.8709999999999999e+02   1.2859396362304699e+02
   1.8719999999999999e+02   2.4049242019653299e+01
   1.8790000000000001e+02   1.2685122489929199e+01
   1.8800000000000000e+02   1.2438989639282200e+01
   1.8809999999999999e+02   1.0328099250793500e+01
   1.9590000000000001e+02   5.2964786529541001e+01
   1.9690000000000001e+02   1.7896030426025401e+01
   1.9700000000000000e+02   2.9687808990478501e+01
   1.9790000000000001e+02   8.4748222351074205e+01
   1.9809999999999999e+02   5.0885168457031301e+02
   1.9900000000000000e+02   2.2799313354492199e+02
   1.9919999999999999e+02   1.7472775268554699e+02
   2.0000000000000000e+02   4.8666164398193402e+01
   2.0009999999999999e+02   1.1344327392578100e+03
   2.0090000000000001e+02   1.1120146179199200e+02
   2.0109999999999999e+02   7.1615234375000000e+02
   2.0119999999999999e+02   1.5410954284668000e+02
   2.0200000000000000e+02   4.3490966796875000e+01
   2.0209999999999999e+02   1.7804798583984400e+03
   2.0309999999999999e+02   3.2230212402343800e+03
   2.0390000000000001e+02   5.3271308898925803e+01
   2.0409999999999999e+02   4.0990097045898398e+02
   2.0530000000000001e+02   1.7906517028808601e+01
   2.1090000000000001e+02   1.0913312911987299e+01
   2.1100000000000000e+02   2.1777837753295898e+01
   2.1490000000000001e+02   1.9213745117187500e+02
   2.1609999999999999e+02   4.1963627929687500e+03
   2.1700000000000000e+02   3.4912554931640602e+02
   2.1709999999999999e+02   3.8908691406250000e+02
   2.1880000000000001e+02   3.4679481506347699e+01
   2.1890000000000001e+02   2.2785287857055700e+01
   2.1990000000000001e+02   1.1567158699035600e+01
   2.3009999999999999e+02   1.5631460571289099e+02
   2.3009999999999999e+02   6.5685791015625000e+01
   2.3109999999999999e+02   1.1539757728576699e+01
   2.3280000000000001e+02   3.8895217895507798e+01
   2.3290000000000001e+02   1.5520174026489300e+01
   2.3300000000000000e+02   1.9310001373291001e+01
   2.3690000000000001e+02   2.5926897048950199e+01
   2.3700000000000000e+02   7.0724594116210895e+01
   2.4109999999999999e+02   4.0666870117187500e+01
   2.4109999999999999e+02   3.9376045227050803e+01
   2.4519999999999999e+02   1.8579929351806602e+01
   2.5569999999999999e+02   4.4977180480957003e+01
   2.5689999999999998e+02   3.8269855499267599e+01
   2.5710000000000002e+02   1.2226942443847700e+02
   2.5730000000000001e+02   3.6692310333252003e+01
   2.5769999999999999e+02   3.3145099639892599e+01
   2.5819999999999999e+02   3.3958547973632801e+02
   2.5919999999999999e+02   5.3168347656250000e+04
   2.6019999999999999e+02   9.5549882812500000e+03
   2.6110000000000002e+02   4.1446951293945301e+02
   2.6119999999999999e+02   5.9869152832031295e+02
   2.6200000000000000e+02   1.5134749412536600e+01
   2.9300000000000000e+02   1.7697175979614300e+01
   2.9310000000000002e+02   3.2433650970458999e+01
   3.4810000000000002e+02   4.7597122192382798e+01
   3.4819999999999999e+02   4.4824073791503899e+01
   3.4839999999999998e+02   1.3810831069946300e+01
