   4.0100000000000001e+01   2.4545845031738301e+02
   4.1100000000000001e+01   1.0184137695312500e+04
   4.2100000000000001e+01   6.5608925781250000e+03
   4.2899999999999999e+01   9.3859924316406307e+01
   4.3000000000000000e+01   9.0239819335937500e+02
   4.3200000000000003e+01   2.0149742126464801e+01
   4.4000000000000000e+01   2.2273889160156300e+03
   4.5000000000000000e+01   2.1325775146484400e+01
   4.5100000000000001e+01   1.7089157104492202e+01
   4.9899999999999999e+01   1.1097802734375000e+02
   5.0000000000000000e+01   2.8682843017578102e+02
   5.1000000000000000e+01   7.9684942626953102e+02
   5.1000000000000000e+01   3.8543475341796898e+02
   5.2000000000000000e+01   2.9233010864257801e+02
   5.2100000000000001e+01   1.9003454589843801e+02
   5.3000000000000000e+01   3.0431701660156301e+02
   5.3100000000000001e+01   2.0356448364257801e+02
   5.3200000000000003e+01   1.1564864158630400e+01
   5.3899999999999999e+01   7.1485183715820298e+01
   5.4000000000000000e+01   6.0359777832031295e+02
   5.4899999999999999e+01   1.2698553466796901e+02
   5.5000000000000000e+01   1.4413754882812500e+03
   5.6000000000000000e+01   1.1350274658203100e+03
   5.7000000000000000e+01   4.7116473388671898e+02
   5.7100000000000001e+01   2.6274078369140602e+02
   5.7899999999999999e+01   4.7454948425292997e+01
   5.8100000000000001e+01   3.2888294219970703e+01
   5.8799999999999997e+01   5.8632855415344203e+00
   5.8899999999999999e+01   7.4649520874023395e+01
   6.1799999999999997e+01   6.7882431030273395e+01
   6.1899999999999999e+01   1.8816963195800799e+01
   6.2100000000000001e+01   7.5814399719238295e+01
   6.2799999999999997e+01   1.2898930549621600e+01
   6.3000000000000000e+01   6.8114813232421898e+02
   6.3100000000000001e+01   1.6881765365600600e+01
   6.3899999999999999e+01   1.1374291229248000e+02
   6.4000000000000000e+01   1.9243684387207000e+02
   6.4099999999999994e+01   3.7312255859375000e+01
   6.4900000000000006e+01   7.1898757934570298e+01
   6.5000000000000000e+01   2.6445612792968800e+03
   6.5799999999999997e+01   2.6996465682983398e+01
   6.6000000000000000e+01   4.1690667724609398e+02
   6.6099999999999994e+01   6.6016464233398395e+01
   6.6900000000000006e+01   2.7322387695312500e+02
   6.7000000000000000e+01   8.5970800781250000e+02
   6.7900000000000006e+01   9.3737068176269503e+01
   6.8099999999999994e+01   1.6700880126953100e+03
   6.9000000000000000e+01   1.9788378906250000e+04
   7.0000000000000000e+01   2.8089306640625000e+03
   7.1000000000000000e+01   2.3253283691406301e+02
   7.1099999999999994e+01   3.0468755722045898e+01
   7.1200000000000003e+01   4.1604820251464801e+01
   7.2900000000000006e+01   5.9511734008789098e+01
   7.3099999999999994e+01   8.8428831100463903e+00
   7.3900000000000006e+01   2.5815526962280298e+01
   7.4000000000000000e+01   3.8114997863769503e+01
   7.4900000000000006e+01   3.5339550018310497e+01
   7.5000000000000000e+01   1.0308562469482401e+02
   7.5099999999999994e+01   8.5798492431640597e+01
   7.5799999999999997e+01   3.5457389831542997e+01
   7.5900000000000006e+01   3.1497503280639599e+01
   7.6099999999999994e+01   2.0466534423828099e+02
   7.6200000000000003e+01   1.2685632324218800e+02
   7.7000000000000000e+01   8.0867573242187500e+03
   7.7700000000000003e+01   2.5323434829711900e+01
   7.8000000000000000e+01   1.1213090820312500e+03
   7.8099999999999994e+01   6.5706811523437500e+02
   7.8900000000000006e+01   1.5437138366699199e+02
   7.9000000000000000e+01   2.1573232421875000e+03
   7.9099999999999994e+01   2.2052758789062500e+02
   7.9900000000000006e+01   5.1076347351074197e+01
   8.0000000000000000e+01   5.9617883300781295e+02
   8.0900000000000006e+01   7.0678413391113295e+01
   8.1000000000000000e+01   2.5620486450195301e+02
   8.1200000000000003e+01   1.6246946334838899e+01
   8.1900000000000006e+01   4.2954814910888700e+01
   8.2000000000000000e+01   1.0787757568359400e+03
   8.2099999999999994e+01   5.0754505157470703e+01
   8.2900000000000006e+01   1.2027066040039099e+02
   8.3099999999999994e+01   1.8838201904296901e+02
   8.3200000000000003e+01   1.2337903022766101e+01
   8.3900000000000006e+01   2.0252466201782202e+01
   8.4099999999999994e+01   4.2595712280273398e+02
   8.4200000000000003e+01   2.2422901153564499e+01
   8.5099999999999994e+01   3.4172374725341797e+01
   8.7099999999999994e+01   1.3497364044189499e+01
   8.8099999999999994e+01   9.3974561691284197e+00
   8.8799999999999997e+01   1.9224920272827099e+01
   8.8900000000000006e+01   9.2166076660156307e+01
   8.9099999999999994e+01   5.4667053222656295e+02
   9.0099999999999994e+01   5.5299786376953102e+02
   9.0299999999999997e+01   5.2015880584716797e+01
   9.1000000000000000e+01   1.0848514648437500e+04
   9.1900000000000006e+01   1.4513561248779300e+01
   9.2000000000000000e+01   1.3648314208984400e+03
   9.3000000000000000e+01   2.5990607910156300e+03
   9.3900000000000006e+01   9.1704406738281307e+01
   9.4000000000000000e+01   1.2969661865234400e+03
   9.5000000000000000e+01   2.2893829345703099e+02
   9.5099999999999994e+01   5.9884869384765602e+02
   9.6099999999999994e+01   5.6289423828125000e+03
   9.6900000000000006e+01   1.4411987304687500e+01
   9.7000000000000000e+01   6.0224444580078102e+02
   9.7099999999999994e+01   1.9258459472656301e+02
   9.8000000000000000e+01   1.2627627563476599e+02
   9.8099999999999994e+01   1.5606314086914099e+02
   9.8200000000000003e+01   5.1677352905273402e+01
   1.0200000000000000e+02   2.4799470520019500e+02
   1.0209999999999999e+02   1.1238985443115200e+02
   1.0300000000000000e+02   1.4698374023437500e+03
   1.0309999999999999e+02   1.3168909912109400e+03
   1.0400000000000000e+02   3.6623645019531300e+03
   1.0409999999999999e+02   1.3352037048339801e+02
   1.0509999999999999e+02   9.0662666015625000e+03
   1.0600000000000000e+02   8.4063238525390602e+02
   1.0609999999999999e+02   6.8947534179687500e+02
   1.0690000000000001e+02   4.5928108215332003e+01
   1.0700000000000000e+02   9.7556671142578097e+01
   1.0720000000000000e+02   1.0969606399536101e+01
   1.0790000000000001e+02   2.1773788452148398e+01
   1.0809999999999999e+02   5.7628463745117202e+01
   1.0909999999999999e+02   2.5843305587768601e+01
   1.0980000000000000e+02   1.0083603858947800e+01
   1.1000000000000000e+02   9.6651163101196307e+00
   1.1090000000000001e+02   1.5350244522094700e+01
   1.1120000000000000e+02   2.6365079879760700e+01
   1.1190000000000001e+02   3.7887432098388700e+01
   1.1209999999999999e+02   2.9224216461181602e+01
   1.1490000000000001e+02   1.5143987655639600e+01
   1.1500000000000000e+02   4.8452374267578102e+02
   1.1509999999999999e+02   7.3146881103515597e+01
   1.1590000000000001e+02   1.7501347351074199e+02
   1.1600000000000000e+02   1.2006701660156300e+02
   1.1609999999999999e+02   6.6839004516601605e+01
   1.1690000000000001e+02   4.8322498321533203e+01
   1.1700000000000000e+02   1.5441123046875000e+03
   1.1800000000000000e+02   8.4144970703125000e+02
   1.1809999999999999e+02   2.0141821289062500e+03
   1.1900000000000000e+02   8.2801416015625000e+02
   1.1990000000000001e+02   3.2480640411377003e+01
   1.2000000000000000e+02   4.6574804687500000e+02
   1.2020000000000000e+02   1.7121549606323200e+01
   1.2100000000000000e+02   1.3623767852783200e+01
   1.2680000000000000e+02   9.7326316833496094e+00
   1.2720000000000000e+02   1.7779266357421900e+01
   1.2790000000000001e+02   1.1429878997802700e+02
   1.2809999999999999e+02   9.5880706787109403e+01
   1.2900000000000000e+02   1.5971427917480500e+02
   1.2909999999999999e+02   1.0313678741455099e+02
   1.2919999999999999e+02   1.0914822578430201e+01
   1.2990000000000001e+02   4.7175819396972699e+01
   1.3009999999999999e+02   4.1134492187500000e+03
   1.3090000000000001e+02   2.6674869537353501e+01
   1.3109999999999999e+02   2.3438156738281300e+03
   1.3200000000000000e+02   2.5745209960937500e+03
   1.3209999999999999e+02   2.0268308105468800e+03
   1.3300000000000000e+02   4.3765106201171898e+02
   1.3309999999999999e+02   3.3712457275390602e+02
   1.3390000000000001e+02   3.6483623504638700e+01
   1.3409999999999999e+02   3.5652758789062500e+02
   1.3519999999999999e+02   9.9091787338256800e+00
   1.3700000000000000e+02   1.2242846679687500e+02
   1.3900000000000000e+02   1.0563741302490200e+02
   1.3909999999999999e+02   9.0882995605468807e+01
   1.4119999999999999e+02   1.1831543922424300e+01
   1.4200000000000000e+02   4.2575592041015597e+01
   1.4290000000000001e+02   6.1790046691894503e+01
   1.4300000000000000e+02   9.8857864379882798e+01
   1.4309999999999999e+02   7.7662178039550795e+01
   1.4400000000000000e+02   9.6500421142578102e+02
   1.4419999999999999e+02   2.0624354553222699e+02
   1.4490000000000001e+02   4.9126411437988303e+01
   1.4509999999999999e+02   4.0312036132812500e+02
   1.4519999999999999e+02   2.1574597167968801e+02
   1.4609999999999999e+02   1.4920894531250000e+04
   1.4700000000000000e+02   2.6368246078491200e+01
   1.4709999999999999e+02   1.1001164550781300e+03
   1.4709999999999999e+02   7.0776721191406295e+02
   1.4800000000000000e+02   2.0377836608886699e+02
   1.4809999999999999e+02   3.5673667907714801e+01
   1.5500000000000000e+02   1.0731637001037599e+01
   1.5590000000000001e+02   1.0858774566650401e+02
   1.5609999999999999e+02   1.0908172607421901e+02
   1.5690000000000001e+02   7.0486877441406307e+01
   1.5709999999999999e+02   7.9548553466796903e+01
   1.5800000000000000e+02   1.1508299560546900e+03
   1.5809999999999999e+02   2.3891256713867199e+02
   1.5900000000000000e+02   3.9117504882812500e+02
   1.5909999999999999e+02   3.0288473510742199e+02
   1.6000000000000000e+02   5.6231085205078102e+02
   1.6009999999999999e+02   4.3641705322265602e+02
   1.6100000000000000e+02   4.0868450927734398e+02
   1.6109999999999999e+02   1.2717385864257800e+02
   1.6200000000000000e+02   9.3317481994628906e+01
   1.6209999999999999e+02   8.9549018859863295e+01
   1.6309999999999999e+02   1.3375611305236800e+01
   1.6809999999999999e+02   1.3348039627075201e+01
   1.6990000000000001e+02   5.6549148559570298e+01
   1.7009999999999999e+02   5.5189548492431598e+01
   1.7200000000000000e+02   7.0072052001953097e+01
   1.7200000000000000e+02   7.2724403381347699e+01
   1.7209999999999999e+02   8.8268203735351605e+01
   1.7300000000000000e+02   1.6060928344726599e+02
   1.7309999999999999e+02   1.1924448394775401e+02
   1.7330000000000001e+02   9.6028566360473597e+00
   1.7400000000000000e+02   4.6182479858398402e+01
   1.7409999999999999e+02   2.3075489044189499e+01
   1.7509999999999999e+02   3.0742298126220700e+01
   1.8209999999999999e+02   6.3194877624511697e+01
   1.8290000000000001e+02   1.4990325927734400e+01
   1.8390000000000001e+02   3.6995616912841797e+01
   1.8400000000000000e+02   5.5280957031250000e+02
   1.8419999999999999e+02   1.1268836975097700e+02
   1.8490000000000001e+02   6.8835304260253906e+01
   1.8509999999999999e+02   2.4718997192382801e+02
   1.8519999999999999e+02   1.1147090148925800e+02
   1.8609999999999999e+02   7.3804833984375000e+02
   1.8609999999999999e+02   4.5950494384765602e+02
   1.8700000000000000e+02   1.0671691894531300e+02
   1.8709999999999999e+02   8.9404016113281295e+02
   1.8719999999999999e+02   1.3511514282226599e+02
   1.8809999999999999e+02   1.8952015380859400e+03
   1.8909999999999999e+02   1.5989458984375000e+04
   1.9009999999999999e+02   2.1986938476562500e+03
   1.9109999999999999e+02   7.2765617370605497e+01
   1.9119999999999999e+02   4.2241508483886697e+01
   1.9709999999999999e+02   2.4906795501708999e+01
   1.9990000000000001e+02   1.1046951293945300e+01
   2.0000000000000000e+02   1.1288206100463899e+01
   2.0009999999999999e+02   3.9904140472412102e+01
   2.0690000000000001e+02   1.0499222755432100e+01
   2.1069999999999999e+02   1.2285470962524400e+01
   2.1090000000000001e+02   3.2296905517578097e+01
   2.1100000000000000e+02   1.9352098464965799e+01
   2.1300000000000000e+02   1.1057265281677200e+01
   2.1400000000000000e+02   1.9275154113769499e+01
   2.1409999999999999e+02   3.1191000976562500e+03
   2.1509999999999999e+02   5.2742108154296898e+02
   2.1519999999999999e+02   5.2079586029052699e+01
   2.1609999999999999e+02   4.8742263793945298e+01
   2.2790000000000001e+02   3.5972434997558601e+01
   2.2819999999999999e+02   9.8578804016113295e+01
   2.2890000000000001e+02   3.0099206924438501e+01
   2.2900000000000000e+02   9.0168601989746094e+01
   2.3290000000000001e+02   3.3652824401855497e+01
   2.3709999999999999e+02   2.0757707595825199e+01
   2.4300000000000000e+02   1.2226837158203100e+01
   2.5350000000000000e+02   1.0301367759704601e+01
   2.5430000000000001e+02   1.0295735359191900e+01
   2.5509999999999999e+02   9.7939929962158203e+00
   2.5519999999999999e+02   1.0101343536377000e+02
   2.5569999999999999e+02   1.2644039154052701e+01
   2.5590000000000001e+02   3.4611343383789098e+01
   2.5619999999999999e+02   1.6776087951660199e+02
   2.5719999999999999e+02   3.3862574218750000e+04
   2.5819999999999999e+02   6.2360429687500000e+03
   2.5900000000000000e+02   1.1342245101928700e+01
   2.5910000000000002e+02   5.6783874511718795e+02
   2.5919999999999999e+02   1.3329882812500000e+02
   2.7910000000000002e+02   8.5121780395507798e+01
   3.4600000000000000e+02   1.0395599365234400e+01
   3.4619999999999999e+02   7.4047691345214801e+01
