   4.0100000000000001e+01   1.3154764404296900e+03
   4.1100000000000001e+01   8.8538251953125000e+03
   4.2100000000000001e+01   2.3365964843750000e+04
   4.3000000000000000e+01   2.8123051757812500e+03
   4.4100000000000001e+01   3.4899284667968800e+03
   4.5000000000000000e+01   1.0646421051025401e+02
   4.5399999999999999e+01   1.0606658935546900e+01
   4.6399999999999999e+01   1.1359958648681600e+01
   4.8899999999999999e+01   1.2956575012207000e+02
   4.9100000000000001e+01   6.8657516479492202e+01
   5.0000000000000000e+01   2.6331948242187500e+03
   5.1000000000000000e+01   1.2197659179687500e+04
   5.2000000000000000e+01   3.2530913085937500e+03
   5.3000000000000000e+01   3.8622927246093800e+03
   5.4000000000000000e+01   4.7806718750000000e+03
   5.5100000000000001e+01   1.9983369140625000e+04
   5.6100000000000001e+01   1.6254761718750000e+04
   5.7000000000000000e+01   8.3297664062500000e+04
   5.8100000000000001e+01   3.1540603027343800e+03
   5.8899999999999999e+01   1.0168733215332000e+02
   5.9000000000000000e+01   1.9811434936523401e+02
   5.9100000000000001e+01   1.5834268188476599e+02
   6.0000000000000000e+01   2.1983585357666001e+01
   6.0899999999999999e+01   1.3733848571777301e+02
   6.1000000000000000e+01   1.4624919128418000e+02
   6.1100000000000001e+01   3.5671485900878899e+01
   6.1799999999999997e+01   1.7242271423339801e+01
   6.2000000000000000e+01   5.3454125976562500e+02
   6.2000000000000000e+01   7.5575396728515602e+02
   6.3000000000000000e+01   7.5915366210937500e+03
   6.4000000000000000e+01   5.2855825195312500e+03
   6.5000000000000000e+01   5.2771738281250000e+04
   6.6000000000000000e+01   5.9612817382812500e+03
   6.7000000000000000e+01   4.4895556640625000e+03
   6.8000000000000000e+01   4.3867055664062500e+03
   6.9099999999999994e+01   9.5626210937500000e+03
   7.0099999999999994e+01   2.6001679687500000e+03
   7.0900000000000006e+01   3.0091318130493200e+01
   7.1099999999999994e+01   5.2343237304687500e+02
   7.1799999999999997e+01   1.7561792373657202e+01
   7.2000000000000000e+01   1.3639312744140599e+02
   7.2099999999999994e+01   4.1894424438476598e+01
   7.2700000000000003e+01   1.3539350509643601e+01
   7.3000000000000000e+01   2.2136483764648401e+02
   7.3099999999999994e+01   6.6660835266113295e+01
   7.3299999999999997e+01   1.0980596542358400e+01
   7.4000000000000000e+01   1.5713873291015600e+03
   7.4900000000000006e+01   1.4834399414062500e+02
   7.5000000000000000e+01   1.1964692382812500e+03
   7.6099999999999994e+01   3.2384133300781300e+03
   7.7000000000000000e+01   5.7082761718750000e+04
   7.8000000000000000e+01   9.7704072265625000e+03
   7.9000000000000000e+01   4.0590078125000000e+03
   8.0000000000000000e+01   1.4202067565918000e+02
   8.0099999999999994e+01   7.1519052734375000e+03
   8.1200000000000003e+01   4.6291918945312500e+03
   8.2099999999999994e+01   4.6995293750000000e+05
   8.3099999999999994e+01   2.8234533203125000e+04
   8.3900000000000006e+01   7.7580162048339801e+01
   8.4099999999999994e+01   1.5443615722656300e+03
   8.5000000000000000e+01   4.2788394927978501e+01
   8.5099999999999994e+01   7.7299217224121094e+01
   8.5200000000000003e+01   4.0733177185058601e+01
   8.5900000000000006e+01   1.1548807525634800e+02
   8.6000000000000000e+01   1.2967784118652301e+02
   8.6099999999999994e+01   4.3594676971435497e+01
   8.6900000000000006e+01   7.7243965148925795e+01
   8.7000000000000000e+01   2.1564915466308599e+02
   8.7200000000000003e+01   5.0555931091308601e+01
   8.7700000000000003e+01   1.8572168350219702e+01
   8.7900000000000006e+01   1.3138174438476599e+02
   8.8099999999999994e+01   3.1214242553710898e+02
   8.8299999999999997e+01   5.7771251678466797e+01
   8.9000000000000000e+01   1.3597308593750000e+04
   9.0099999999999994e+01   1.5861682617187500e+04
   9.1000000000000000e+01   6.4130000000000000e+05
   9.2099999999999994e+01   6.2666046875000000e+04
   9.3099999999999994e+01   2.2884679687500000e+04
   9.4099999999999994e+01   6.1288520507812500e+03
   9.4900000000000006e+01   4.2519168853759801e+01
   9.5000000000000000e+01   1.2279447021484400e+03
   9.5099999999999994e+01   3.7879782104492199e+02
   9.5200000000000003e+01   7.6693092346191406e+01
   9.6099999999999994e+01   1.9257750000000000e+04
   9.7000000000000000e+01   1.8540997314453100e+03
   9.7200000000000003e+01   3.5394893646240199e+01
   9.8000000000000000e+01   2.7331448364257801e+02
   9.8099999999999994e+01   9.1055191040039105e+01
   9.8200000000000003e+01   3.3103126525878899e+01
   9.9000000000000000e+01   1.6814627075195301e+02
   9.9200000000000003e+01   7.5941078186035199e+01
   9.9900000000000006e+01   8.4085762023925795e+01
   1.0000000000000000e+02   5.1493176269531295e+02
   1.0080000000000000e+02   1.7175859451293899e+01
   1.0100000000000000e+02   1.6073518371582000e+02
   1.0120000000000000e+02   5.6438468933105497e+01
   1.0180000000000000e+02   1.6342927932739300e+01
   1.0200000000000000e+02   5.5686059570312500e+02
   1.0209999999999999e+02   2.9385876464843801e+02
   1.0309999999999999e+02   5.3354287109375000e+03
   1.0400000000000000e+02   2.7720785156250000e+04
   1.0509999999999999e+02   1.0064159179687500e+04
   1.0609999999999999e+02   1.5918258789062500e+04
   1.0700000000000000e+02   1.2440716552734400e+03
   1.0709999999999999e+02   2.1508555603027301e+02
   1.0790000000000001e+02   4.8149326324462898e+01
   1.0809999999999999e+02   9.0736190795898395e+01
   1.0890000000000001e+02   4.2725055694580099e+01
   1.0909999999999999e+02   2.3316856384277301e+01
   1.1009999999999999e+02   6.0603717803955099e+01
   1.1100000000000000e+02   3.6966358184814503e+01
   1.1109999999999999e+02   1.3637998580932599e+01
   1.1120000000000000e+02   1.6285139083862301e+01
   1.1190000000000001e+02   3.6889709472656300e+01
   1.1200000000000000e+02   3.3463995361328102e+02
   1.1280000000000000e+02   1.2573602676391600e+01
   1.1300000000000000e+02   2.0056158447265599e+02
   1.1309999999999999e+02   1.3609440612793000e+02
   1.1400000000000000e+02   5.8223492431640602e+02
   1.1500000000000000e+02   3.5602319335937500e+03
   1.1509999999999999e+02   7.3734039306640602e+02
   1.1580000000000000e+02   3.7297183990478501e+01
   1.1600000000000000e+02   1.8512477111816401e+02
   1.1609999999999999e+02   2.5834982910156300e+03
   1.1709999999999999e+02   2.2019787109375000e+04
   1.1809999999999999e+02   6.3565117187500000e+04
   1.1909999999999999e+02   3.3275363281250000e+04
   1.2009999999999999e+02   2.5565199218750000e+04
   1.2100000000000000e+02   5.7262524414062500e+02
   1.2109999999999999e+02   1.9100358886718800e+03
   1.2200000000000000e+02   6.2212345123291001e+01
   1.2220000000000000e+02   2.1314517974853501e+01
   1.2470000000000000e+02   2.1732183456420898e+01
   1.2490000000000001e+02   1.0643068695068401e+02
   1.2500000000000000e+02   1.1062011718750000e+02
   1.2590000000000001e+02   1.2919061660766600e+01
   1.2600000000000000e+02   1.1182608795166000e+02
   1.2620000000000000e+02   3.1453691482543899e+01
   1.2670000000000000e+02   2.8851799011230501e+01
   1.2700000000000000e+02   2.0386698913574199e+02
   1.2700000000000000e+02   5.3976000976562500e+02
   1.2720000000000000e+02   3.4038150787353501e+01
   1.2790000000000001e+02   9.1818527221679702e+01
   1.2800000000000000e+02   1.6988640136718800e+03
   1.2900000000000000e+02   5.8419604492187500e+02
   1.2909999999999999e+02   1.3015944824218800e+03
   1.3000000000000000e+02   1.6850193359375000e+04
   1.3109999999999999e+02   8.6173447265625000e+03
   1.3209999999999999e+02   5.9543984375000000e+04
   1.3309999999999999e+02   1.1088376953125000e+04
   1.3409999999999999e+02   1.9996445312500000e+04
   1.3509999999999999e+02   2.1560695800781300e+03
   1.3590000000000001e+02   1.8075290679931602e+01
   1.3609999999999999e+02   4.1226047515869098e+01
   1.3619999999999999e+02   1.6790691375732401e+01
   1.3690000000000001e+02   4.2475135803222699e+01
   1.3700000000000000e+02   2.4244659423828099e+02
   1.3800000000000000e+02   9.8251552581787092e+00
   1.3900000000000000e+02   1.4476521301269500e+02
   1.3909999999999999e+02   3.0276824951171898e+02
   1.3990000000000001e+02   1.0040539550781300e+02
   1.4009999999999999e+02   9.5003204345703097e+01
   1.4090000000000001e+02   9.5076744079589801e+01
   1.4109999999999999e+02   2.7411080932617199e+02
   1.4119999999999999e+02   2.1669244766235401e+01
   1.4140000000000001e+02   1.5884261131286600e+01
   1.4190000000000001e+02   1.0662136840820300e+02
   1.4209999999999999e+02   4.8786563110351602e+02
   1.4219999999999999e+02   3.0965847015380898e+01
   1.4309999999999999e+02   2.5067890625000000e+03
   1.4409999999999999e+02   2.5511523437500000e+04
   1.4509999999999999e+02   2.3900494140625000e+04
   1.4609999999999999e+02   7.6690828125000000e+04
   1.4709999999999999e+02   1.1226140625000000e+04
   1.4809999999999999e+02   2.2366374511718800e+03
   1.4909999999999999e+02   3.7957287597656300e+03
   1.5009999999999999e+02   1.3182244140625000e+04
   1.5019999999999999e+02   2.0123568725585901e+02
   1.5100000000000000e+02   1.4567126464843800e+03
   1.5119999999999999e+02   5.3767681121826200e+01
   1.5200000000000000e+02   2.0003134155273401e+02
   1.5209999999999999e+02   1.4671195983886699e+02
   1.5300000000000000e+02   1.0002693176269500e+02
   1.5309999999999999e+02   1.1736518096923800e+02
   1.5400000000000000e+02   1.4785523986816401e+02
   1.5409999999999999e+02   1.2994940185546901e+02
   1.5500000000000000e+02   2.3590065002441401e+02
   1.5509999999999999e+02   1.7081275939941401e+02
   1.5600000000000000e+02   3.6707266235351602e+02
   1.5609999999999999e+02   7.5222375488281295e+02
   1.5700000000000000e+02   9.3335502624511705e+01
   1.5709999999999999e+02   9.9238751220703102e+02
   1.5809999999999999e+02   3.1562048828125000e+04
   1.5909999999999999e+02   5.2961743164062500e+03
   1.6009999999999999e+02   2.2925629882812500e+03
   1.6019999999999999e+02   1.3041722106933599e+02
   1.6090000000000001e+02   5.1659675598144503e+01
   1.6100000000000000e+02   2.5795214843750000e+02
   1.6109999999999999e+02   5.2248376464843795e+02
   1.6200000000000000e+02   1.4419796752929699e+02
   1.6209999999999999e+02   7.3087394714355497e+01
   1.6300000000000000e+02   5.4415748596191399e+01
   1.6319999999999999e+02   1.0324835777282701e+01
   1.6469999999999999e+02   1.0459277153015099e+01
   1.6490000000000001e+02   1.5468008422851599e+02
   1.6509999999999999e+02   1.9623014831543000e+02
   1.6559999999999999e+02   1.2121945381164601e+01
   1.6580000000000001e+02   7.4447158813476605e+01
   1.6609999999999999e+02   1.8152494430541999e+01
   1.6619999999999999e+02   5.4486476898193402e+01
   1.6690000000000001e+02   9.7783134460449205e+01
   1.6700000000000000e+02   2.5865484619140602e+02
   1.6780000000000001e+02   1.0438863754272500e+01
   1.6800000000000000e+02   2.5494352722168000e+02
   1.6809999999999999e+02   1.3613581848144500e+02
   1.6900000000000000e+02   2.5043006896972699e+02
   1.6909999999999999e+02   1.5773361206054699e+02
   1.6940000000000001e+02   1.6489397048950199e+01
   1.7009999999999999e+02   4.1455644531250000e+03
   1.7109999999999999e+02   8.5896813964843795e+02
   1.7119999999999999e+02   2.6793400878906300e+03
   1.7209999999999999e+02   1.1847759375000000e+05
   1.7309999999999999e+02   1.1146857031250000e+05
   1.7409999999999999e+02   4.6664996093750000e+04
   1.7509999999999999e+02   8.1375922851562500e+03
   1.7609999999999999e+02   6.4267901611328102e+02
   1.7609999999999999e+02   1.0075798950195300e+03
   1.7700000000000000e+02   8.6789497375488295e+01
   1.7709999999999999e+02   4.9248561859130902e+01
   1.7719999999999999e+02   1.0844286918640099e+01
   1.7800000000000000e+02   1.8875890731811499e+01
   1.7980000000000001e+02   1.4877480506896999e+01
   1.8000000000000000e+02   1.4292153930664099e+02
   1.8009999999999999e+02   1.7798818969726599e+02
   1.8090000000000001e+02   4.3040233612060497e+01
   1.8100000000000000e+02   6.5389152526855497e+01
   1.8109999999999999e+02   4.5291618347167997e+01
   1.8180000000000001e+02   1.3989445686340300e+01
   1.8200000000000000e+02   3.2684974670410199e+01
   1.8209999999999999e+02   2.1343519592285199e+02
   1.8300000000000000e+02   7.3917686462402301e+01
   1.8309999999999999e+02   1.5988509178161600e+01
   1.8409999999999999e+02   1.1735062408447300e+02
   1.8419999999999999e+02   3.3817295074462898e+01
   1.8490000000000001e+02   4.6549110412597699e+01
   1.8509999999999999e+02   1.2284577178955099e+02
   1.8580000000000001e+02   1.3986110687255900e+01
   1.8600000000000000e+02   1.4669769287109401e+02
   1.8609999999999999e+02   4.2046157836914098e+01
   1.8700000000000000e+02   1.0934638214111300e+02
   1.8709999999999999e+02   3.1134231567382801e+02
   1.8809999999999999e+02   1.3322917480468800e+03
   1.8900000000000000e+02   6.1795391082763700e+01
   1.8909999999999999e+02   1.5564147949218800e+03
   1.9009999999999999e+02   7.0648378906250000e+03
   1.9100000000000000e+02   2.2614739990234401e+02
   1.9109999999999999e+02   1.1267938232421900e+03
   1.9200000000000000e+02   8.6934921264648395e+01
   1.9209999999999999e+02   1.0313864898681599e+02
   1.9300000000000000e+02   7.3203437805175795e+01
   1.9309999999999999e+02   7.3680229187011705e+01
   1.9400000000000000e+02   1.4680018615722699e+02
   1.9409999999999999e+02   1.6066104125976599e+02
   1.9480000000000001e+02   2.6119421005248999e+01
   1.9500000000000000e+02   3.4860546112060497e+01
   1.9509999999999999e+02   8.7417381286621094e+01
   1.9600000000000000e+02   3.2941143035888700e+01
   1.9609999999999999e+02   1.0515228271484400e+01
   1.9700000000000000e+02   2.5554374694824201e+01
   1.9909999999999999e+02   1.1354176521301300e+01
   1.9990000000000001e+02   1.1553662300109901e+01
   2.0009999999999999e+02   4.5854507446289098e+01
   2.0030000000000001e+02   1.6758342742919901e+01
   2.0100000000000000e+02   2.0396240234375000e+02
   2.0119999999999999e+02   7.6168861389160199e+01
   2.0200000000000000e+02   3.2810461425781301e+02
   2.0209999999999999e+02   1.3311104736328100e+03
   2.0309999999999999e+02   1.5902055664062500e+03
   2.0390000000000001e+02   4.8375225067138700e+01
   2.0400000000000000e+02   7.0213275146484398e+02
   2.0500000000000000e+02   1.4560512542724600e+01
   2.0519999999999999e+02   4.2142227172851598e+01
   2.0590000000000001e+02   2.4170564651489300e+01
   2.0600000000000000e+02   5.1264125823974602e+01
   2.0609999999999999e+02   5.6088142395019503e+01
   2.0680000000000001e+02   2.5815107345581101e+01
   2.0700000000000000e+02   1.0152514648437500e+02
   2.0800000000000000e+02   7.7450872802734398e+02
   2.0819999999999999e+02   1.1067610168457000e+02
   2.0900000000000000e+02   9.0996307373046903e+01
   2.0919999999999999e+02   7.6680427551269503e+01
   2.0969999999999999e+02   2.2111181259155298e+01
   2.0990000000000001e+02   2.2771577835083001e+01
   2.1009999999999999e+02   5.8291152954101598e+01
   2.1069999999999999e+02   1.1027403831481900e+01
   2.1080000000000001e+02   1.5875236511230501e+01
   2.1100000000000000e+02   6.4503517150878906e+01
   2.1109999999999999e+02   9.4105857849121094e+01
   2.1190000000000001e+02   1.1153570175170900e+01
   2.1300000000000000e+02   2.5845306396484400e+01
   2.1390000000000001e+02   3.0028764724731399e+01
   2.1409999999999999e+02   6.5340911865234403e+01
   2.1490000000000001e+02   1.8279743194580100e+00
   2.1509999999999999e+02   2.0427198486328100e+03
   2.1600000000000000e+02   3.4700231933593801e+02
   2.1609999999999999e+02   6.4128002929687500e+02
   2.1619999999999999e+02   7.9607414245605497e+01
   2.1690000000000001e+02   3.7571842193603501e+01
   2.1709999999999999e+02   2.2841315917968800e+03
   2.1809999999999999e+02   7.8113293457031295e+02
   2.1890000000000001e+02   6.7432472229003906e+01
   2.1909999999999999e+02   2.2457031250000000e+02
   2.1909999999999999e+02   1.6994540405273401e+02
   2.1990000000000001e+02   5.2730533599853501e+01
   2.2009999999999999e+02   9.2708251953125000e+01
   2.2019999999999999e+02   8.5566917419433594e+01
   2.2090000000000001e+02   3.4055622100830099e+01
   2.2109999999999999e+02   3.6175408935546898e+02
   2.2109999999999999e+02   3.7394662475585898e+02
   2.2180000000000001e+02   2.4056402206420898e+01
   2.2200000000000000e+02   2.3509790039062500e+02
   2.2209999999999999e+02   3.3020471191406301e+02
   2.2300000000000000e+02   7.7584114074707003e+01
   2.2400000000000000e+02   1.3858392333984401e+02
   2.2409999999999999e+02   1.0475107574462901e+02
   2.2419999999999999e+02   4.7537853240966797e+01
   2.2509999999999999e+02   1.3450503349304199e+01
   2.2909999999999999e+02   6.9842704772949205e+01
   2.3109999999999999e+02   3.2315312500000000e+03
   2.3119999999999999e+02   2.2622131347656300e+03
   2.3200000000000000e+02   2.2610667419433599e+02
   2.3209999999999999e+02   7.5686437988281295e+02
   2.3290000000000001e+02   6.6863891601562500e+01
   2.3309999999999999e+02   1.2968370056152301e+02
   2.3330000000000001e+02   2.6497236251831101e+01
   2.3400000000000000e+02   7.0689247131347699e+01
   2.3409999999999999e+02   1.1795768737793000e+02
   2.3500000000000000e+02   2.9068887710571300e+01
   2.3509999999999999e+02   3.5688709259033203e+01
   2.3530000000000001e+02   1.3736699104309100e+01
   2.3600000000000000e+02   9.2736976623535199e+01
   2.3609999999999999e+02   1.8546323242187500e+03
   2.3700000000000000e+02   2.6087182617187500e+02
   2.3709999999999999e+02   1.8136771240234400e+03
   2.3790000000000001e+02   1.1496647644043000e+02
   2.3809999999999999e+02   2.3761563110351599e+02
   2.4319999999999999e+02   1.0476540565490700e+01
   2.4500000000000000e+02   3.1232036590576200e+01
   2.4509999999999999e+02   7.9770977783203102e+02
   2.4519999999999999e+02   1.1178243255615200e+02
   2.4609999999999999e+02   1.1890369415283200e+02
   2.4619999999999999e+02   3.6109291076660199e+01
   2.4630000000000001e+02   2.3796245574951200e+01
   2.4709999999999999e+02   2.1647285461425799e+01
   2.4719999999999999e+02   2.2863855361938501e+01
   2.4809999999999999e+02   9.9961749267578102e+02
   2.4819999999999999e+02   4.6993136596679699e+02
   2.4909999999999999e+02   7.5694389648437500e+03
   2.5009999999999999e+02   2.5286596679687500e+03
   2.5109999999999999e+02   3.3650393676757801e+02
   2.5119999999999999e+02   1.7975047302246099e+02
   2.6289999999999998e+02   3.8269786834716797e+01
   2.6310000000000002e+02   5.6178302001953102e+02
   2.6330000000000001e+02   6.4827316284179702e+01
   2.6380000000000001e+02   3.0065465927123999e+01
   2.6400000000000000e+02   1.4077326965332000e+02
   2.6419999999999999e+02   2.1672456359863301e+02
   2.6519999999999999e+02   4.0625597656250000e+04
   2.6619999999999999e+02   8.1139555664062500e+03
   2.6689999999999998e+02   7.4144042968750000e+01
   2.6710000000000002e+02   2.6351116943359398e+02
   2.6719999999999999e+02   4.9556231689453102e+02
   2.6819999999999999e+02   2.2832765579223601e+01
   2.7589999999999998e+02   1.3617655754089400e+01
   2.7610000000000002e+02   1.4561750411987299e+01
   2.7910000000000002e+02   1.2064890861511200e+01
   2.9310000000000002e+02   2.3450964355468800e+03
   2.9330000000000001e+02   1.5396186828613301e+02
   2.9419999999999999e+02   6.9286517333984398e+02
   2.9500000000000000e+02   4.4236579895019503e+01
   2.9519999999999999e+02   1.1189014434814499e+01
   3.0510000000000002e+02   1.1413796424865700e+01
   3.0519999999999999e+02   5.7253253936767599e+01
   3.0619999999999999e+02   3.0102399826049801e+01
   3.0710000000000002e+02   1.0098038673400900e+01
   3.2019999999999999e+02   1.1144373893737800e+01
   3.2110000000000002e+02   8.0235119628906295e+02
   3.2119999999999999e+02   9.5004620361328102e+02
   3.2219999999999999e+02   9.4886298828125000e+03
   3.2319999999999999e+02   2.1659189453125000e+03
   3.2330000000000001e+02   1.9783580017089801e+02
   3.2410000000000002e+02   1.0482324981689500e+02
   3.2419999999999999e+02   1.5940802001953099e+02
