   4.0100000000000001e+01   1.6916021728515599e+02
   4.0200000000000003e+01   2.1060012817382798e+01
   4.1000000000000000e+01   4.5251484375000000e+03
   4.2100000000000001e+01   1.8883410156250000e+04
   4.3100000000000001e+01   3.3136452636718800e+03
   4.4100000000000001e+01   1.2185776367187500e+04
   4.4899999999999999e+01   1.1767523765564000e+01
   4.5000000000000000e+01   2.1867150878906301e+02
   4.5100000000000001e+01   8.1344802856445298e+01
   4.9799999999999997e+01   6.9036506652832003e+01
   4.9899999999999999e+01   2.4757232666015599e+02
   5.0100000000000001e+01   2.5196293640136699e+02
   5.1000000000000000e+01   1.6470917968750000e+03
   5.1899999999999999e+01   1.1466004180908200e+02
   5.2000000000000000e+01   5.1760925292968795e+02
   5.3000000000000000e+01   8.9149560546875000e+02
   5.3100000000000001e+01   3.3696389770507801e+02
   5.4000000000000000e+01   1.1990927734375000e+03
   5.4100000000000001e+01   3.4418746948242199e+02
   5.5000000000000000e+01   4.1725595703125000e+03
   5.6100000000000001e+01   3.4853693847656300e+03
   5.7000000000000000e+01   2.8551650390625000e+04
   5.8000000000000000e+01   1.2406906738281300e+03
   5.8899999999999999e+01   5.8570243835449197e+01
   5.9000000000000000e+01   1.3270712280273401e+02
   5.9100000000000001e+01   4.8420177459716797e+01
   6.0700000000000003e+01   9.6539497375488299e+00
   6.0899999999999999e+01   4.1721881866455099e+01
   6.1100000000000001e+01   2.6218971252441399e+01
   6.1799999999999997e+01   4.1659919738769503e+01
   6.2000000000000000e+01   3.4535720825195301e+02
   6.2799999999999997e+01   5.0710117340087898e+01
   6.3000000000000000e+01   5.2866021728515602e+02
   6.3000000000000000e+01   6.8589318847656295e+02
   6.3799999999999997e+01   2.9847667694091800e+01
   6.4000000000000000e+01   3.8494360351562500e+02
   6.4099999999999994e+01   1.1322160339355500e+02
   6.5000000000000000e+01   5.8229541015625000e+03
   6.5900000000000006e+01   1.8592080688476599e+02
   6.6000000000000000e+01   3.9710156250000000e+02
   6.6200000000000003e+01   2.7321701049804702e+01
   6.6900000000000006e+01   5.2418754577636697e+01
   6.7000000000000000e+01   2.7949057617187500e+03
   6.8000000000000000e+01   4.2015043945312500e+03
   6.9000000000000000e+01   4.6583808593750000e+03
   7.0099999999999994e+01   6.8802124023437500e+03
   7.1000000000000000e+01   1.4349795532226599e+02
   7.1099999999999994e+01   5.9137609863281295e+02
   7.2000000000000000e+01   3.1646738052368200e+01
   7.2099999999999994e+01   5.0292320251464801e+01
   7.2599999999999994e+01   9.5492296218872106e+00
   7.2799999999999997e+01   6.0663347244262704e+00
   7.3000000000000000e+01   5.6520103454589801e+01
   7.3900000000000006e+01   2.8650601196289102e+02
   7.4000000000000000e+01   1.4991322326660199e+02
   7.4700000000000003e+01   1.4669864654541000e+01
   7.5000000000000000e+01   2.8482009277343800e+03
   7.5200000000000003e+01   2.5967046737670898e+01
   7.6000000000000000e+01   2.7161087036132801e+02
   7.6099999999999994e+01   2.3183917236328099e+02
   7.6200000000000003e+01   1.2922354125976599e+02
   7.7000000000000000e+01   8.1627514648437500e+03
   7.8000000000000000e+01   2.8027373046875000e+03
   7.9000000000000000e+01   6.7014140625000000e+03
   7.9799999999999997e+01   4.5735988616943402e+01
   8.0000000000000000e+01   1.5499379882812500e+03
   8.0900000000000006e+01   1.7946400451660199e+02
   8.1000000000000000e+01   7.2226837158203102e+02
   8.1200000000000003e+01   3.8279865264892599e+01
   8.2000000000000000e+01   9.2970727539062500e+02
   8.2099999999999994e+01   2.9029204101562500e+03
   8.2900000000000006e+01   4.0579540252685497e+01
   8.3000000000000000e+01   2.4016296386718800e+03
   8.4000000000000000e+01   1.2686875000000000e+03
   8.4099999999999994e+01   4.6632077026367199e+02
   8.4200000000000003e+01   1.7544044494628899e+01
   8.4900000000000006e+01   1.8285325622558599e+02
   8.5000000000000000e+01   5.0310485839843800e+01
   8.6000000000000000e+01   1.5952644348144500e+02
   8.6900000000000006e+01   3.1653892517089801e+01
   8.7099999999999994e+01   1.2740663528442401e+01
   8.7799999999999997e+01   1.2497004508972200e+01
   8.8000000000000000e+01   1.0194465637207000e+02
   8.8099999999999994e+01   4.6615993499755902e+01
   8.8200000000000003e+01   1.4166977882385300e+01
   8.9000000000000000e+01   1.7201531982421900e+03
   8.9799999999999997e+01   2.5732839584350600e+01
   9.0099999999999994e+01   2.2621841430664099e+02
   9.0099999999999994e+01   7.4293963623046898e+02
   9.1000000000000000e+01   2.6233802734375000e+04
   9.2000000000000000e+01   2.6805244140625000e+03
   9.3000000000000000e+01   4.7127569580078102e+02
   9.3099999999999994e+01   2.0949554443359401e+02
   9.4000000000000000e+01   1.9809500122070301e+02
   9.4099999999999994e+01   2.2151225585937500e+03
   9.5000000000000000e+01   1.3032970703125000e+04
   9.6099999999999994e+01   1.6261082031250000e+04
   9.6900000000000006e+01   3.7545745849609403e+01
   9.7099999999999994e+01   2.5164357910156300e+03
   9.7900000000000006e+01   1.3104283142089801e+02
   9.8000000000000000e+01   5.9103692626953102e+02
   9.8200000000000003e+01   1.0404667663574200e+02
   9.9000000000000000e+01   2.0443031311035199e+01
   9.9700000000000003e+01   2.3667112350463899e+01
   9.9900000000000006e+01   4.4207283020019503e+01
   1.0009999999999999e+02   2.6131620407104499e+01
   1.0100000000000000e+02   3.8570407104492199e+02
   1.0109999999999999e+02   3.3348598480224602e+01
   1.0180000000000000e+02   7.4977607727050795e+01
   1.0200000000000000e+02   5.8684454345703102e+02
   1.0209999999999999e+02   2.5710937500000000e+02
   1.0300000000000000e+02   6.8048911132812500e+03
   1.0400000000000000e+02   3.8696796875000000e+03
   1.0500000000000000e+02   2.1916751953125000e+04
   1.0609999999999999e+02   2.2069882812500000e+03
   1.0690000000000001e+02   4.4544528961181598e+01
   1.0700000000000000e+02   4.1727230834960898e+02
   1.0709999999999999e+02   3.2369403839111300e+01
   1.0800000000000000e+02   6.8447692871093795e+02
   1.0900000000000000e+02   4.3724833984375000e+03
   1.1000000000000000e+02   1.5897042236328100e+03
   1.1009999999999999e+02   6.9807312011718807e+01
   1.1100000000000000e+02   4.5737143554687500e+03
   1.1190000000000001e+02   3.3497210693359398e+02
   1.1200000000000000e+02   8.0636840820312500e+02
   1.1270000000000000e+02   1.0145605087280300e+01
   1.1290000000000001e+02   2.7059684753418001e+01
   1.1300000000000000e+02   9.3374008178710895e+01
   1.1490000000000001e+02   1.3108511352539099e+02
   1.1500000000000000e+02   5.7389447021484398e+02
   1.1590000000000001e+02   8.3720870971679702e+01
   1.1600000000000000e+02   3.6708612060546898e+02
   1.1690000000000001e+02   2.1056957244873001e+01
   1.1700000000000000e+02   1.4550166015625000e+03
   1.1800000000000000e+02   3.0738061523437500e+02
   1.1809999999999999e+02   9.8745040893554702e+01
   1.1900000000000000e+02   8.0976402282714801e+01
   1.1980000000000000e+02   2.3747213363647500e+01
   1.1990000000000001e+02   9.2059349060058594e+01
   1.2009999999999999e+02   7.9100494384765597e+01
   1.2020000000000000e+02   2.3571811676025401e+01
   1.2090000000000001e+02   1.6394499206543000e+02
   1.2100000000000000e+02   8.1491290283203102e+02
   1.2109999999999999e+02   5.1231143951416001e+01
   1.2200000000000000e+02   1.3404689941406300e+03
   1.2200000000000000e+02   7.0897524414062500e+03
   1.2300000000000000e+02   1.1530020751953100e+03
   1.2300000000000000e+02   1.5808078613281300e+03
   1.2400000000000000e+02   2.3303183593750000e+03
   1.2490000000000001e+02   1.7417697143554699e+02
   1.2509999999999999e+02   1.0070195198059100e+01
   1.2570000000000000e+02   1.4731506347656300e+01
   1.2600000000000000e+02   1.1358087539672900e+01
   1.2700000000000000e+02   7.1030845642089801e+01
   1.2790000000000001e+02   9.7784141540527301e+01
   1.2800000000000000e+02   1.9285774230957000e+02
   1.2809999999999999e+02   4.3330978393554702e+01
   1.2890000000000001e+02   7.1882553100585895e+01
   1.2909999999999999e+02   3.7487551879882801e+02
   1.3000000000000000e+02   2.5998884277343800e+03
   1.3080000000000001e+02   4.1853401184082003e+01
   1.3100000000000000e+02   4.5722369384765602e+02
   1.3109999999999999e+02   2.8198486328125000e+02
   1.3200000000000000e+02   1.1833121337890600e+03
   1.3300000000000000e+02   3.0986135864257801e+02
   1.3309999999999999e+02   1.8700076293945301e+02
   1.3380000000000001e+02   1.8998668670654300e+01
   1.3390000000000001e+02   8.9912338256835895e+01
   1.3409999999999999e+02   9.5292510986328102e+02
   1.3500000000000000e+02   1.0789017333984400e+03
   1.3509999999999999e+02   1.7006556396484400e+03
   1.3600000000000000e+02   8.3268261718750000e+03
   1.3700000000000000e+02   3.0469331054687500e+03
   1.3800000000000000e+02   9.3803033447265602e+02
   1.3809999999999999e+02   1.3748054504394500e+02
   1.3900000000000000e+02   5.6059942626953102e+02
   1.3909999999999999e+02   7.4673498535156295e+02
   1.3980000000000001e+02   3.6001708984375000e+01
   1.4000000000000000e+02   6.0485099792480497e+01
   1.4009999999999999e+02   7.6756111145019503e+01
   1.4090000000000001e+02   5.6719470977783203e+01
   1.4109999999999999e+02   6.6690048217773395e+01
   1.4190000000000001e+02   5.5768753051757798e+01
   1.4290000000000001e+02   3.2929862976074197e+01
   1.4300000000000000e+02   1.7087976074218801e+02
   1.4400000000000000e+02   2.0109970092773401e+02
   1.4409999999999999e+02   4.0075991821289102e+02
   1.4419999999999999e+02   1.2127522277832000e+02
   1.4490000000000001e+02   3.5671989440917997e+01
   1.4509999999999999e+02   1.9533789062500000e+02
   1.4519999999999999e+02   4.5280841827392599e+01
   1.4590000000000001e+02   1.7222457885742202e+01
   1.4609999999999999e+02   1.0221390991210900e+03
   1.4690000000000001e+02   2.5875904083251999e+01
   1.4709999999999999e+02   2.8605685424804699e+02
   1.4730000000000001e+02   1.3272803306579601e+01
   1.4800000000000000e+02   8.6685546875000000e+03
   1.4909999999999999e+02   6.2442236328125000e+03
   1.5009999999999999e+02   1.2831878906250000e+04
   1.5090000000000001e+02   6.6585090637207003e+01
   1.5100000000000000e+02   2.0045327148437500e+03
   1.5190000000000001e+02   9.0338844299316406e+01
   1.5209999999999999e+02   1.2937696838378901e+02
   1.5219999999999999e+02   2.8648303985595700e+01
   1.5309999999999999e+02   1.5619390487670900e+01
   1.5480000000000001e+02   4.4590545654296903e+01
   1.5500000000000000e+02   5.4236907958984403e+01
   1.5580000000000001e+02   3.1708503723144499e+01
   1.5600000000000000e+02   1.1713006591796901e+02
   1.5609999999999999e+02   4.2305351257324197e+01
   1.5700000000000000e+02   4.2941699981689503e+01
   1.5719999999999999e+02   2.4417835235595700e+01
   1.5800000000000000e+02   9.4158966064453097e+01
   1.5809999999999999e+02   1.6889169311523401e+02
   1.5809999999999999e+02   2.3661730957031301e+02
   1.5890000000000001e+02   9.2900123596191406e+00
   1.5900000000000000e+02   3.8271415710449197e+01
   1.5909999999999999e+02   3.1605563354492199e+02
   1.6000000000000000e+02   7.1085083007812500e+02
   1.6009999999999999e+02   1.0824965820312500e+03
   1.6090000000000001e+02   6.8723655700683594e+01
   1.6109999999999999e+02   2.8526382446289102e+02
   1.6119999999999999e+02   2.1885096740722699e+02
   1.6190000000000001e+02   9.0281204223632798e+01
   1.6200000000000000e+02   1.3766302490234400e+03
   1.6309999999999999e+02   1.1070830078125000e+03
   1.6309999999999999e+02   5.2010308837890602e+02
   1.6409999999999999e+02   5.0149863281250000e+04
   1.6509999999999999e+02   5.6569716796875000e+03
   1.6600000000000000e+02   1.8810794067382801e+02
   1.6609999999999999e+02   6.2478778076171898e+02
   1.6619999999999999e+02   9.5692234039306605e+00
   1.6690000000000001e+02   2.3334966659545898e+01
   1.6700000000000000e+02   5.2928344726562500e+02
   1.6719999999999999e+02   3.3990367889404297e+01
   1.6790000000000001e+02   1.5953153991699199e+02
   1.6800000000000000e+02   1.4892880249023401e+02
   1.6809999999999999e+02   1.4791635131835901e+02
   1.6890000000000001e+02   9.7010641098022496e+00
   1.6900000000000000e+02   2.0380245208740199e+01
   1.6909999999999999e+02   5.2868255615234403e+01
   1.6990000000000001e+02   3.0828556060791001e+01
   1.7000000000000000e+02   1.6776744842529300e+01
   1.7080000000000001e+02   9.5565338134765607e+00
   1.7300000000000000e+02   3.1930734634399400e+01
   1.7390000000000001e+02   1.1665039062500000e+01
   1.7400000000000000e+02   1.4700904846191401e+02
   1.7419999999999999e+02   1.6442758560180700e+01
   1.7500000000000000e+02   1.1889551544189500e+02
   1.7509999999999999e+02   8.4981124877929702e+01
   1.7600000000000000e+02   3.1890971679687500e+03
   1.7690000000000001e+02   9.4683715820312500e+01
   1.7709999999999999e+02   1.3803853759765600e+03
   1.7790000000000001e+02   6.2344078063964801e+01
   1.7800000000000000e+02   6.2333294677734398e+02
   1.7819999999999999e+02   6.5936454772949205e+01
   1.7890000000000001e+02   2.7251052856445298e+01
   1.7900000000000000e+02   3.1278240203857401e+01
   1.7909999999999999e+02   9.7882728576660199e+01
   1.8009999999999999e+02   2.0715913772583001e+01
   1.8190000000000001e+02   1.0201874732971200e+01
   1.8209999999999999e+02   4.8133090972900398e+01
   1.8300000000000000e+02   1.1353485107421900e+01
   1.8400000000000000e+02   2.8875466918945301e+02
   1.8409999999999999e+02   8.1995013427734398e+02
   1.8500000000000000e+02   3.8661456298828102e+02
   1.8509999999999999e+02   2.3595994567871099e+02
   1.8600000000000000e+02   4.4760200500488303e+01
   1.8609999999999999e+02   2.7716464843750000e+03
   1.8700000000000000e+02   4.5502822875976602e+02
   1.8709999999999999e+02   2.8634701538085898e+02
   1.8809999999999999e+02   2.2835476074218800e+03
   1.8890000000000001e+02   1.3900662422180201e+01
   1.8909999999999999e+02   9.1378546142578102e+02
   1.8980000000000001e+02   1.0630965232849100e+01
   1.9000000000000000e+02   2.0277247619628901e+02
   1.9009999999999999e+02   1.6277810668945301e+02
   1.9019999999999999e+02   4.2726913452148402e+01
   1.9090000000000001e+02   1.4276038169860801e+01
   1.9100000000000000e+02   3.2120269775390602e+02
   1.9109999999999999e+02   2.5610501098632801e+02
   1.9190000000000001e+02   3.8078578948974602e+01
   1.9209999999999999e+02   4.9140277862548800e+01
   1.9309999999999999e+02   1.7209409713745099e+01
   1.9680000000000001e+02   1.3541899681091300e+01
   2.0000000000000000e+02   9.7143640518188494e+00
   2.0200000000000000e+02   2.3936832427978501e+01
   2.0290000000000001e+02   4.3165584564208999e+01
   2.0309999999999999e+02   4.8200851440429702e+01
   2.0319999999999999e+02   2.5169490814208999e+01
   2.0390000000000001e+02   9.5360193252563494e+00
   2.0400000000000000e+02   6.4031524658203097e+01
   2.0419999999999999e+02   2.2717504501342798e+01
   2.0500000000000000e+02   3.8346893310546898e+02
   2.0509999999999999e+02   1.5119046630859400e+03
   2.0609999999999999e+02   9.4465148925781295e+02
   2.0609999999999999e+02   1.4469378662109400e+03
   2.0709999999999999e+02   2.4092652343750000e+04
   2.0800000000000000e+02   1.4036669921875000e+02
   2.0809999999999999e+02   3.2240766601562500e+03
   2.0900000000000000e+02   1.6888972473144500e+02
   2.1090000000000001e+02   6.0414932250976598e+01
   2.1100000000000000e+02   4.0582172393798800e+01
   2.1400000000000000e+02   9.0486583709716797e+00
   2.1419999999999999e+02   1.2837880134582500e+01
   2.1469999999999999e+02   1.2602500915527299e+00
   2.1490000000000001e+02   1.4445140075683599e+02
   2.1580000000000001e+02   1.1841358184814499e+01
   2.1590000000000001e+02   3.5192039489746101e+01
   2.1700000000000000e+02   1.0543869972229000e+01
   2.1709999999999999e+02   2.4299015045166001e+01
   2.1800000000000000e+02   3.5840759277343800e+01
   2.1800000000000000e+02   1.3707656860351599e+02
   2.1819999999999999e+02   1.6493793487548800e+01
   2.1869999999999999e+02   3.6964809417724602e+01
   2.1890000000000001e+02   9.7361755371093807e+01
   2.1900000000000000e+02   1.1148049926757800e+02
   2.1919999999999999e+02   1.5838868141174300e+01
   2.2009999999999999e+02   1.1321035156250000e+04
   2.2090000000000001e+02   9.5380191802978498e+00
   2.2109999999999999e+02   1.8158325195312500e+03
   2.2130000000000001e+02   1.1285140037536600e+01
   2.2200000000000000e+02   3.4913238525390597e+01
   2.2209999999999999e+02   1.0023580932617200e+02
   2.2880000000000001e+02   2.3006324768066399e+01
   2.2900000000000000e+02   1.1568848609924300e+01
   2.3109999999999999e+02   6.3694679260253899e+01
   2.3130000000000001e+02   2.6994684219360401e+01
   2.3200000000000000e+02   2.2911838531494102e+01
   2.3290000000000001e+02   4.0498123168945298e+01
   2.3300000000000000e+02   1.1516108703613300e+02
   2.3309999999999999e+02   3.4460712432861300e+01
   2.3400000000000000e+02   8.3756454467773395e+01
   2.3409999999999999e+02   5.1375048828125000e+02
   2.3419999999999999e+02   1.6674212646484401e+02
   2.3500000000000000e+02   6.8506248474121094e+01
   2.3509999999999999e+02   1.9800153732299801e+01
   2.3680000000000001e+02   2.8799209594726602e+01
   2.3690000000000001e+02   4.8044101715087898e+01
   2.4409999999999999e+02   1.4461752891540501e+01
   2.4509999999999999e+02   1.3092209815979000e+01
   2.4709999999999999e+02   1.3292683601379400e+01
   2.4719999999999999e+02   1.1561202049255400e+01
   2.5700000000000000e+02   3.5266088867187500e+02
   2.5710000000000002e+02   6.0370532226562500e+02
   2.5789999999999998e+02   1.0131299018859901e+01
   2.5800000000000000e+02   1.6461676025390599e+02
   2.5819999999999999e+02   3.3431663513183601e+01
   2.6010000000000002e+02   1.1678976058960000e+01
   2.6019999999999999e+02   9.5679874420165998e+00
   2.6030000000000001e+02   2.0754865646362301e+01
   2.6089999999999998e+02   4.6932079315185497e+01
   2.6100000000000000e+02   4.4497093200683601e+01
   2.6110000000000002e+02   9.7475616455078097e+01
   2.6130000000000001e+02   6.5882415771484403e+01
   2.6150000000000000e+02   2.7931833267211900e+01
   2.6169999999999999e+02   3.9713455200195298e+01
   2.6200000000000000e+02   4.5741142272949197e+01
   2.6219999999999999e+02   4.1140316772460898e+02
   2.6319999999999999e+02   9.3126523437500000e+04
   2.6419999999999999e+02   1.5866174804687500e+04
   2.6510000000000002e+02   5.7470672607421898e+02
   2.6519999999999999e+02   1.0276270751953100e+03
   2.6610000000000002e+02   4.8888809204101598e+01
   2.6619999999999999e+02   3.1644891738891602e+01
   2.6919999999999999e+02   1.2872199058532701e+01
   2.8869999999999999e+02   1.3889889717102101e+01
   2.9300000000000000e+02   1.4404299736022899e+01
   2.9319999999999999e+02   9.9807901382446307e+00
   2.9510000000000002e+02   9.5392417907714808e+00
   2.9680000000000001e+02   1.4083888053894000e+01
   2.9700000000000000e+02   3.8103065490722699e+01
   2.9710000000000002e+02   5.3936565399169901e+01
   2.9719999999999999e+02   1.9874742507934599e+01
   2.9810000000000002e+02   9.6537961959838903e+00
   3.5189999999999998e+02   1.0508119583129901e+01
   3.5210000000000002e+02   6.7784057617187500e+01
   3.5219999999999999e+02   1.3784791564941401e+02
   3.5289999999999998e+02   2.6944465637206999e+01
   3.5310000000000002e+02   2.7806106567382798e+01
   3.5489999999999998e+02   1.0059754371643100e+01
