   4.0100000000000001e+01   2.2164630126953099e+02
   4.1000000000000000e+01   3.2762454986572301e+01
   4.1100000000000001e+01   4.1382231445312500e+03
   4.2100000000000001e+01   1.7721933593750000e+04
   4.2899999999999999e+01   2.8050773620605501e+01
   4.3100000000000001e+01   2.9791508789062500e+03
   4.4100000000000001e+01   1.1255421875000000e+04
   4.4899999999999999e+01   1.5442843437194799e+01
   4.5000000000000000e+01   2.8524374389648398e+02
   4.5200000000000003e+01   2.6704496383666999e+01
   4.9000000000000000e+01   1.1583865165710399e+01
   4.9799999999999997e+01   2.9137357711791999e+01
   4.9899999999999999e+01   1.3514648437500000e+02
   5.0000000000000000e+01   4.3423840332031301e+02
   5.1000000000000000e+01   1.4667454833984400e+03
   5.2000000000000000e+01   4.3706738281250000e+02
   5.2100000000000001e+01   1.8872680664062500e+02
   5.3000000000000000e+01   1.1314921875000000e+03
   5.4000000000000000e+01   1.6225152587890600e+03
   5.5100000000000001e+01   4.0750007324218800e+03
   5.5899999999999999e+01   5.8363410949707003e+01
   5.6100000000000001e+01   3.5324069824218800e+03
   5.7000000000000000e+01   2.6768773437500000e+04
   5.8000000000000000e+01   5.7727990722656295e+02
   5.8000000000000000e+01   5.8234674072265602e+02
   5.8899999999999999e+01   5.9220943450927699e+01
   5.8899999999999999e+01   6.1003349304199197e+01
   5.9100000000000001e+01   1.0983726501464800e+02
   6.0899999999999999e+01   4.4438789367675803e+01
   6.1100000000000001e+01   1.0247582435607899e+01
   6.1899999999999999e+01   9.3903083801269503e+01
   6.2000000000000000e+01   2.4533480834960901e+02
   6.2899999999999999e+01   2.2831661224365199e+01
   6.3000000000000000e+01   1.1927209472656300e+03
   6.3899999999999999e+01   1.7676495361328099e+02
   6.4000000000000000e+01   2.5676351928710898e+02
   6.4200000000000003e+01   5.4985359191894503e+01
   6.5000000000000000e+01   5.7365268554687500e+03
   6.5900000000000006e+01   4.6400722503662102e+01
   6.6000000000000000e+01   6.0634808349609398e+02
   6.7000000000000000e+01   2.9675686035156300e+03
   6.8000000000000000e+01   4.5193911132812500e+03
   6.9000000000000000e+01   4.7430742187500000e+03
   7.0099999999999994e+01   7.1973706054687500e+03
   7.1000000000000000e+01   7.8520422363281295e+02
   7.2000000000000000e+01   3.2975738525390597e+01
   7.2099999999999994e+01   3.3358726501464801e+01
   7.2799999999999997e+01   3.7894790649414098e+01
   7.2900000000000006e+01   4.9071971893310497e+01
   7.3900000000000006e+01   1.1142717742919901e+02
   7.4000000000000000e+01   2.5538031005859401e+02
   7.4200000000000003e+01   2.6968421936035199e+01
   7.4900000000000006e+01   8.0847610473632798e+01
   7.5000000000000000e+01   3.0285598144531300e+03
   7.6000000000000000e+01   4.6107897949218801e+02
   7.6099999999999994e+01   2.8196472167968801e+02
   7.7000000000000000e+01   8.6159658203125000e+03
   7.8000000000000000e+01   3.0580722656250000e+03
   7.9000000000000000e+01   7.2716303710937500e+03
   7.9799999999999997e+01   2.2561737060546900e+01
   8.0000000000000000e+01   1.8763702392578100e+03
   8.1000000000000000e+01   5.5510083007812500e+02
   8.1099999999999994e+01   4.3565606689453102e+02
   8.2000000000000000e+01   4.1519863281250000e+03
   8.2900000000000006e+01   4.9120658874511697e+01
   8.3000000000000000e+01   2.5527683105468800e+03
   8.4000000000000000e+01   1.5452122802734400e+03
   8.4099999999999994e+01   1.0438751983642599e+02
   8.4900000000000006e+01   8.4753555297851605e+01
   8.5000000000000000e+01   1.2044357299804700e+02
   8.5200000000000003e+01   1.3052493095397899e+01
   8.5900000000000006e+01   8.5766342163085895e+01
   8.6000000000000000e+01   1.2365976715087901e+02
   8.6900000000000006e+01   6.6221359252929702e+01
   8.7900000000000006e+01   8.1745674133300795e+01
   8.8000000000000000e+01   7.4021873474121094e+01
   8.8900000000000006e+01   4.2022888183593800e+01
   8.9000000000000000e+01   1.5573344726562500e+03
   9.0099999999999994e+01   6.5271655273437500e+02
   9.0099999999999994e+01   3.4401116943359398e+02
   9.1099999999999994e+01   2.4961785156250000e+04
   9.2000000000000000e+01   2.4088325195312500e+03
   9.2799999999999997e+01   3.5031494140625000e+01
   9.2900000000000006e+01   2.0229635620117199e+02
   9.3000000000000000e+01   4.0033013916015602e+02
   9.3299999999999997e+01   9.9189682006835902e+00
   9.3900000000000006e+01   2.6149711608886701e+01
   9.4099999999999994e+01   2.5188781738281300e+03
   9.5000000000000000e+01   1.4661788085937500e+04
   9.6099999999999994e+01   1.7439935546875000e+04
   9.7000000000000000e+01   1.1491804504394500e+02
   9.7099999999999994e+01   2.6766044921875000e+03
   9.7900000000000006e+01   1.4120986938476599e+02
   9.8000000000000000e+01   3.4384548950195301e+02
   9.8200000000000003e+01   1.7262057495117199e+02
   9.8900000000000006e+01   1.0564101219177200e+01
   9.9900000000000006e+01   1.3705952644348100e+01
   1.0009999999999999e+02   2.5128673553466800e+01
   1.0100000000000000e+02   2.2990791320800801e+02
   1.0109999999999999e+02   1.7466661071777301e+02
   1.0180000000000000e+02   5.7096958160400398e+01
   1.0200000000000000e+02   8.1536950683593795e+02
   1.0220000000000000e+02   6.9997901916503906e+01
   1.0309999999999999e+02   7.7787172851562500e+03
   1.0409999999999999e+02   4.2183085937500000e+03
   1.0509999999999999e+02   2.5100041015625000e+04
   1.0590000000000001e+02   4.0039985656738303e+01
   1.0600000000000000e+02   2.2260917968750000e+03
   1.0690000000000001e+02   9.5450500488281307e+01
   1.0700000000000000e+02   2.9792730712890602e+02
   1.0709999999999999e+02   5.8564140319824197e+01
   1.0780000000000000e+02   1.8782295227050799e+01
   1.0800000000000000e+02   4.6210290527343801e+02
   1.0809999999999999e+02   3.2522674560546898e+02
   1.0830000000000000e+02   2.4328229904174801e+01
   1.0900000000000000e+02   5.3032441406250000e+03
   1.0980000000000000e+02   3.1493629455566399e+01
   1.1000000000000000e+02   1.8136403808593800e+03
   1.1100000000000000e+02   4.7868349609375000e+03
   1.1180000000000000e+02   1.2638833999633800e+01
   1.1200000000000000e+02   1.2508634033203100e+03
   1.1209999999999999e+02   8.9810623168945298e+01
   1.1300000000000000e+02   1.4348712158203099e+02
   1.1309999999999999e+02   1.9056266784668001e+01
   1.1500000000000000e+02   5.0353491210937500e+02
   1.1509999999999999e+02   3.8101776123046898e+02
   1.1580000000000000e+02   3.0214992523193398e+01
   1.1600000000000000e+02   2.1180778503418000e+02
   1.1609999999999999e+02   1.6768072509765599e+02
   1.1690000000000001e+02   1.1854586791992200e+02
   1.1700000000000000e+02   1.4557686767578100e+03
   1.1780000000000000e+02   5.2452232360839801e+01
   1.1790000000000001e+02   5.2477405548095703e+01
   1.1800000000000000e+02   4.5993499755859398e+02
   1.1890000000000001e+02   2.9447502136230501e+01
   1.1900000000000000e+02   1.2515402221679700e+02
   1.2000000000000000e+02   1.7098345947265599e+02
   1.2090000000000001e+02   1.0557715606689500e+02
   1.2100000000000000e+02   7.5875305175781295e+02
   1.2109999999999999e+02   2.7769061279296898e+02
   1.2200000000000000e+02   9.7598134765625000e+03
   1.2300000000000000e+02   3.1311125488281300e+03
   1.2390000000000001e+02   2.3309243774414099e+02
   1.2400000000000000e+02   2.3303464355468800e+03
   1.2409999999999999e+02   2.2391665649414099e+02
   1.2490000000000001e+02   1.3781596374511699e+02
   1.2500000000000000e+02   6.9058212280273395e+01
   1.2520000000000000e+02   4.2550727844238303e+01
   1.2690000000000001e+02   3.5590034484863303e+01
   1.2709999999999999e+02   1.3192361831665000e+01
   1.2770000000000000e+02   1.2195437431335399e+01
   1.2800000000000000e+02   2.0758190917968801e+02
   1.2809999999999999e+02   8.8646621704101605e+01
   1.2869999999999999e+02   1.4548230171203601e+01
   1.2880000000000001e+02   2.7565149307251001e+01
   1.2900000000000000e+02   1.8911459350585901e+02
   1.2909999999999999e+02   1.5181398010253901e+02
   1.3000000000000000e+02   2.9496936035156300e+03
   1.3019999999999999e+02   5.0002178192138700e+01
   1.3090000000000001e+02   5.3814380645752003e+01
   1.3100000000000000e+02   7.8151843261718795e+02
   1.3119999999999999e+02   3.3333305358886697e+01
   1.3200000000000000e+02   1.9994921875000000e+02
   1.3209999999999999e+02   1.2915030517578100e+03
   1.3280000000000001e+02   3.3886268615722699e+01
   1.3290000000000001e+02   1.7118971252441401e+02
   1.3300000000000000e+02   3.9075085449218801e+02
   1.3309999999999999e+02   5.5461139678955099e+01
   1.3409999999999999e+02   1.2339998779296900e+03
   1.3419999999999999e+02   8.5278053283691406e+01
   1.3500000000000000e+02   3.4446350097656300e+03
   1.3600000000000000e+02   9.3985185546875000e+03
   1.3700000000000000e+02   3.6411867675781300e+03
   1.3800000000000000e+02   1.0842893981933599e+02
   1.3800000000000000e+02   1.1785085449218800e+03
   1.3900000000000000e+02   1.4817019042968800e+03
   1.3919999999999999e+02   2.8678495407104499e+01
   1.3990000000000001e+02   1.7791530609130898e+01
   1.4000000000000000e+02   1.5183825683593801e+02
   1.4019999999999999e+02   1.2533283233642599e+01
   1.4090000000000001e+02   3.0931348800659201e+01
   1.4100000000000000e+02   1.2288403320312500e+02
   1.4119999999999999e+02   2.0060253143310501e+01
   1.4190000000000001e+02   5.7908130645752003e+01
   1.4209999999999999e+02   2.9829187393188501e+01
   1.4219999999999999e+02   1.2623512268066399e+01
   1.4280000000000001e+02   1.1962072372436500e+01
   1.4300000000000000e+02   1.7405136108398401e+02
   1.4309999999999999e+02   6.4780380249023395e+01
   1.4330000000000001e+02   1.6107599258422901e+01
   1.4390000000000001e+02   1.0891786193847700e+02
   1.4400000000000000e+02   3.2327572631835898e+02
   1.4409999999999999e+02   4.0540264892578102e+02
   1.4490000000000001e+02   6.5129020690917997e+01
   1.4509999999999999e+02   2.1893911743164099e+02
   1.4600000000000000e+02   1.1649252929687500e+03
   1.4690000000000001e+02   7.1383476257324205e+01
   1.4709999999999999e+02   2.2490449523925801e+02
   1.4719999999999999e+02   3.3275985717773402e+01
   1.4809999999999999e+02   1.0510681640625000e+04
   1.4909999999999999e+02   7.8556547851562500e+03
   1.5009999999999999e+02   1.5495196289062500e+04
   1.5109999999999999e+02   2.5892006835937500e+03
   1.5200000000000000e+02   1.8289990234375000e+02
   1.5209999999999999e+02   1.6850163269043000e+02
   1.5219999999999999e+02   2.2681720733642599e+01
   1.5280000000000001e+02   1.1634634017944300e+01
   1.5300000000000000e+02   3.0107233047485401e+01
   1.5390000000000001e+02   1.0081101417541500e+01
   1.5480000000000001e+02   2.8362762451171900e+01
   1.5580000000000001e+02   1.8744716644287099e+01
   1.5600000000000000e+02   1.1177547454834000e+02
   1.5609999999999999e+02   1.2923017883300801e+02
   1.5700000000000000e+02   9.5514160156250000e+01
   1.5709999999999999e+02   1.3276657104492200e+01
   1.5800000000000000e+02   6.6594909667968807e+01
   1.5809999999999999e+02   5.1879644775390602e+02
   1.5900000000000000e+02   3.4676312255859398e+02
   1.5919999999999999e+02   3.9496574401855497e+01
   1.6000000000000000e+02   1.0715701293945300e+02
   1.6009999999999999e+02   2.1779848632812500e+03
   1.6090000000000001e+02   4.4525676727294901e+01
   1.6109999999999999e+02   5.6476031494140602e+02
   1.6119999999999999e+02   4.8633949279785199e+01
   1.6209999999999999e+02   1.5927304687500000e+03
   1.6290000000000001e+02   2.8843008041381800e+01
   1.6309999999999999e+02   1.3952893066406300e+03
   1.6319999999999999e+02   5.7532995605468795e+02
   1.6409999999999999e+02   6.4597968750000000e+04
   1.6500000000000000e+02   7.1276214599609403e+01
   1.6509999999999999e+02   7.1497817382812500e+03
   1.6590000000000001e+02   2.3435920715331999e+01
   1.6609999999999999e+02   9.3905145263671898e+02
   1.6619999999999999e+02   1.3745677947998001e+01
   1.6690000000000001e+02   9.1645385742187500e+01
   1.6700000000000000e+02   3.6580990600585898e+02
   1.6719999999999999e+02   4.6226963043212898e+01
   1.6800000000000000e+02   4.6202090454101602e+02
   1.6809999999999999e+02   3.2993045043945301e+02
   1.6890000000000001e+02   4.5337402343750000e+01
   1.6900000000000000e+02   3.5738014221191399e+01
   1.6980000000000001e+02   1.6988147735595700e+01
   1.7000000000000000e+02   4.3254425048828097e+01
   1.7109999999999999e+02   1.3105102539062500e+01
   1.7180000000000001e+02   2.3307491302490199e+01
   1.7190000000000001e+02   2.8064546585083001e+01
   1.7209999999999999e+02   7.9569702148437500e+01
   1.7230000000000001e+02   1.0445803642272899e+01
   1.7319999999999999e+02   1.5319514274597200e+01
   1.7390000000000001e+02   6.0234649658203097e+01
   1.7400000000000000e+02   9.9327117919921903e+01
   1.7409999999999999e+02   1.9373252868652301e+01
   1.7490000000000001e+02   6.7524902343750000e+01
   1.7490000000000001e+02   7.9918853759765597e+01
   1.7509999999999999e+02   1.8297227478027301e+02
   1.7609999999999999e+02   4.0772409667968800e+03
   1.7609999999999999e+02   1.4686074829101599e+02
   1.7700000000000000e+02   1.0631190185546900e+03
   1.7709999999999999e+02   7.8814501953125000e+02
   1.7780000000000001e+02   1.2784521102905300e+01
   1.7800000000000000e+02   2.3842559814453099e+02
   1.7809999999999999e+02   7.3916320800781295e+02
   1.7890000000000001e+02   5.7006874084472699e+01
   1.7909999999999999e+02   1.4854974365234401e+02
   1.7990000000000001e+02   1.9717800140380898e+01
   1.8100000000000000e+02   1.2531135559081999e+01
   1.8190000000000001e+02   9.7189636230468803e+00
   1.8200000000000000e+02   8.3594764709472699e+01
   1.8300000000000000e+02   1.2087710380554199e+01
   1.8319999999999999e+02   9.8740463256835902e+00
   1.8400000000000000e+02   1.6304516601562500e+02
   1.8409999999999999e+02   9.4775775146484398e+02
   1.8480000000000001e+02   1.6009618759155298e+01
   1.8509999999999999e+02   7.5100457763671898e+02
   1.8609999999999999e+02   3.3350397949218800e+03
   1.8700000000000000e+02   2.6242413330078102e+02
   1.8709999999999999e+02   5.6108795166015602e+02
   1.8719999999999999e+02   1.4920393943786600e+01
   1.8809999999999999e+02   8.5514422607421898e+02
   1.8809999999999999e+02   1.8267836914062500e+03
   1.8900000000000000e+02   2.3224324035644500e+02
   1.8909999999999999e+02   9.3018786621093795e+02
   1.8990000000000001e+02   2.4783290863037099e+01
   1.9000000000000000e+02   3.0523309326171898e+02
   1.9009999999999999e+02   1.2657217407226599e+02
   1.9090000000000001e+02   8.6176773071289105e+01
   1.9100000000000000e+02   5.4106243896484398e+02
   1.9119999999999999e+02   3.6199630737304702e+01
   1.9180000000000001e+02   1.0813788414001500e+01
   1.9190000000000001e+02   1.0733715057373000e+02
   1.9219999999999999e+02   1.6643562316894499e+01
   1.9300000000000000e+02   1.1832772254943800e+01
   1.9319999999999999e+02   9.9124393463134801e+00
   2.0100000000000000e+02   1.4085856437683100e+01
   2.0190000000000001e+02   1.1002833366394000e+01
   2.0200000000000000e+02   1.0251712799072299e+01
   2.0219999999999999e+02   1.4406451225280801e+01
   2.0230000000000001e+02   1.4512556076049799e+01
   2.0290000000000001e+02   2.2740608215331999e+01
   2.0300000000000000e+02   1.0027230262756300e+01
   2.0309999999999999e+02   3.0486221313476602e+01
   2.0380000000000001e+02   2.6332990646362301e+01
   2.0400000000000000e+02   8.4957145690917997e+01
   2.0419999999999999e+02   2.6250642776489300e+01
   2.0509999999999999e+02   9.8452374267578102e+02
   2.0509999999999999e+02   1.2988176269531300e+03
   2.0600000000000000e+02   8.0150077819824205e+01
   2.0609999999999999e+02   9.6969885253906295e+02
   2.0609999999999999e+02   2.0069838867187500e+03
   2.0709999999999999e+02   3.1992136718750000e+04
   2.0809999999999999e+02   4.5571972656250000e+03
   2.0900000000000000e+02   1.6124295043945301e+02
   2.0909999999999999e+02   1.1042321014404300e+02
   2.0930000000000001e+02   4.4971618652343800e+01
   2.1080000000000001e+02   6.4182533264160199e+01
   2.1200000000000000e+02   1.0915573120117200e+01
   2.1400000000000000e+02   3.8291824340820298e+01
   2.1409999999999999e+02   1.4691652297973601e+01
   2.1480000000000001e+02   1.2641652107238800e+01
   2.1509999999999999e+02   1.1988964843750000e+02
   2.1590000000000001e+02   2.0318510055541999e+01
   2.1690000000000001e+02   2.3323074340820298e+01
   2.1700000000000000e+02   1.4652215003967299e+01
   2.1800000000000000e+02   1.2776481628418000e+02
   2.1819999999999999e+02   2.7317241668701200e+01
   2.1880000000000001e+02   1.6823249816894499e+01
   2.1890000000000001e+02   2.7402242660522500e+01
   2.1900000000000000e+02   5.8348930358886697e+01
   2.1919999999999999e+02   7.7656539916992202e+01
   2.2009999999999999e+02   1.5075616210937500e+04
   2.2109999999999999e+02   1.3941903076171900e+03
   2.2109999999999999e+02   7.5727557373046898e+02
   2.2190000000000001e+02   2.2640352249145501e+01
   2.2200000000000000e+02   1.2984387207031301e+02
   2.2219999999999999e+02   3.8533279418945298e+01
   2.2900000000000000e+02   2.5411182403564499e+01
   2.3109999999999999e+02   8.7419853210449205e+01
   2.3290000000000001e+02   6.6125389099121094e+01
   2.3309999999999999e+02   6.0865371704101598e+01
   2.3409999999999999e+02   6.9054351806640602e+02
   2.3419999999999999e+02   3.0269180297851602e+02
   2.3490000000000001e+02   4.2281398773193402e+01
   2.3509999999999999e+02   1.1869781494140599e+02
   2.3669999999999999e+02   2.2688474655151398e+00
   2.3690000000000001e+02   7.5891227722167997e+01
   2.3809999999999999e+02   1.0813604354858400e+01
   2.4390000000000001e+02   1.0637821197509799e+01
   2.4419999999999999e+02   1.0335812568664601e+01
   2.4509999999999999e+02   3.4677242279052699e+01
   2.4519999999999999e+02   1.3226050376892101e+01
   2.4690000000000001e+02   2.2004825592041001e+01
   2.4709999999999999e+02   1.3950119018554700e+01
   2.5689999999999998e+02   7.6859540939331099e+00
   2.5710000000000002e+02   1.2585292816162099e+02
   2.5719999999999999e+02   7.9590332031250000e+02
   2.5800000000000000e+02   7.0240730285644503e+01
   2.5810000000000002e+02   4.7767120361328097e+01
   2.5819999999999999e+02   5.8219547271728498e+00
   2.5919999999999999e+02   2.7369476318359400e+01
   2.5980000000000001e+02   1.1556957244873001e+01
   2.6100000000000000e+02   1.5423921203613301e+02
   2.6119999999999999e+02   6.1556381225585902e+01
   2.6210000000000002e+02   6.3517654418945298e+01
   2.6219999999999999e+02   4.4314465332031301e+02
   2.6319999999999999e+02   1.1576696875000000e+05
   2.6419999999999999e+02   1.9832886718750000e+04
   2.6510000000000002e+02   8.9810083007812500e+02
   2.6519999999999999e+02   8.5269409179687500e+02
   2.6610000000000002e+02   4.4714042663574197e+01
   2.6619999999999999e+02   3.0769819259643601e+01
   2.9289999999999998e+02   1.6962146759033200e+01
   2.9500000000000000e+02   1.0961691856384300e+01
   2.9519999999999999e+02   1.0394133567810099e+01
   2.9700000000000000e+02   4.3289260864257798e+01
   2.9710000000000002e+02   9.4622688293457003e+01
   2.9719999999999999e+02   1.2588781738281300e+02
   2.9830000000000001e+02   1.4729847908020000e+01
   3.2510000000000002e+02   1.3027086257934601e+01
   3.2530000000000001e+02   1.0573986053466800e+01
   3.5189999999999998e+02   3.7888145446777301e+01
   3.5210000000000002e+02   1.2848361206054699e+02
   3.5219999999999999e+02   5.1936851501464801e+01
   3.5230000000000001e+02   7.7536216735839801e+01
   3.5310000000000002e+02   2.3989776611328100e+01
   3.5330000000000001e+02   7.5177879333496094e+01
